ts,haerbin,jinan,shenyang,shijiazhuang,taiyuan,tianjin,wulanchabu
50,100.0,100.0,100.0,100.0,100.0,40.74,100.0
55,100.0,100.0,100.0,100.0,100.0,30.46,100.0
60,54.71,100.0,100.0,100.0,100.0,41.85,100.0
65,4.56,100.0,100.0,100.0,100.0,44.71,100.0
70,4.56,100.0,100.0,100.0,100.0,80.5,100.0
75,4.56,100.0,100.0,100.0,100.0,29.51,100.0
80,4.56,100.0,100.0,100.0,100.0,29.51,100.0
85,4.56,100.0,100.0,100.0,100.0,29.51,100.0
90,4.56,100.0,100.0,100.0,100.0,29.51,100.0
95,4.56,100.0,100.0,100.0,100.0,29.51,100.0
100,4.56,100.0,100.0,100.0,100.0,51.82,100.0
105,4.56,100.0,100.0,100.0,100.0,100.0,100.0
110,4.56,100.0,100.0,100.0,100.0,100.0,100.0
115,4.56,100.0,100.0,100.0,100.0,100.0,100.0
120,4.56,100.0,100.0,100.0,100.0,100.0,100.0
125,4.56,100.0,100.0,100.0,100.0,100.0,100.0
130,4.56,100.0,100.0,100.0,100.0,80.64,100.0
135,4.56,100.0,100.0,100.0,100.0,36.67,100.0
140,4.56,100.0,100.0,100.0,100.0,36.67,100.0
145,4.56,100.0,100.0,100.0,100.0,91.55,100.0
150,4.56,100.0,100.0,100.0,100.0,100.0,100.0
155,4.56,100.0,100.0,100.0,100.0,100.0,100.0
160,4.56,100.0,100.0,100.0,100.0,100.0,100.0
165,4.56,100.0,100.0,100.0,100.0,100.0,100.0
170,4.56,100.0,100.0,100.0,100.0,100.0,100.0
175,4.56,100.0,100.0,100.0,100.0,100.0,100.0
180,100.0,100.0,100.0,100.0,100.0,100.0,100.0
185,100.0,100.0,100.0,100.0,100.0,100.0,100.0
190,100.0,100.0,100.0,100.0,100.0,100.0,100.0
195,100.0,100.0,100.0,100.0,100.0,100.0,100.0
200,100.0,100.0,100.0,100.0,100.0,100.0,100.0
205,100.0,100.0,100.0,100.0,100.0,100.0,100.0
210,100.0,100.0,100.0,100.0,100.0,100.0,100.0
215,100.0,100.0,100.0,100.0,100.0,100.0,100.0
220,100.0,100.0,100.0,100.0,100.0,100.0,100.0
225,100.0,100.0,100.0,100.0,100.0,100.0,100.0
230,100.0,100.0,100.0,100.0,100.0,100.0,100.0
235,100.0,100.0,100.0,100.0,100.0,100.0,100.0
240,100.0,100.0,100.0,100.0,100.0,73.64,100.0
245,100.0,100.0,100.0,100.0,100.0,86.02,100.0
250,100.0,100.0,100.0,100.0,100.0,86.02,100.0
255,100.0,100.0,100.0,100.0,100.0,97.95,100.0
260,100.0,100.0,100.0,100.0,100.0,100.0,100.0
265,100.0,100.0,100.0,100.0,100.0,100.0,100.0
270,100.0,100.0,100.0,100.0,100.0,100.0,100.0
275,100.0,100.0,100.0,100.0,100.0,100.0,100.0
280,100.0,100.0,100.0,100.0,100.0,100.0,100.0
285,100.0,100.0,100.0,100.0,100.0,100.0,100.0
290,100.0,100.0,100.0,100.0,100.0,100.0,100.0
295,100.0,100.0,100.0,100.0,100.0,100.0,100.0
300,100.0,100.0,100.0,100.0,100.0,100.0,100.0
305,100.0,100.0,100.0,100.0,100.0,100.0,100.0
310,100.0,100.0,100.0,100.0,100.0,100.0,100.0
315,100.0,100.0,100.0,100.0,100.0,100.0,100.0
320,100.0,100.0,100.0,100.0,100.0,100.0,100.0
325,100.0,100.0,100.0,100.0,100.0,100.0,100.0
330,100.0,100.0,100.0,100.0,100.0,100.0,100.0
335,100.0,100.0,100.0,100.0,100.0,100.0,100.0
340,100.0,100.0,100.0,100.0,100.0,100.0,100.0
345,100.0,100.0,100.0,100.0,100.0,100.0,100.0
350,100.0,100.0,100.0,100.0,100.0,100.0,100.0
355,100.0,100.0,100.0,100.0,100.0,100.0,100.0
360,100.0,100.0,100.0,100.0,100.0,100.0,100.0
365,100.0,100.0,100.0,100.0,100.0,100.0,100.0
370,100.0,100.0,100.0,100.0,100.0,100.0,100.0
375,100.0,100.0,100.0,100.0,100.0,100.0,100.0
380,100.0,100.0,100.0,100.0,100.0,100.0,100.0
385,100.0,100.0,100.0,100.0,100.0,100.0,100.0
390,100.0,100.0,100.0,100.0,100.0,100.0,100.0
395,100.0,100.0,100.0,100.0,100.0,100.0,100.0
400,100.0,100.0,100.0,100.0,100.0,100.0,100.0
405,100.0,100.0,100.0,100.0,100.0,100.0,100.0
410,100.0,100.0,100.0,100.0,100.0,100.0,100.0
415,100.0,100.0,100.0,100.0,100.0,100.0,100.0
420,100.0,100.0,100.0,100.0,100.0,100.0,100.0
425,100.0,100.0,100.0,100.0,100.0,100.0,100.0
430,100.0,100.0,100.0,100.0,100.0,100.0,100.0
435,100.0,100.0,100.0,100.0,100.0,100.0,100.0
440,100.0,100.0,100.0,100.0,100.0,100.0,100.0
445,100.0,100.0,100.0,100.0,100.0,100.0,100.0
450,100.0,100.0,100.0,100.0,100.0,100.0,100.0
455,100.0,100.0,100.0,100.0,100.0,100.0,100.0
460,100.0,100.0,100.0,100.0,100.0,100.0,100.0
465,100.0,100.0,100.0,100.0,100.0,100.0,100.0
470,100.0,100.0,100.0,100.0,100.0,100.0,100.0
475,100.0,100.0,100.0,100.0,100.0,100.0,100.0
480,100.0,100.0,100.0,100.0,100.0,100.0,100.0
485,100.0,100.0,100.0,100.0,100.0,100.0,100.0
490,100.0,100.0,100.0,100.0,100.0,100.0,100.0
495,100.0,100.0,100.0,100.0,100.0,100.0,100.0
500,100.0,100.0,100.0,100.0,100.0,100.0,100.0
505,100.0,100.0,100.0,100.0,100.0,100.0,100.0
510,100.0,100.0,100.0,100.0,100.0,100.0,100.0
515,100.0,100.0,100.0,100.0,100.0,100.0,100.0
520,100.0,100.0,100.0,100.0,100.0,100.0,100.0
525,100.0,100.0,100.0,100.0,100.0,100.0,100.0
530,100.0,100.0,100.0,100.0,100.0,100.0,100.0
535,100.0,100.0,100.0,100.0,100.0,100.0,100.0
540,100.0,100.0,100.0,100.0,100.0,100.0,100.0
545,100.0,100.0,100.0,100.0,100.0,100.0,100.0
550,100.0,100.0,100.0,100.0,100.0,100.0,100.0
555,100.0,100.0,100.0,100.0,100.0,100.0,100.0
560,100.0,100.0,100.0,100.0,100.0,100.0,100.0
565,100.0,100.0,100.0,100.0,100.0,100.0,100.0
570,100.0,100.0,100.0,100.0,100.0,100.0,100.0
575,100.0,100.0,100.0,100.0,100.0,100.0,100.0
580,100.0,100.0,100.0,100.0,100.0,100.0,100.0
585,100.0,100.0,100.0,100.0,100.0,100.0,100.0
590,100.0,100.0,100.0,100.0,100.0,100.0,100.0
595,100.0,100.0,100.0,100.0,100.0,100.0,100.0
600,100.0,100.0,100.0,99.47,99.54,99.32,99.99
605,100.0,100.0,100.0,99.41,99.49,99.24,99.99
610,100.0,100.0,100.0,99.39,99.47,99.21,99.99
615,100.0,100.0,100.0,99.37,99.45,99.19,99.99
620,100.0,100.0,100.0,99.36,99.44,99.17,99.99
625,100.0,100.0,100.0,99.34,99.43,99.15,99.99
630,100.0,100.0,100.0,99.34,99.43,99.14,99.99
635,100.0,100.0,100.0,99.33,99.42,99.13,99.99
640,100.0,100.0,100.0,99.32,99.41,99.12,99.99
645,100.0,100.0,100.0,99.31,99.41,99.11,99.99
650,100.0,100.0,100.0,99.31,99.4,99.11,99.99
655,100.0,100.0,100.0,99.3,99.4,99.1,99.99
660,100.0,100.0,100.0,99.3,99.39,99.09,99.99
665,100.0,100.0,100.0,99.29,99.39,99.09,99.99
670,100.0,100.0,100.0,99.29,99.39,99.08,99.99
675,100.0,100.0,100.0,99.29,99.38,99.08,99.99
680,100.0,100.0,100.0,99.28,99.38,99.07,99.99
685,100.0,100.0,100.0,99.28,99.38,99.07,99.99
690,100.0,100.0,100.0,99.28,99.37,99.07,99.99
695,100.0,100.0,100.0,99.27,99.37,99.06,99.99
700,100.0,100.0,100.0,99.27,99.37,99.06,99.99
705,100.0,100.0,100.0,99.27,99.37,99.06,99.99
710,100.0,100.0,100.0,99.27,99.37,99.05,99.99
715,100.0,100.0,100.0,99.26,99.36,99.05,99.99
720,100.0,100.0,100.0,99.26,99.36,99.05,99.99
725,100.0,100.0,100.0,99.26,99.36,99.05,99.99
730,100.0,100.0,100.0,99.26,99.36,99.04,99.99
735,100.0,100.0,100.0,99.26,99.36,99.04,99.99
740,100.0,100.0,100.0,99.26,99.36,99.04,99.99
745,100.0,100.0,100.0,99.25,99.36,99.04,99.99
750,100.0,100.0,100.0,99.25,99.35,99.04,99.99
755,100.0,100.0,100.0,99.25,99.35,99.03,99.99
760,100.0,100.0,100.0,99.25,99.35,99.03,99.99
765,100.0,100.0,100.0,99.25,99.35,99.03,99.99
770,100.0,100.0,100.0,99.25,99.35,99.03,99.99
775,100.0,100.0,100.0,99.25,99.35,99.03,99.99
780,100.0,100.0,100.0,99.25,99.35,99.03,99.99
785,100.0,100.0,100.0,99.24,99.35,99.03,99.99
790,100.0,100.0,100.0,99.24,99.35,99.02,99.99
795,100.0,100.0,100.0,99.24,99.35,99.02,99.99
800,100.0,100.0,100.0,99.24,99.35,99.02,99.99
805,100.0,100.0,100.0,99.24,99.35,99.02,99.99
810,100.0,100.0,100.0,99.24,99.34,99.02,99.99
815,100.0,100.0,100.0,99.24,99.34,99.02,99.99
820,100.0,100.0,100.0,99.24,99.34,99.02,99.99
825,100.0,100.0,100.0,99.24,99.34,99.02,99.99
830,100.0,100.0,100.0,99.24,99.34,99.02,99.99
835,100.0,100.0,99.99,99.24,99.34,99.02,99.99
840,99.99,100.0,99.99,99.24,99.34,99.02,99.99
845,99.99,100.0,99.98,99.24,99.34,99.02,99.99
850,99.98,100.0,99.97,99.24,99.34,99.02,99.99
855,99.98,100.0,99.96,99.24,99.34,99.01,99.99
860,99.97,99.99,99.96,99.24,99.34,99.01,99.99
865,99.97,99.99,99.95,99.24,99.34,99.01,99.99
870,99.96,99.99,99.94,99.24,99.34,99.01,99.99
875,99.96,99.99,99.93,99.23,99.34,99.01,99.99
880,99.95,99.99,99.93,99.23,99.34,99.01,99.99
885,99.95,99.99,99.92,99.23,99.34,99.01,99.99
890,99.95,99.99,99.91,99.23,99.34,99.01,99.99
895,99.94,99.99,99.91,99.23,99.34,99.01,99.99
900,99.94,99.99,99.9,99.23,99.34,99.01,99.99
905,99.93,99.99,99.89,99.23,99.34,99.01,99.99
910,99.93,99.99,99.89,99.23,99.34,99.01,99.99
915,99.93,99.99,99.88,99.23,99.34,99.01,99.99
920,99.92,99.98,99.87,99.23,99.34,99.01,99.99
925,99.92,99.98,99.87,99.23,99.34,99.01,99.99
930,99.91,99.98,99.86,99.23,99.34,99.01,99.99
935,99.91,99.98,99.85,99.23,99.34,99.01,99.99
940,99.91,99.98,99.85,99.23,99.34,99.01,99.99
945,99.9,99.98,99.84,99.23,99.34,99.01,99.99
950,99.9,99.98,99.84,99.23,99.34,99.01,99.99
955,99.9,99.98,99.83,99.23,99.34,99.01,99.99
960,99.89,99.98,99.83,99.23,99.34,99.01,99.99
965,99.89,99.98,99.82,99.23,99.34,99.01,99.99
970,99.88,99.98,99.81,99.23,99.34,99.01,99.99
975,99.88,99.98,99.81,99.23,99.34,99.01,99.99
980,99.88,99.98,99.8,99.23,99.34,99.01,99.99
985,99.87,99.98,99.8,99.23,99.34,99.01,99.99
990,99.87,99.97,99.79,99.23,99.34,99.01,99.99
995,99.87,99.97,99.79,99.23,99.34,99.01,99.99
1000,99.86,99.97,99.78,99.23,99.34,99.01,99.99
1005,99.86,99.97,99.78,99.23,99.34,99.01,99.99
1010,99.86,99.97,99.77,99.23,99.34,99.01,99.99
1015,99.86,99.97,99.77,99.23,99.34,99.01,99.99
1020,99.85,99.97,99.76,99.23,99.34,99.01,99.99
1025,99.85,99.97,99.76,99.23,99.34,99.01,99.99
1030,99.85,99.97,99.75,99.23,99.34,99.01,99.99
1035,99.84,99.97,99.75,99.23,99.34,99.01,99.99
1040,99.84,99.97,99.74,99.23,99.34,99.01,99.99
1045,99.84,99.97,99.74,99.23,99.34,99.01,99.99
1050,99.83,99.97,99.73,99.23,99.34,99.01,99.99
1055,99.83,99.97,99.73,99.23,99.34,99.01,99.99
1060,99.83,99.97,99.72,99.23,99.34,99.01,99.99
1065,99.83,99.97,99.72,99.23,99.34,99.01,99.99
1070,99.82,99.97,99.71,99.23,99.34,99.01,99.99
1075,99.82,99.96,99.71,99.23,99.34,99.01,99.99
1080,99.82,99.96,99.71,99.23,99.34,99.01,99.99
1085,99.81,99.96,99.7,99.23,99.34,99.01,99.99
1090,99.81,99.96,99.7,99.23,99.34,99.01,99.99
1095,99.81,99.96,99.69,99.23,99.34,99.01,99.99
1100,99.81,99.96,99.69,99.23,99.34,99.01,99.99
1105,99.8,99.96,99.68,99.23,99.34,99.01,99.99
1110,99.8,99.96,99.68,99.23,99.34,99.01,99.99
1115,99.8,99.96,99.68,99.23,99.34,99.01,99.99
1120,99.8,99.96,99.67,99.23,99.34,99.01,99.99
1125,99.79,99.96,99.67,99.23,99.34,99.01,99.99
1130,99.79,99.96,99.66,99.23,99.34,99.01,99.99
1135,99.79,99.96,99.66,99.23,99.34,99.01,99.99
1140,99.79,99.96,99.66,99.23,99.34,99.01,99.99
1145,99.78,99.96,99.65,99.23,99.34,99.01,99.99
1150,99.78,99.96,99.65,99.23,99.34,99.01,99.99
1155,99.78,99.96,99.64,99.23,99.34,99.01,99.99
1160,99.78,99.96,99.64,99.23,99.34,99.01,99.99
1165,99.77,99.96,99.64,99.23,99.34,99.01,99.99
1170,99.77,99.96,99.63,99.23,99.34,99.01,99.99
1175,99.77,99.95,99.63,99.23,99.34,99.01,99.99
1180,99.77,99.95,99.63,99.23,99.34,99.01,99.99
1185,99.77,99.95,99.62,99.23,99.34,99.01,99.99
1190,99.76,99.95,99.62,99.23,99.34,99.01,99.99
1195,99.76,99.95,99.62,99.23,99.34,99.01,99.99
1200,99.88,99.96,100.0,99.66,98.04,98.24,99.97
1205,99.88,99.96,100.0,99.66,98.01,98.23,99.97
1210,99.88,99.95,100.0,99.66,97.98,98.22,99.97
1215,99.87,99.95,100.0,99.66,97.95,98.21,99.97
1220,99.87,99.95,100.0,99.66,97.93,98.2,99.97
1225,99.86,99.95,100.0,99.66,97.9,98.19,99.97
1230,99.86,99.95,100.0,99.66,97.88,98.18,99.97
1235,99.86,99.95,100.0,99.66,97.86,98.18,99.97
1240,99.85,99.95,100.0,99.65,97.84,98.17,99.97
1245,99.85,99.95,100.0,99.65,97.82,98.16,99.97
1250,99.85,99.95,100.0,99.65,97.81,98.15,99.97
1255,99.84,99.95,100.0,99.65,97.79,98.15,99.97
1260,99.84,99.95,100.0,99.65,97.78,98.14,99.97
1265,99.84,99.95,100.0,99.65,97.76,98.13,99.97
1270,99.83,99.95,100.0,99.65,97.75,98.13,99.97
1275,99.83,99.95,100.0,99.65,97.73,98.12,99.97
1280,99.82,99.95,100.0,99.65,97.72,98.11,99.97
1285,99.82,99.95,100.0,99.65,97.71,98.11,99.97
1290,99.82,99.95,100.0,99.64,97.69,98.1,99.97
1295,99.81,99.95,100.0,99.64,97.68,98.1,99.97
1300,99.81,99.95,100.0,99.64,97.67,98.09,99.97
1305,99.81,99.95,100.0,99.64,97.66,98.09,99.97
1310,99.81,99.95,100.0,99.64,97.65,98.08,99.97
1315,99.8,99.95,100.0,99.64,97.64,98.08,99.97
1320,99.8,99.95,100.0,99.64,97.63,98.07,99.97
1325,99.8,99.95,100.0,99.64,97.62,98.07,99.97
1330,99.79,99.94,100.0,99.64,97.61,98.06,99.97
1335,99.79,99.94,100.0,99.63,97.6,98.06,99.97
1340,99.79,99.94,100.0,99.63,97.59,98.05,99.97
1345,99.78,99.94,100.0,99.63,97.58,98.05,99.97
1350,99.78,99.94,100.0,99.63,97.57,98.04,99.97
1355,99.78,99.94,100.0,99.63,97.57,98.04,99.97
1360,99.77,99.94,99.99,99.63,97.56,98.04,99.97
1365,99.77,99.94,99.98,99.63,97.55,98.03,99.97
1370,99.77,99.94,99.97,99.63,97.54,98.03,99.97
1375,99.77,99.94,99.95,99.63,97.54,98.02,99.97
1380,99.76,99.94,99.94,99.63,97.53,98.02,99.97
1385,99.76,99.94,99.93,99.62,97.52,98.02,99.97
1390,99.76,99.94,99.91,99.62,97.51,98.01,99.97
1395,99.75,99.94,99.9,99.62,97.51,98.01,99.97
1400,99.75,99.94,99.89,99.62,97.5,98.0,99.97
1405,99.75,99.94,99.87,99.62,97.49,98.0,99.97
1410,99.75,99.94,99.86,99.62,97.49,98.0,99.97
1415,99.74,99.94,99.85,99.62,97.48,97.99,99.97
1420,99.74,99.94,99.84,99.62,97.47,97.99,99.97
1425,99.74,99.94,99.82,99.62,97.47,97.99,99.97
1430,99.74,99.94,99.81,99.62,97.46,97.98,99.97
1435,99.73,99.94,99.8,99.62,97.46,97.98,99.97
1440,99.73,99.94,99.79,99.61,97.45,97.98,99.97
1445,99.73,99.94,99.78,99.61,97.45,97.97,99.97
1450,99.72,99.94,99.76,99.61,97.44,97.97,99.97
1455,99.72,99.94,99.75,99.61,97.43,97.97,99.97
1460,99.72,99.94,99.74,99.61,97.43,97.97,99.97
1465,99.72,99.94,99.73,99.61,97.42,97.96,99.97
1470,99.71,99.93,99.72,99.61,97.42,97.96,99.97
1475,99.71,99.93,99.71,99.61,97.41,97.96,99.97
1480,99.71,99.93,99.7,99.61,97.41,97.95,99.97
1485,99.71,99.93,99.69,99.61,97.4,97.95,99.97
1490,99.7,99.93,99.67,99.61,97.4,97.95,99.97
1495,99.7,99.93,99.66,99.6,97.39,97.95,99.97
1500,99.7,99.93,99.65,99.6,97.39,97.94,99.97
1505,99.7,99.93,99.64,99.6,97.38,97.94,99.97
1510,99.69,99.93,99.63,99.6,97.38,97.94,99.97
1515,99.69,99.93,99.62,99.6,97.38,97.94,99.97
1520,99.69,99.93,99.61,99.6,97.37,97.93,99.97
1525,99.69,99.93,99.6,99.6,97.37,97.93,99.97
1530,99.69,99.93,99.59,99.6,97.36,97.93,99.97
1535,99.68,99.93,99.58,99.6,97.36,97.93,99.97
1540,99.68,99.93,99.57,99.6,97.35,97.92,99.97
1545,99.68,99.93,99.56,99.6,97.35,97.92,99.97
1550,99.68,99.93,99.55,99.6,97.35,97.92,99.97
1555,99.67,99.93,99.54,99.59,97.34,97.92,99.97
1560,99.67,99.93,99.53,99.59,97.34,97.91,99.97
1565,99.67,99.93,99.52,99.59,97.33,97.91,99.97
1570,99.67,99.93,99.51,99.59,97.33,97.91,99.97
1575,99.66,99.93,99.5,99.59,97.33,97.91,99.97
1580,99.66,99.93,99.49,99.59,97.32,97.91,99.97
1585,99.66,99.93,99.49,99.59,97.32,97.9,99.97
1590,99.66,99.93,99.48,99.59,97.32,97.9,99.97
1595,99.66,99.93,99.47,99.59,97.31,97.9,99.97
1600,99.65,99.93,99.46,99.59,97.31,97.9,99.97
1605,99.65,99.93,99.45,99.59,97.31,97.89,99.97
1610,99.65,99.93,99.44,99.59,97.3,97.89,99.97
1615,99.65,99.93,99.43,99.58,97.3,97.89,99.97
1620,99.65,99.93,99.42,99.58,97.29,97.89,99.97
1625,99.64,99.93,99.41,99.58,97.29,97.89,99.97
1630,99.64,99.93,99.4,99.58,97.29,97.88,99.97
1635,99.64,99.92,99.4,99.58,97.28,97.88,99.97
1640,99.64,99.92,99.39,99.58,97.28,97.88,99.97
1645,99.64,99.92,99.38,99.58,97.28,97.88,99.97
1650,99.63,99.92,99.37,99.58,97.28,97.88,99.97
1655,99.63,99.92,99.36,99.58,97.27,97.88,99.97
1660,99.63,99.92,99.35,99.58,97.27,97.87,99.97
1665,99.63,99.92,99.35,99.58,97.27,97.87,99.97
1670,99.63,99.92,99.34,99.58,97.26,97.87,99.97
1675,99.62,99.92,99.33,99.58,97.26,97.87,99.97
1680,99.62,99.92,99.32,99.57,97.26,97.87,99.97
1685,99.62,99.92,99.31,99.57,97.25,97.86,99.97
1690,99.62,99.92,99.31,99.57,97.25,97.86,99.97
1695,99.62,99.92,99.3,99.57,97.25,97.86,99.97
1700,99.61,99.92,99.29,99.57,97.24,97.86,99.97
1705,99.61,99.92,99.28,99.57,97.24,97.86,99.97
1710,99.61,99.92,99.27,99.57,97.24,97.86,99.97
1715,99.61,99.92,99.27,99.57,97.24,97.85,99.97
1720,99.61,99.92,99.26,99.57,97.23,97.85,99.97
1725,99.6,99.92,99.25,99.57,97.23,97.85,99.97
1730,99.6,99.92,99.24,99.57,97.23,97.85,99.97
1735,99.6,99.92,99.24,99.57,97.23,97.85,99.97
1740,99.6,99.92,99.23,99.57,97.22,97.85,99.97
1745,99.6,99.92,99.22,99.57,97.22,97.84,99.97
1750,99.59,99.92,99.21,99.56,97.22,97.84,99.97
1755,99.59,99.92,99.21,99.56,97.21,97.84,99.97
1760,99.59,99.92,99.2,99.56,97.21,97.84,99.97
1765,99.59,99.92,99.19,99.56,97.21,97.84,99.97
1770,99.59,99.92,99.18,99.56,97.21,97.84,99.97
1775,99.59,99.92,99.18,99.56,97.2,97.83,99.97
1780,99.58,99.92,99.17,99.56,97.2,97.83,99.97
1785,99.58,99.92,99.16,99.56,97.2,97.83,99.97
1790,99.58,99.92,99.16,99.56,97.2,97.83,99.97
1795,99.58,99.92,99.15,99.56,97.19,97.83,99.97
1800,99.3,99.87,98.52,98.23,95.85,96.83,99.94
1805,99.3,99.87,98.52,98.21,95.83,96.82,99.94
1810,99.3,99.87,98.52,98.19,95.81,96.81,99.94
1815,99.3,99.87,98.51,98.17,95.79,96.79,99.94
1820,99.3,99.87,98.51,98.16,95.77,96.78,99.94
1825,99.3,99.87,98.51,98.14,95.75,96.77,99.94
1830,99.3,99.87,98.51,98.13,95.74,96.76,99.94
1835,99.3,99.87,98.51,98.11,95.72,96.75,99.94
1840,99.3,99.87,98.51,98.1,95.7,96.74,99.94
1845,99.3,99.87,98.5,98.09,95.69,96.73,99.94
1850,99.3,99.87,98.5,98.07,95.67,96.72,99.94
1855,99.3,99.87,98.5,98.06,95.66,96.71,99.94
1860,99.3,99.87,98.5,98.05,95.64,96.69,99.94
1865,99.3,99.87,98.5,98.04,95.63,96.68,99.94
1870,99.3,99.87,98.5,98.03,95.61,96.67,99.94
1875,99.3,99.87,98.49,98.02,95.6,96.66,99.94
1880,99.3,99.87,98.49,98.0,95.58,96.66,99.94
1885,99.3,99.87,98.49,97.99,95.57,96.65,99.94
1890,99.3,99.87,98.49,97.98,95.55,96.64,99.94
1895,99.3,99.87,98.49,97.97,95.54,96.63,99.94
1900,99.3,99.87,98.48,97.96,95.53,96.62,99.94
1905,99.3,99.87,98.48,97.95,95.51,96.61,99.94
1910,99.3,99.87,98.48,97.94,95.5,96.6,99.94
1915,99.3,99.87,98.48,97.94,95.49,96.59,99.94
1920,99.29,99.87,98.48,97.93,95.48,96.58,99.94
1925,99.29,99.87,98.48,97.92,95.46,96.57,99.94
1930,99.29,99.87,98.47,97.91,95.45,96.57,99.94
1935,99.29,99.87,98.47,97.9,95.44,96.56,99.94
1940,99.29,99.87,98.47,97.89,95.43,96.55,99.94
1945,99.29,99.87,98.47,97.88,95.42,96.54,99.94
1950,99.29,99.87,98.47,97.88,95.4,96.53,99.94
1955,99.29,99.87,98.47,97.87,95.39,96.52,99.94
1960,99.29,99.87,98.46,97.86,95.38,96.52,99.94
1965,99.29,99.87,98.46,97.85,95.37,96.51,99.94
1970,99.29,99.87,98.46,97.85,95.36,96.5,99.93
1975,99.29,99.87,98.46,97.84,95.35,96.49,99.93
1980,99.29,99.87,98.46,97.83,95.34,96.49,99.93
1985,99.29,99.87,98.46,97.82,95.33,96.48,99.93
1990,99.29,99.87,98.45,97.82,95.32,96.47,99.93
1995,99.29,99.87,98.45,97.81,95.31,96.46,99.93
2000,99.29,99.87,98.45,97.8,95.29,96.46,99.93
2005,99.29,99.87,98.45,97.8,95.28,96.45,99.93
2010,99.29,99.87,98.45,97.79,95.27,96.44,99.93
2015,99.29,99.87,98.45,97.78,95.26,96.44,99.93
2020,99.29,99.87,98.44,97.78,95.25,96.43,99.93
2025,99.29,99.87,98.44,97.77,95.25,96.42,99.93
2030,99.29,99.87,98.44,97.76,95.24,96.42,99.93
2035,99.29,99.87,98.44,97.76,95.23,96.41,99.93
2040,99.29,99.87,98.44,97.75,95.22,96.4,99.93
2045,99.29,99.87,98.44,97.75,95.21,96.4,99.93
2050,99.29,99.87,98.43,97.74,95.2,96.39,99.93
2055,99.29,99.87,98.43,97.73,95.19,96.38,99.93
2060,99.29,99.87,98.43,97.73,95.18,96.38,99.93
2065,99.29,99.87,98.43,97.72,95.17,96.37,99.93
2070,99.29,99.87,98.43,97.72,95.16,96.37,99.93
2075,99.29,99.87,98.43,97.71,95.15,96.36,99.93
2080,99.29,99.87,98.42,97.71,95.14,96.35,99.93
2085,99.29,99.87,98.42,97.7,95.14,96.35,99.93
2090,99.29,99.87,98.42,97.69,95.13,96.34,99.93
2095,99.29,99.87,98.42,97.69,95.12,96.33,99.93
2100,99.29,99.87,98.42,97.68,95.11,96.33,99.93
2105,99.29,99.87,98.42,97.68,95.1,96.32,99.93
2110,99.29,99.87,98.42,97.67,95.09,96.32,99.93
2115,99.29,99.87,98.41,97.67,95.09,96.31,99.93
2120,99.29,99.87,98.41,97.66,95.08,96.31,99.93
2125,99.29,99.87,98.41,97.66,95.07,96.3,99.93
2130,99.29,99.87,98.41,97.65,95.06,96.29,99.93
2135,99.29,99.87,98.41,97.65,95.05,96.29,99.93
2140,99.29,99.87,98.41,97.64,95.05,96.28,99.93
2145,99.29,99.87,98.4,97.64,95.04,96.28,99.93
2150,99.29,99.87,98.4,97.63,95.03,96.27,99.93
2155,99.28,99.87,98.4,97.63,95.02,96.27,99.93
2160,99.28,99.87,98.4,97.62,95.02,96.26,99.93
2165,99.28,99.87,98.4,97.62,95.01,96.26,99.93
2170,99.28,99.87,98.4,97.62,95.0,96.25,99.93
2175,99.28,99.87,98.39,97.61,94.99,96.25,99.93
2180,99.28,99.87,98.39,97.61,94.99,96.24,99.93
2185,99.28,99.87,98.39,97.6,94.98,96.24,99.93
2190,99.28,99.87,98.39,97.6,94.97,96.23,99.93
2195,99.28,99.87,98.39,97.59,94.96,96.23,99.93
2200,99.28,99.87,98.39,97.59,94.96,96.22,99.93
2205,99.28,99.87,98.39,97.58,94.95,96.22,99.93
2210,99.28,99.87,98.38,97.58,94.94,96.21,99.93
2215,99.28,99.87,98.38,97.58,94.94,96.21,99.93
2220,99.28,99.87,98.38,97.57,94.93,96.2,99.93
2225,99.28,99.87,98.38,97.57,94.92,96.2,99.93
2230,99.28,99.87,98.38,97.56,94.91,96.19,99.93
2235,99.28,99.87,98.38,97.56,94.91,96.19,99.93
2240,99.28,99.87,98.38,97.56,94.9,96.18,99.93
2245,99.28,99.87,98.37,97.55,94.89,96.18,99.93
2250,99.28,99.87,98.37,97.55,94.89,96.17,99.93
2255,99.28,99.87,98.37,97.54,94.88,96.17,99.93
2260,99.28,99.87,98.37,97.54,94.87,96.16,99.93
2265,99.28,99.87,98.37,97.54,94.87,96.16,99.93
2270,99.28,99.87,98.37,97.53,94.86,96.15,99.93
2275,99.28,99.87,98.36,97.53,94.86,96.15,99.93
2280,99.28,99.87,98.36,97.52,94.85,96.14,99.93
2285,99.28,99.87,98.36,97.52,94.84,96.14,99.93
2290,99.28,99.87,98.36,97.52,94.84,96.14,99.93
2295,99.28,99.87,98.36,97.51,94.83,96.13,99.93
2300,99.28,99.87,98.36,97.51,94.82,96.13,99.93
2305,99.28,99.87,98.36,97.51,94.82,96.12,99.93
2310,99.28,99.87,98.35,97.5,94.81,96.12,99.93
2315,99.28,99.87,98.35,97.5,94.81,96.11,99.93
2320,99.28,99.87,98.35,97.49,94.8,96.11,99.93
2325,99.28,99.87,98.35,97.49,94.79,96.11,99.93
2330,99.28,99.87,98.35,97.49,94.79,96.1,99.93
2335,99.28,99.87,98.35,97.48,94.78,96.1,99.93
2340,99.28,99.87,98.35,97.48,94.78,96.09,99.93
2345,99.28,99.87,98.34,97.48,94.77,96.09,99.93
2350,99.28,99.87,98.34,97.47,94.76,96.08,99.93
2355,99.28,99.87,98.34,97.47,94.76,96.08,99.93
2360,99.28,99.87,98.34,97.47,94.75,96.08,99.93
2365,99.27,99.87,98.34,97.46,94.75,96.07,99.93
2370,99.27,99.87,98.34,97.46,94.74,96.07,99.93
2375,99.27,99.87,98.34,97.46,94.73,96.06,99.93
2380,99.27,99.87,98.33,97.45,94.73,96.06,99.93
2385,99.27,99.87,98.33,97.45,94.72,96.06,99.93
2390,99.27,99.87,98.33,97.45,94.72,96.05,99.92
2395,99.27,99.87,98.33,97.44,94.71,96.05,99.92
2400,99.8,99.73,97.51,96.75,93.18,95.03,99.9
2405,99.8,99.73,97.51,96.74,93.16,95.02,99.9
2410,99.79,99.73,97.5,96.73,93.14,95.0,99.9
2415,99.79,99.73,97.5,96.72,93.12,94.99,99.9
2420,99.78,99.73,97.5,96.71,93.1,94.98,99.9
2425,99.78,99.72,97.5,96.7,93.08,94.96,99.9
2430,99.78,99.72,97.5,96.68,93.06,94.95,99.9
2435,99.77,99.72,97.5,96.67,93.04,94.94,99.9
2440,99.77,99.72,97.5,96.66,93.02,94.92,99.9
2445,99.76,99.72,97.5,96.65,93.0,94.91,99.9
2450,99.76,99.72,97.5,96.64,92.98,94.9,99.9
2455,99.75,99.72,97.49,96.63,92.96,94.89,99.9
2460,99.75,99.72,97.49,96.63,92.94,94.87,99.9
2465,99.74,99.72,97.49,96.62,92.92,94.86,99.89
2470,99.74,99.71,97.49,96.61,92.9,94.85,99.89
2475,99.74,99.71,97.49,96.6,92.88,94.84,99.89
2480,99.73,99.71,97.49,96.59,92.87,94.82,99.89
2485,99.73,99.71,97.49,96.58,92.85,94.81,99.89
2490,99.72,99.71,97.49,96.57,92.83,94.8,99.89
2495,99.72,99.71,97.49,96.56,92.81,94.79,99.89
2500,99.72,99.71,97.48,96.55,92.8,94.78,99.89
2505,99.71,99.71,97.49,96.55,92.78,94.77,99.89
2510,99.71,99.71,97.49,96.54,92.77,94.76,99.89
2515,99.71,99.71,97.49,96.53,92.76,94.76,99.89
2520,99.7,99.71,97.49,96.53,92.75,94.75,99.89
2525,99.7,99.71,97.49,96.52,92.74,94.74,99.89
2530,99.7,99.71,97.49,96.52,92.73,94.74,99.89
2535,99.69,99.7,97.49,96.51,92.72,94.73,99.89
2540,99.69,99.7,97.5,96.5,92.71,94.72,99.89
2545,99.69,99.7,97.5,96.5,92.7,94.72,99.89
2550,99.69,99.7,97.5,96.49,92.69,94.71,99.89
2555,99.68,99.7,97.5,96.49,92.68,94.7,99.89
2560,99.68,99.7,97.5,96.48,92.67,94.7,99.89
2565,99.68,99.7,97.5,96.48,92.66,94.69,99.89
2570,99.68,99.7,97.51,96.47,92.65,94.69,99.89
2575,99.67,99.7,97.51,96.47,92.64,94.68,99.89
2580,99.67,99.7,97.51,96.47,92.63,94.68,99.89
2585,99.67,99.7,97.51,96.46,92.62,94.67,99.89
2590,99.67,99.7,97.51,96.46,92.61,94.67,99.89
2595,99.66,99.7,97.51,96.45,92.6,94.66,99.89
2600,99.66,99.7,97.52,96.45,92.6,94.65,99.89
2605,99.66,99.7,97.52,96.44,92.59,94.65,99.89
2610,99.65,99.7,97.52,96.44,92.58,94.64,99.89
2615,99.65,99.7,97.52,96.43,92.57,94.64,99.89
2620,99.65,99.7,97.52,96.43,92.56,94.63,99.89
2625,99.65,99.7,97.52,96.43,92.56,94.63,99.89
2630,99.65,99.69,97.52,96.42,92.55,94.63,99.89
2635,99.64,99.69,97.53,96.42,92.54,94.62,99.89
2640,99.64,99.69,97.53,96.41,92.53,94.62,99.89
2645,99.64,99.69,97.53,96.41,92.53,94.61,99.89
2650,99.64,99.69,97.53,96.41,92.52,94.61,99.89
2655,99.63,99.69,97.53,96.4,92.51,94.6,99.89
2660,99.63,99.69,97.53,96.4,92.51,94.6,99.89
2665,99.63,99.69,97.54,96.4,92.5,94.6,99.89
2670,99.63,99.69,97.54,96.39,92.49,94.59,99.89
2675,99.62,99.69,97.54,96.39,92.49,94.59,99.89
2680,99.62,99.69,97.54,96.39,92.48,94.58,99.89
2685,99.62,99.69,97.54,96.38,92.47,94.58,99.89
2690,99.62,99.69,97.54,96.38,92.47,94.58,99.89
2695,99.62,99.69,97.54,96.38,92.46,94.57,99.89
2700,99.61,99.69,97.55,96.37,92.46,94.57,99.89
2705,99.61,99.69,97.55,96.37,92.45,94.57,99.89
2710,99.61,99.69,97.55,96.37,92.45,94.56,99.89
2715,99.61,99.69,97.55,96.37,92.44,94.56,99.89
2720,99.61,99.69,97.55,96.36,92.43,94.56,99.89
2725,99.6,99.69,97.55,96.36,92.43,94.55,99.89
2730,99.6,99.69,97.56,96.36,92.42,94.55,99.89
2735,99.6,99.69,97.56,96.35,92.42,94.55,99.89
2740,99.6,99.69,97.56,96.35,92.41,94.54,99.89
2745,99.59,99.69,97.56,96.35,92.41,94.54,99.89
2750,99.59,99.69,97.56,96.35,92.4,94.54,99.89
2755,99.59,99.69,97.56,96.34,92.4,94.53,99.89
2760,99.59,99.69,97.56,96.34,92.39,94.53,99.89
2765,99.59,99.69,97.57,96.34,92.39,94.53,99.89
2770,99.59,99.69,97.57,96.34,92.39,94.53,99.89
2775,99.58,99.69,97.57,96.33,92.38,94.52,99.89
2780,99.58,99.68,97.57,96.33,92.38,94.52,99.88
2785,99.58,99.68,97.57,96.33,92.37,94.52,99.88
2790,99.58,99.68,97.57,96.33,92.37,94.52,99.88
2795,99.58,99.68,97.57,96.33,92.36,94.51,99.88
2800,99.57,99.68,97.58,96.32,92.36,94.51,99.88
2805,99.57,99.68,97.58,96.32,92.36,94.51,99.88
2810,99.57,99.68,97.58,96.32,92.35,94.51,99.88
2815,99.57,99.68,97.58,96.32,92.35,94.5,99.88
2820,99.57,99.68,97.58,96.32,92.35,94.5,99.88
2825,99.57,99.68,97.58,96.31,92.34,94.5,99.88
2830,99.56,99.68,97.59,96.31,92.34,94.5,99.88
2835,99.56,99.68,97.59,96.31,92.33,94.5,99.88
2840,99.56,99.68,97.59,96.31,92.33,94.49,99.88
2845,99.56,99.68,97.59,96.31,92.33,94.49,99.88
2850,99.56,99.68,97.59,96.3,92.32,94.49,99.88
2855,99.55,99.68,97.59,96.3,92.32,94.49,99.88
2860,99.55,99.68,97.59,96.3,92.32,94.49,99.88
2865,99.55,99.68,97.6,96.3,92.32,94.49,99.88
2870,99.55,99.68,97.6,96.3,92.31,94.48,99.88
2875,99.55,99.68,97.6,96.3,92.31,94.48,99.88
2880,99.55,99.68,97.6,96.29,92.31,94.48,99.88
2885,99.54,99.68,97.6,96.29,92.3,94.48,99.88
2890,99.54,99.68,97.6,96.29,92.3,94.48,99.88
2895,99.54,99.68,97.61,96.29,92.3,94.48,99.88
2900,99.54,99.68,97.61,96.29,92.3,94.47,99.88
2905,99.54,99.68,97.61,96.29,92.29,94.47,99.88
2910,99.54,99.68,97.61,96.29,92.29,94.47,99.88
2915,99.54,99.68,97.61,96.28,92.29,94.47,99.88
2920,99.53,99.68,97.61,96.28,92.29,94.47,99.88
2925,99.53,99.68,97.61,96.28,92.28,94.47,99.88
2930,99.53,99.68,97.62,96.28,92.28,94.47,99.88
2935,99.53,99.68,97.62,96.28,92.28,94.46,99.88
2940,99.53,99.68,97.62,96.28,92.28,94.46,99.88
2945,99.53,99.68,97.62,96.28,92.27,94.46,99.88
2950,99.53,99.68,97.62,96.28,92.27,94.46,8.05
2955,99.52,99.68,97.62,96.28,92.27,94.46,0.36
2960,99.52,99.68,97.62,96.27,92.27,94.46,0.36
2965,99.52,99.68,97.63,96.27,92.27,94.46,0.36
2970,99.52,99.68,97.63,96.27,92.26,94.46,0.36
2975,99.52,99.68,97.63,96.27,92.26,94.46,0.36
2980,99.52,99.68,97.63,96.27,92.26,94.46,0.36
2985,99.52,99.68,97.63,96.27,92.26,94.45,0.36
2990,99.51,99.68,97.63,96.27,92.26,94.45,0.36
2995,99.51,99.68,97.63,96.27,92.26,94.45,0.36
3000,99.88,99.5,96.87,93.51,90.57,93.49,0.32
3005,99.87,99.5,96.86,93.47,90.56,93.48,0.32
3010,99.87,99.5,96.86,93.43,90.54,93.47,0.32
3015,99.86,99.5,96.86,93.4,90.53,93.46,0.32
3020,99.86,99.5,96.86,93.36,90.51,93.46,0.32
3025,99.85,99.49,96.86,93.32,90.5,93.45,0.32
3030,99.85,99.49,96.85,93.29,90.48,93.44,0.32
3035,99.84,99.49,96.85,93.25,90.47,93.43,0.32
3040,99.84,99.49,96.85,93.22,90.45,93.43,0.32
3045,99.83,99.49,96.85,93.19,90.44,93.42,0.32
3050,99.83,99.48,96.84,93.15,90.43,93.41,0.32
3055,99.82,99.48,96.84,93.12,90.41,93.4,0.32
3060,99.82,99.48,96.84,93.09,90.4,93.4,0.32
3065,99.81,99.48,96.84,93.06,90.39,93.39,0.32
3070,99.81,99.48,96.84,93.03,90.37,93.38,0.32
3075,99.8,99.48,96.83,93.01,90.36,93.38,0.32
3080,99.8,99.47,96.83,92.98,90.35,93.37,0.32
3085,99.79,99.47,96.83,92.95,90.34,93.36,0.32
3090,99.79,99.47,96.83,92.92,90.32,93.36,0.32
3095,99.78,99.47,96.83,92.9,90.31,93.35,0.32
3100,99.78,99.47,96.82,92.87,90.3,93.35,0.32
3105,99.77,99.47,96.82,92.85,90.29,93.34,0.32
3110,99.77,99.46,96.82,92.82,90.28,93.33,0.32
3115,99.76,99.46,96.82,92.8,90.27,93.33,0.32
3120,99.76,99.46,96.82,92.77,90.25,93.32,0.32
3125,99.75,99.46,96.81,92.75,90.24,93.32,0.32
3130,99.75,99.46,96.81,92.73,90.23,93.31,0.32
3135,99.75,99.46,96.81,92.7,90.22,93.3,0.32
3140,99.74,99.46,96.81,92.68,90.21,93.3,0.32
3145,99.74,99.45,96.81,92.66,90.2,93.29,0.32
3150,99.73,99.45,96.81,92.64,90.19,93.29,21.52
3155,99.73,99.45,96.81,92.62,90.18,93.28,48.76
3160,99.72,99.45,96.8,92.6,90.17,93.28,48.76
3165,99.72,99.45,96.8,92.58,90.16,93.27,48.76
3170,99.72,99.45,96.8,92.56,90.15,93.27,48.76
3175,99.71,99.45,96.8,92.54,90.14,93.26,48.76
3180,99.71,99.45,96.8,92.52,90.13,93.26,48.74
3185,99.7,99.44,96.8,92.5,90.12,93.25,48.76
3190,99.7,99.44,96.8,92.48,90.11,93.25,48.76
3195,99.7,99.44,96.79,92.46,90.11,93.24,48.75
3200,99.69,99.44,96.79,92.45,90.1,93.24,48.75
3205,99.69,99.44,96.79,92.43,90.09,93.24,48.75
3210,99.68,99.44,96.79,92.41,90.08,93.23,48.75
3215,99.68,99.44,96.79,92.39,90.07,93.23,48.75
3220,99.68,99.44,96.79,92.38,90.06,93.22,48.75
3225,99.67,99.44,96.79,92.36,90.05,93.22,48.75
3230,99.67,99.43,96.79,92.34,90.05,93.21,48.75
3235,99.66,99.43,96.78,92.33,90.04,93.21,48.75
3240,99.66,99.43,96.78,92.31,90.03,93.21,48.75
3245,99.66,99.43,96.78,92.3,90.02,93.2,48.75
3250,99.65,99.43,96.78,92.28,90.02,93.2,48.75
3255,99.65,99.43,96.78,92.27,90.01,93.19,48.75
3260,99.65,99.43,96.78,92.25,90.0,93.19,48.75
3265,99.64,99.43,96.78,92.24,89.99,93.19,48.75
3270,99.64,99.43,96.78,92.22,89.99,93.18,48.75
3275,99.64,99.43,96.78,92.21,89.98,93.18,48.75
3280,99.63,99.42,96.77,92.19,89.97,93.18,48.74
3285,99.63,99.42,96.77,92.18,89.96,93.17,48.74
3290,99.62,99.42,96.77,92.17,89.96,93.17,48.74
3295,99.62,99.42,96.77,92.15,89.95,93.17,48.74
3300,99.62,99.42,96.77,92.14,89.94,93.16,48.74
3305,99.61,99.42,96.77,92.13,89.94,93.16,48.74
3310,99.61,99.42,96.77,92.11,89.93,93.16,48.74
3315,99.61,99.42,96.77,92.1,89.93,93.15,48.74
3320,99.6,99.42,96.77,92.09,89.92,93.15,48.74
3325,99.6,99.42,96.77,92.07,89.91,93.15,48.74
3330,99.6,99.42,96.77,92.06,89.91,93.14,48.74
3335,99.59,99.42,96.77,92.05,89.9,93.14,48.74
3340,99.59,99.42,96.76,92.04,89.9,93.14,48.74
3345,99.59,99.41,96.76,92.03,89.89,93.13,48.74
3350,99.59,99.41,96.76,92.02,89.88,93.13,48.74
3355,99.58,99.41,96.76,92.0,89.88,93.13,48.74
3360,99.58,99.41,96.76,91.99,89.87,93.13,48.74
3365,99.58,99.41,96.76,91.98,89.87,93.12,48.74
3370,99.57,99.41,96.76,91.97,89.86,93.12,48.74
3375,99.57,99.41,96.76,91.96,89.86,93.12,48.74
3380,99.57,99.41,96.76,91.95,89.85,93.12,48.74
3385,99.56,99.41,96.76,91.94,89.85,93.11,48.73
3390,99.56,99.41,96.76,91.93,89.84,93.11,48.73
3395,99.56,99.41,96.76,91.92,89.84,93.11,48.73
3400,99.55,99.41,96.76,91.91,89.83,93.11,48.73
3405,99.55,99.41,96.76,91.9,89.83,93.1,48.73
3410,99.55,99.41,96.76,91.89,89.82,93.1,48.73
3415,99.55,99.41,96.76,91.88,89.82,93.1,48.73
3420,99.54,99.4,96.75,91.87,89.81,93.1,48.73
3425,99.54,99.4,96.75,91.86,89.81,93.09,48.73
3430,99.54,99.4,96.75,91.85,89.8,93.09,48.73
3435,99.53,99.4,96.75,91.84,89.8,93.09,48.73
3440,99.53,99.4,96.75,91.83,89.8,93.09,48.73
3445,99.53,99.4,96.75,91.82,89.79,93.09,48.73
3450,99.53,99.4,96.75,91.82,89.79,93.08,48.73
3455,99.52,99.4,96.75,91.81,89.78,93.08,48.73
3460,99.52,99.4,96.75,91.8,89.78,93.08,48.73
3465,99.52,99.4,96.75,91.79,89.78,93.08,48.73
3470,99.52,99.4,96.75,91.78,89.77,93.08,48.73
3475,99.51,99.4,96.75,91.77,89.77,93.07,48.73
3480,99.51,99.4,96.75,91.77,89.76,93.07,48.73
3485,99.51,99.4,96.75,91.76,89.76,93.07,48.73
3490,99.5,99.4,96.75,91.75,89.76,93.07,48.73
3495,99.5,99.4,96.75,91.74,89.75,93.07,48.73
3500,99.5,99.4,96.75,91.73,89.75,93.07,48.73
3505,99.5,99.4,96.75,91.73,89.75,93.06,48.73
3510,99.49,99.4,96.75,91.72,89.74,93.06,48.73
3515,99.49,99.39,96.75,91.71,89.74,93.06,79.17
3520,99.49,99.39,96.75,91.7,89.74,93.06,81.03
3525,99.49,99.39,96.75,91.7,89.73,93.06,81.03
3530,99.48,99.39,96.75,91.69,89.73,93.06,81.03
3535,99.48,99.39,96.75,91.68,89.73,93.06,81.03
3540,99.48,99.39,96.75,91.68,89.72,93.05,81.03
3545,99.48,99.39,96.75,91.67,89.72,93.05,81.03
3550,99.47,99.39,96.75,91.66,89.72,93.05,81.03
3555,99.47,99.39,96.75,91.66,89.72,93.05,81.03
3560,99.47,99.39,96.75,91.65,89.71,93.05,81.03
3565,99.47,99.39,96.75,91.64,89.71,93.05,81.03
3570,99.47,99.39,96.75,91.64,89.71,93.05,81.03
3575,99.46,99.39,96.75,91.63,89.7,93.05,81.03
3580,99.46,99.39,96.75,91.62,89.7,93.05,81.03
3585,99.46,99.39,96.75,91.62,89.7,93.04,81.03
3590,99.46,99.39,96.75,91.61,89.7,93.04,81.03
3595,99.45,99.39,96.75,91.61,89.69,93.04,81.03
3600,99.29,99.26,95.94,75.37,88.28,92.19,81.0
3605,99.29,99.26,95.93,30.34,88.26,92.18,81.0
3610,99.29,99.26,95.93,30.34,88.25,92.17,81.0
3615,99.29,99.26,95.92,30.34,88.24,92.17,81.0
3620,99.29,99.26,95.92,30.34,88.23,92.16,81.0
3625,99.29,99.26,95.91,30.34,88.22,92.16,80.99
3630,99.29,99.26,95.91,30.34,88.21,92.15,80.99
3635,99.29,99.25,95.9,30.34,88.2,92.15,80.99
3640,99.28,99.25,95.9,30.34,88.19,92.14,80.99
3645,99.28,99.25,95.89,30.34,88.18,92.13,80.99
3650,99.28,99.25,95.89,30.34,88.17,92.13,80.99
3655,99.28,99.25,95.88,30.34,88.16,92.12,80.99
3660,99.28,99.25,95.88,30.34,88.15,92.12,80.99
3665,99.28,99.25,95.87,30.34,88.14,92.11,80.98
3670,99.28,99.25,95.87,30.34,88.13,92.11,80.98
3675,99.28,99.24,95.86,30.34,88.12,92.1,80.98
3680,99.28,99.24,95.86,30.34,88.11,92.1,80.98
3685,99.28,99.24,95.85,30.34,88.1,92.09,80.98
3690,99.27,99.24,95.85,30.34,88.09,92.09,80.98
3695,99.27,99.24,95.85,30.34,88.08,92.08,80.98
3700,99.27,99.24,95.84,30.34,88.07,92.08,80.98
3705,99.27,99.24,95.84,30.34,88.06,92.07,80.98
3710,99.27,99.24,95.83,30.34,88.05,92.07,80.98
3715,99.27,99.23,95.83,30.34,88.04,92.06,80.97
3720,99.27,99.23,95.82,30.34,88.03,92.06,80.97
3725,99.27,99.23,95.82,30.34,88.02,92.05,80.97
3730,99.27,99.23,95.82,30.34,88.02,92.05,80.97
3735,99.27,99.23,95.81,30.34,88.01,92.05,80.97
3740,99.26,99.23,95.81,30.34,88.0,92.04,80.97
3745,99.26,99.23,95.81,30.34,87.99,92.04,80.97
3750,99.26,99.23,95.8,30.34,87.98,92.03,80.97
3755,99.26,99.23,95.8,30.34,87.97,92.03,80.97
3760,99.26,99.23,95.79,30.34,87.97,92.02,80.97
3765,99.26,99.22,95.79,30.34,87.96,92.02,80.96
3770,99.26,99.22,95.79,30.34,87.95,92.02,80.96
3775,99.26,99.22,95.78,30.34,87.94,92.01,80.96
3780,99.26,99.22,95.78,30.34,87.94,92.01,80.96
3785,99.26,99.22,95.78,30.34,87.93,92.0,80.96
3790,99.26,99.22,95.77,30.34,87.92,92.0,80.96
3795,99.25,99.22,95.77,30.34,87.91,92.0,80.96
3800,99.25,99.22,95.77,30.34,87.91,91.99,80.96
3805,99.25,99.22,95.76,30.34,87.9,91.99,80.96
3810,99.25,99.22,95.76,30.34,87.89,91.99,80.96
3815,99.25,99.22,95.76,30.34,87.89,91.98,83.22
3820,99.25,99.22,95.75,30.34,87.88,91.98,87.17
3825,99.25,99.21,95.75,30.34,87.87,91.98,87.17
3830,99.25,99.21,95.75,30.34,87.87,91.97,87.17
3835,99.25,99.21,95.74,30.34,87.86,91.97,87.17
3840,99.25,99.21,95.74,30.34,87.85,91.97,87.17
3845,99.25,99.21,95.74,30.34,87.85,91.96,87.18
3850,99.24,99.21,95.73,30.34,87.84,91.96,87.18
3855,99.24,99.21,95.73,30.34,87.83,91.96,87.18
3860,99.24,99.21,95.73,30.34,87.83,91.95,87.18
3865,99.24,99.21,95.73,30.34,87.82,91.95,87.18
3870,99.24,99.21,95.72,30.34,87.82,91.95,87.18
3875,99.24,99.21,95.72,30.34,87.81,91.94,87.18
3880,99.24,99.21,95.72,30.34,87.8,91.94,87.18
3885,99.24,99.21,95.71,30.34,87.8,91.94,87.18
3890,99.24,99.2,95.71,30.34,87.79,91.93,87.18
3895,99.24,99.2,95.71,30.34,87.79,91.93,87.18
3900,99.24,99.2,95.71,30.34,87.78,91.93,87.18
3905,99.24,99.2,95.7,30.34,87.78,91.93,87.18
3910,99.24,99.2,95.7,30.34,87.77,91.92,87.19
3915,99.23,99.2,95.7,30.34,87.77,91.92,87.19
3920,99.23,99.2,95.7,30.34,87.76,91.92,87.19
3925,99.23,99.2,95.69,30.34,87.76,91.92,87.19
3930,99.23,99.2,95.69,30.34,87.75,91.91,87.19
3935,99.23,99.2,95.69,30.34,87.75,91.91,87.19
3940,99.23,99.2,95.69,30.34,87.74,91.91,87.19
3945,99.23,99.2,95.68,30.34,87.74,91.91,87.19
3950,99.23,99.2,95.68,30.34,87.73,91.9,87.19
3955,99.23,99.2,95.68,30.34,87.73,91.9,87.19
3960,99.23,99.2,95.68,30.34,87.72,91.9,87.19
3965,99.23,99.2,95.67,30.34,87.72,79.48,99.78
3970,99.23,99.19,95.67,30.34,87.71,79.48,99.78
3975,99.23,99.19,95.67,30.34,87.71,79.48,99.78
3980,99.22,99.19,95.67,30.34,87.7,79.48,99.78
3985,99.22,99.19,95.67,30.34,87.7,79.48,99.78
3990,99.22,99.19,95.66,30.34,87.69,79.48,82.25
3995,99.22,99.19,95.66,30.34,87.69,79.48,82.25
4000,99.22,99.19,95.66,30.34,87.69,79.48,82.25
4005,99.22,99.19,95.66,30.34,87.68,79.48,82.25
4010,99.22,99.19,95.66,30.34,87.68,79.47,82.25
4015,99.22,99.19,95.65,30.34,87.67,79.47,82.25
4020,99.22,99.19,95.65,30.34,87.67,79.47,82.25
4025,99.22,99.19,95.65,30.34,87.67,79.46,82.25
4030,99.22,99.19,95.65,30.34,87.66,79.46,82.25
4035,99.22,99.19,95.65,30.34,87.66,79.46,82.25
4040,99.22,99.19,95.64,30.34,87.65,79.45,82.25
4045,99.22,99.19,95.64,30.34,87.65,79.45,82.25
4050,99.22,99.19,95.64,30.34,87.65,79.45,82.24
4055,99.21,99.19,95.64,30.34,87.64,79.45,82.24
4060,99.21,99.19,95.64,30.34,87.64,79.44,66.07
4065,99.21,99.18,95.64,30.34,87.64,79.44,60.35
4070,99.21,99.18,95.63,30.34,87.63,79.44,60.35
4075,99.21,99.18,95.63,85.09,87.63,79.43,60.33
4080,99.21,99.18,95.63,85.08,87.63,79.43,60.31
4085,99.21,99.18,95.63,85.06,87.62,91.85,60.35
4090,99.21,99.18,95.63,85.05,87.62,91.85,60.35
4095,99.21,99.18,95.63,85.04,87.62,91.85,60.35
4100,99.21,99.18,95.62,85.02,87.61,91.85,60.35
4105,99.21,99.18,95.62,85.01,87.61,91.85,60.35
4110,99.21,99.18,95.62,85.0,87.61,91.84,60.35
4115,99.21,99.18,95.62,84.98,87.61,91.84,60.35
4120,99.21,99.18,95.62,84.97,87.6,91.84,60.35
4125,99.21,99.18,95.62,84.96,87.6,91.84,60.35
4130,99.21,99.18,95.61,84.95,87.6,91.84,60.35
4135,99.2,99.18,95.61,84.93,87.59,91.84,60.35
4140,99.2,99.18,95.61,84.92,87.59,91.84,60.35
4145,99.2,99.18,95.61,84.91,87.59,91.84,60.35
4150,99.2,99.18,95.61,84.9,87.59,91.83,60.35
4155,99.2,99.18,95.61,84.89,87.58,91.83,60.35
4160,99.2,99.18,95.61,84.87,87.58,91.83,60.35
4165,99.2,99.18,95.61,84.86,87.58,91.83,60.35
4170,99.2,99.18,95.6,84.85,87.58,91.83,60.35
4175,99.2,99.18,77.61,84.84,87.57,91.83,60.35
4180,99.2,99.18,7.64,84.83,87.57,91.83,60.35
4185,99.2,99.18,7.64,84.82,87.57,91.83,60.35
4190,99.2,99.17,7.64,84.81,87.57,91.83,60.35
4195,99.2,99.17,7.64,84.8,87.56,91.82,60.35
4200,99.34,99.0,6.77,81.23,85.93,91.2,60.32
4205,99.34,99.0,6.77,81.19,85.92,91.2,60.32
4210,99.34,99.0,6.77,81.15,85.91,91.19,60.32
4215,99.34,99.0,6.77,81.11,85.9,91.19,60.32
4220,99.34,99.0,6.77,81.07,85.89,91.19,60.31
4225,99.33,99.0,6.77,81.03,85.88,91.18,60.31
4230,99.33,99.0,6.77,80.99,85.87,91.18,60.31
4235,99.33,98.99,6.77,80.96,85.86,91.18,60.31
4240,99.33,98.99,6.77,80.92,85.85,91.17,60.31
4245,99.33,98.99,6.77,80.88,85.84,91.17,60.31
4250,99.33,98.99,6.77,80.85,85.83,91.16,60.31
4255,99.33,98.99,6.77,80.81,85.82,91.16,60.31
4260,99.32,98.99,6.77,80.78,85.81,91.16,60.31
4265,99.32,98.99,6.77,80.74,85.8,91.15,60.31
4270,99.32,98.98,6.77,80.71,85.79,91.15,60.31
4275,99.32,98.98,6.77,80.67,85.78,91.15,60.31
4280,99.32,98.98,6.77,80.64,85.77,91.14,60.31
4285,99.32,98.98,6.77,80.61,85.76,91.14,60.31
4290,99.32,98.98,6.77,80.58,85.75,91.14,60.31
4295,99.32,98.98,6.77,80.54,85.74,91.14,60.31
4300,99.32,98.98,6.77,80.51,85.73,91.13,60.31
4305,99.31,98.98,6.77,80.48,85.72,91.13,60.31
4310,99.31,98.97,6.77,80.45,85.72,91.13,60.3
4315,99.31,98.97,6.77,80.42,85.71,91.12,60.3
4320,99.31,98.97,6.77,80.39,85.7,91.12,60.3
4325,99.31,98.97,6.77,80.36,85.69,91.12,60.3
4330,99.31,98.97,6.77,80.33,85.68,91.11,60.3
4335,99.31,98.97,6.77,80.3,85.67,91.11,60.3
4340,99.31,98.97,6.77,80.27,85.66,91.11,60.3
4345,99.3,98.97,6.77,80.24,85.66,91.11,60.3
4350,99.3,98.97,6.77,80.21,85.65,91.1,60.3
4355,99.3,98.96,6.77,80.19,85.64,91.1,60.3
4360,99.3,98.96,6.77,80.16,85.63,91.1,60.3
4365,99.3,98.96,6.77,80.13,85.62,91.1,60.3
4370,99.3,98.96,6.77,80.1,85.62,91.09,60.3
4375,99.3,98.96,6.77,80.08,85.61,91.09,60.3
4380,99.3,98.96,6.77,80.05,85.6,91.09,60.3
4385,99.3,98.96,6.77,80.02,85.59,91.09,60.3
4390,99.29,98.96,7.64,80.0,85.59,91.08,60.3
4395,99.29,98.96,8.47,79.97,85.58,91.08,60.3
4400,99.29,98.96,8.47,79.95,85.57,91.08,60.3
4405,99.29,98.95,8.47,79.92,85.56,91.08,60.29
4410,99.29,98.95,8.47,79.9,85.56,91.07,60.29
4415,99.29,98.95,8.47,79.87,85.55,91.07,60.29
4420,99.29,98.95,8.47,79.85,85.54,91.07,60.29
4425,99.29,98.95,8.47,79.82,85.54,91.07,60.29
4430,99.29,98.95,8.47,79.8,85.53,91.06,60.29
4435,99.28,98.95,8.47,79.78,85.52,91.06,60.29
4440,99.28,98.95,8.47,79.75,85.52,91.06,60.29
4445,99.28,98.95,8.47,79.73,85.51,91.06,60.29
4450,99.28,98.95,8.47,79.71,85.5,91.06,60.29
4455,99.28,98.94,8.47,79.69,85.5,91.05,60.29
4460,99.28,98.94,8.47,79.66,85.49,91.05,60.29
4465,99.28,98.94,8.47,79.64,85.48,91.05,60.29
4470,99.28,98.94,8.47,79.62,85.48,91.05,60.29
4475,99.28,98.94,8.47,79.6,85.47,91.05,60.29
4480,99.28,98.94,8.47,79.58,85.47,91.04,60.29
4485,99.27,98.94,8.47,79.55,85.46,91.04,60.29
4490,99.27,98.94,8.47,79.53,85.45,91.04,60.29
4495,99.27,98.94,8.47,79.51,85.45,91.04,60.29
4500,99.27,98.94,8.47,79.49,85.44,91.04,60.28
4505,99.27,98.94,8.47,79.47,85.44,91.04,60.28
4510,99.27,98.94,8.47,79.45,85.43,91.03,60.28
4515,99.27,98.94,8.47,79.43,85.43,91.03,60.28
4520,99.27,98.93,8.47,79.41,85.42,91.03,60.28
4525,99.27,98.93,8.47,79.39,85.41,91.03,60.28
4530,99.27,98.93,8.47,79.37,85.41,91.03,60.28
4535,99.26,98.93,8.47,79.35,85.4,91.03,60.28
4540,99.26,98.93,8.47,79.34,85.4,91.02,60.28
4545,99.26,98.93,8.47,79.32,85.39,91.02,60.28
4550,99.26,98.93,8.47,79.3,85.39,91.02,60.28
4555,99.26,98.93,8.47,79.28,85.38,91.02,60.28
4560,99.26,98.93,8.47,79.26,85.38,28.33,60.28
4565,99.26,98.93,8.47,26.78,85.37,4.49,60.28
4570,99.26,98.93,8.47,26.78,85.37,4.49,60.28
4575,99.26,98.93,8.47,26.78,85.36,4.49,60.28
4580,99.26,98.93,8.47,26.78,85.36,4.49,60.28
4585,99.25,98.92,8.47,26.78,85.35,4.49,60.28
4590,99.25,98.92,8.47,26.78,85.35,4.49,60.28
4595,99.25,98.92,8.47,26.78,85.34,4.49,60.27
4600,99.25,98.92,8.47,26.78,85.34,4.49,60.27
4605,99.25,98.92,8.47,26.78,85.34,4.49,60.27
4610,99.25,98.92,8.47,26.78,85.33,4.49,60.27
4615,99.25,98.92,8.47,26.78,85.33,4.49,60.27
4620,99.25,98.92,8.47,26.78,85.32,4.49,60.27
4625,19.92,98.92,8.47,26.78,85.32,4.49,60.27
4630,5.82,98.92,8.47,26.78,85.31,4.49,60.27
4635,5.82,98.92,8.47,26.78,85.31,4.49,60.27
4640,5.82,98.92,8.47,26.78,85.31,4.49,60.27
4645,5.82,98.92,8.47,26.78,85.3,4.49,60.27
4650,5.82,98.92,8.47,26.78,85.3,4.49,60.27
4655,5.82,98.92,8.47,26.78,85.29,4.49,60.27
4660,5.82,98.92,8.47,26.78,85.29,4.49,60.27
4665,5.82,98.91,8.47,26.78,85.29,4.49,60.27
4670,5.82,98.91,8.47,26.78,85.28,4.49,60.27
4675,5.82,98.91,8.47,26.78,85.28,4.49,60.27
4680,5.82,98.91,8.47,26.78,85.27,4.49,60.27
4685,5.82,98.91,8.47,26.78,85.27,4.49,60.26
4690,5.82,98.91,8.47,26.78,85.27,4.49,60.26
4695,5.82,98.91,8.47,26.78,85.26,4.49,60.26
4700,5.82,98.91,8.47,26.78,85.26,4.49,60.26
4705,5.82,98.91,8.47,26.78,85.26,4.49,60.26
4710,5.82,98.91,8.47,26.78,85.25,4.49,60.26
4715,5.82,98.91,8.47,26.78,85.25,4.49,60.26
4720,5.82,98.91,8.47,26.78,85.25,4.49,60.26
4725,5.82,98.91,8.47,26.78,85.24,4.49,60.26
4730,5.82,98.91,8.47,26.78,85.24,4.49,60.26
4735,5.82,98.91,8.47,26.78,85.24,4.49,60.26
4740,5.82,98.91,8.47,26.78,85.23,4.49,60.26
4745,5.82,98.91,8.47,26.78,85.23,4.49,60.26
4750,5.82,98.91,8.47,26.78,85.23,4.49,60.26
4755,5.82,98.91,8.47,26.78,85.22,4.49,60.26
4760,5.82,98.91,8.47,26.78,85.22,4.49,60.26
4765,5.82,98.9,8.47,26.78,85.22,4.49,60.26
4770,5.82,98.9,8.47,26.78,85.21,4.49,60.26
4775,5.82,98.9,8.47,26.78,85.21,4.49,60.26
4780,5.82,98.9,8.47,26.78,85.21,4.49,60.25
4785,5.82,98.9,8.47,26.78,85.21,4.49,60.25
4790,5.82,98.9,8.47,26.78,85.2,4.49,60.25
4795,5.82,98.9,8.47,26.78,85.2,4.49,60.25
4800,5.85,98.7,7.61,22.84,83.59,3.6,60.21
4805,5.85,98.7,7.61,22.84,83.58,3.6,60.21
4810,5.85,98.7,7.61,22.84,83.57,3.6,60.21
4815,5.85,98.7,7.61,22.84,83.56,3.6,60.21
4820,5.85,98.69,7.61,22.84,83.55,3.6,60.21
4825,5.85,98.69,7.61,22.84,83.54,3.6,60.21
4830,5.85,98.69,7.61,22.84,83.53,3.6,60.21
4835,5.85,98.69,7.61,22.84,83.52,3.6,60.21
4840,5.85,98.69,7.61,22.84,83.51,3.6,60.21
4845,5.85,98.69,7.61,22.84,83.5,3.6,60.21
4850,5.85,98.68,7.61,22.84,83.49,3.6,60.21
4855,5.85,98.68,7.61,22.84,83.48,3.6,60.21
4860,5.85,98.68,7.61,22.84,83.47,3.6,60.21
4865,5.85,98.68,7.61,22.84,83.46,3.6,60.21
4870,5.85,98.68,7.61,22.84,83.45,3.6,60.21
4875,5.85,98.68,7.61,22.84,83.44,3.6,60.21
4880,5.85,98.68,7.61,22.84,83.43,3.6,60.21
4885,5.85,98.67,7.61,22.84,83.42,3.6,60.21
4890,5.85,98.67,7.61,22.84,83.41,3.6,60.21
4895,5.85,98.67,7.61,22.84,83.41,3.6,60.21
4900,5.85,98.67,7.61,22.84,83.4,3.6,60.21
4905,5.85,98.67,7.61,22.84,83.39,3.6,60.21
4910,5.85,98.67,7.61,22.84,83.38,3.6,60.21
4915,5.85,98.67,7.61,22.84,83.37,3.6,60.21
4920,5.85,98.66,7.61,22.84,83.36,3.6,60.21
4925,5.85,98.66,93.27,22.84,83.36,3.6,32.51
4930,5.85,98.66,93.26,22.84,83.35,3.6,32.51
4935,5.85,98.66,93.26,22.84,83.34,3.6,32.51
4940,5.85,98.66,93.25,22.84,83.33,3.6,32.51
4945,5.85,98.66,93.25,22.84,83.32,3.6,32.51
4950,5.85,98.66,93.24,22.84,83.32,3.6,32.51
4955,5.85,98.66,93.23,22.84,83.31,3.6,32.51
4960,5.85,98.65,93.23,22.84,83.3,3.6,32.51
4965,5.85,46.92,93.22,22.84,83.29,3.6,32.51
4970,5.85,12.8,93.22,22.84,83.29,3.6,32.51
4975,5.85,12.8,93.22,22.84,83.28,3.6,32.51
4980,5.85,12.8,93.21,22.84,83.27,3.6,32.51
4985,5.85,12.8,93.21,22.84,83.26,3.6,32.51
4990,5.85,12.8,93.2,22.84,83.26,3.6,32.51
4995,5.85,12.8,93.2,22.84,83.25,3.6,32.51
5000,5.85,12.8,93.19,22.84,83.24,3.6,32.51
5005,5.85,12.8,93.19,22.84,83.23,3.6,32.51
5010,5.85,12.8,93.18,22.84,83.23,3.6,32.51
5015,5.85,12.8,93.18,22.84,83.22,3.6,32.51
5020,5.85,12.8,93.17,22.84,83.21,3.6,32.51
5025,5.85,12.8,93.17,22.84,83.21,3.6,32.51
5030,5.85,12.8,93.16,22.84,83.2,3.6,32.51
5035,5.85,12.8,93.16,22.84,83.19,3.6,32.51
5040,5.85,12.8,93.16,22.84,83.19,3.6,32.51
5045,5.85,12.8,93.15,22.84,83.18,3.6,32.51
5050,5.85,12.8,93.15,22.84,83.17,3.6,32.51
5055,5.85,12.8,93.14,22.84,83.17,3.6,32.51
5060,5.85,12.8,93.14,22.84,83.16,3.6,32.51
5065,5.85,12.8,93.13,22.84,83.16,3.6,32.51
5070,5.85,12.8,93.13,22.84,83.15,3.6,32.51
5075,5.85,12.8,93.13,22.84,83.14,3.6,32.51
5080,5.85,12.8,93.12,22.84,83.14,3.6,32.51
5085,5.85,12.8,93.12,22.84,83.13,3.6,32.51
5090,5.85,12.8,93.11,22.84,83.13,3.6,32.51
5095,5.85,12.8,93.11,22.84,83.12,3.6,32.51
5100,5.85,12.8,93.11,22.84,83.11,3.6,32.51
5105,5.85,12.8,93.1,22.84,83.11,3.6,32.51
5110,5.85,12.8,93.1,22.84,83.1,3.6,32.51
5115,5.85,12.8,93.09,22.84,83.1,3.6,32.5
5120,5.85,12.8,93.09,22.84,83.09,3.6,32.5
5125,5.85,12.8,93.09,22.84,83.09,3.6,32.5
5130,5.85,12.8,93.08,22.84,83.08,3.6,32.5
5135,5.85,12.8,93.08,22.84,83.07,3.6,32.5
5140,5.85,12.8,93.08,22.84,83.07,3.6,32.5
5145,5.85,12.8,93.07,22.84,83.06,3.6,32.5
5150,5.85,12.8,93.07,22.84,83.06,3.6,32.5
5155,5.85,12.8,93.07,22.84,83.05,3.6,32.5
5160,5.85,12.8,93.06,22.84,83.05,3.6,32.5
5165,5.85,12.8,93.06,22.84,83.04,3.6,32.5
5170,5.85,12.8,93.06,22.84,83.04,3.6,32.5
5175,5.85,12.8,93.05,22.84,83.03,3.6,32.5
5180,5.85,12.8,93.05,22.84,83.03,3.6,32.5
5185,5.85,12.8,93.05,22.84,83.02,3.6,32.5
5190,5.85,12.8,93.04,22.84,83.02,3.6,32.5
5195,5.85,12.8,93.04,22.84,83.01,3.6,32.5
5200,5.85,12.8,93.04,22.84,83.01,3.6,32.5
5205,5.85,12.8,93.03,22.84,83.0,3.6,32.5
5210,5.85,12.8,93.03,22.84,83.0,3.6,32.5
5215,5.85,12.8,93.03,22.84,83.0,3.6,32.5
5220,5.85,12.8,93.02,22.84,82.99,3.6,32.5
5225,5.85,12.8,93.02,22.84,82.99,3.6,32.5
5230,5.85,12.8,93.02,22.84,82.98,3.6,32.5
5235,5.85,12.8,93.01,22.84,82.98,3.6,32.5
5240,5.85,12.8,93.01,22.84,82.97,3.6,32.5
5245,5.85,12.8,93.01,22.84,82.97,3.6,32.5
5250,5.85,12.8,93.0,22.84,82.96,3.6,32.5
5255,5.85,12.8,93.0,22.84,82.96,3.6,32.5
5260,5.85,12.8,93.0,22.84,82.96,3.6,32.5
5265,5.85,12.8,93.0,22.84,82.95,3.6,32.5
5270,5.85,12.8,92.99,22.84,82.95,3.6,32.5
5275,5.85,12.8,92.99,22.84,82.94,3.6,32.5
5280,5.85,12.8,92.99,22.84,82.94,3.6,32.5
5285,5.85,12.8,92.98,22.84,5.53,3.6,0.23
5290,5.85,12.8,92.98,22.84,5.53,3.6,0.23
5295,5.85,12.8,92.98,22.84,5.53,3.6,0.23
5300,5.85,12.8,92.98,22.84,5.53,3.6,0.23
5305,5.85,12.8,92.97,22.84,5.53,3.6,0.23
5310,5.85,12.8,92.97,22.84,5.53,3.6,0.23
5315,5.85,12.8,92.97,22.84,5.53,3.6,0.23
5320,5.85,12.8,92.97,22.84,5.53,3.6,0.23
5325,5.85,12.8,92.96,22.84,5.53,3.6,0.23
5330,5.85,12.8,92.96,22.84,5.53,3.6,0.23
5335,5.85,12.8,78.08,22.84,5.53,3.6,0.23
5340,5.85,12.8,7.61,22.84,5.53,3.6,0.23
5345,5.85,6.55,7.61,22.84,5.53,3.6,0.23
5350,5.85,6.55,7.61,22.84,5.53,3.6,0.23
5355,5.85,6.55,7.61,22.84,5.53,3.6,0.23
5360,5.85,6.55,7.61,22.84,5.53,3.6,0.23
5365,5.85,6.55,7.61,22.84,5.53,3.6,0.23
5370,5.85,6.55,7.61,22.84,5.53,3.6,0.23
5375,5.85,6.55,7.61,22.84,5.53,3.6,0.23
5380,5.85,6.55,7.61,22.84,5.53,3.6,0.23
5385,5.85,6.55,7.61,22.84,5.53,3.6,0.23
5390,5.85,6.55,7.61,22.84,5.53,3.6,0.23
5395,5.85,6.55,7.61,22.84,5.53,3.6,0.23
5400,5.98,6.34,6.86,18.87,3.88,3.71,0.19
5405,5.98,6.34,5.17,18.87,3.88,3.71,0.19
5410,5.98,6.34,5.17,18.87,3.88,3.71,0.19
5415,5.98,6.34,5.17,18.87,3.88,3.71,0.19
5420,5.98,6.34,5.17,18.87,3.88,3.71,0.19
5425,5.98,6.34,5.17,18.87,3.88,3.71,0.19
5430,5.98,6.34,5.17,18.87,3.88,3.71,0.19
5435,5.98,6.34,5.17,18.87,3.88,3.71,0.19
5440,5.98,6.34,5.17,18.87,3.88,3.71,0.19
5445,5.98,6.34,5.17,18.87,3.88,3.71,0.19
5450,5.98,6.34,5.17,18.87,3.88,3.71,0.19
5455,5.98,6.34,5.17,18.87,3.88,3.71,0.19
5460,5.98,6.34,5.17,18.87,3.88,3.71,0.19
5465,5.98,6.34,5.17,18.87,3.88,3.71,0.19
5470,5.98,6.34,5.17,18.87,3.88,3.71,0.19
5475,5.98,6.34,5.17,18.87,3.88,3.71,0.19
5480,5.98,6.34,5.17,18.87,3.88,3.71,0.19
5485,5.98,6.34,5.17,18.87,3.88,3.71,0.19
5490,5.98,6.34,5.17,18.87,3.88,3.71,0.19
5495,5.98,6.34,5.17,18.87,3.88,3.71,0.19
5500,5.98,6.34,5.17,18.87,3.88,3.71,0.19
5505,5.98,6.34,5.17,18.87,3.88,3.71,0.19
5510,5.98,6.34,5.17,18.87,3.88,3.71,0.19
5515,5.98,6.34,5.17,18.87,3.88,3.71,0.19
5520,5.98,6.34,5.17,18.87,3.88,3.71,0.19
5525,5.98,6.34,5.17,18.87,3.88,3.71,0.19
5530,5.98,6.34,5.17,18.87,3.88,3.71,0.19
5535,5.98,6.34,5.17,18.87,3.88,3.71,0.19
5540,5.98,6.34,5.17,18.87,3.88,3.71,0.19
5545,5.98,6.34,5.17,18.87,3.88,3.71,0.19
5550,5.98,6.34,5.17,18.87,3.88,3.71,0.19
5555,5.98,6.34,5.17,18.87,3.88,3.71,0.19
5560,5.98,6.34,5.17,18.87,3.88,3.71,0.19
5565,5.98,6.34,5.17,18.87,3.88,3.71,0.19
5570,5.98,6.34,5.17,18.87,3.88,3.71,0.19
5575,5.98,6.34,5.17,18.87,3.88,3.71,0.19
5580,5.98,6.34,5.17,18.87,3.88,3.71,0.19
5585,5.98,6.34,5.17,18.87,3.88,3.71,0.19
5590,5.98,6.34,5.17,18.87,3.88,3.71,0.19
5595,5.98,6.34,5.17,18.87,3.88,3.71,0.19
5600,5.98,6.34,5.17,18.87,3.88,3.71,0.19
5605,5.98,6.34,5.17,18.87,3.88,3.71,0.19
5610,5.98,6.34,5.17,18.87,3.88,3.71,0.19
5615,5.98,6.34,5.17,18.87,3.88,3.71,0.19
5620,5.98,6.34,5.17,18.87,3.88,3.71,0.19
5625,5.98,6.34,5.17,18.87,3.88,3.71,0.19
5630,5.98,6.34,5.17,18.87,3.88,3.71,0.19
5635,5.98,6.34,5.17,18.87,3.88,3.71,0.19
5640,5.98,6.34,5.17,18.87,3.88,3.71,0.19
5645,5.98,6.34,5.17,18.87,3.88,3.71,0.19
5650,5.98,6.34,5.17,18.87,3.88,3.71,0.19
5655,5.98,6.34,5.17,18.87,3.88,3.71,0.19
5660,5.98,6.34,5.17,18.87,3.88,3.71,0.19
5665,5.98,6.34,5.17,18.87,3.88,3.71,0.19
5670,5.98,6.34,5.17,18.87,3.88,3.71,0.19
5675,5.98,6.34,5.17,18.87,3.88,3.71,0.19
5680,5.98,6.34,5.17,18.87,3.88,3.71,0.19
5685,5.98,6.34,5.17,18.87,3.88,3.71,0.19
5690,5.98,6.34,5.17,18.87,3.88,3.71,0.19
5695,5.98,6.34,5.17,18.87,3.88,3.71,0.19
5700,5.98,6.34,5.17,18.87,3.88,3.71,0.19
5705,5.98,6.34,5.17,18.87,3.88,3.71,0.19
5710,5.98,6.34,5.17,18.87,3.88,3.71,0.19
5715,5.98,6.34,5.17,18.87,3.88,3.71,0.19
5720,5.98,6.34,5.17,18.87,3.88,3.71,0.19
5725,5.98,6.34,5.17,18.87,3.88,3.71,0.19
5730,5.98,6.34,5.17,18.87,3.88,3.71,0.19
5735,5.98,6.34,5.17,18.87,3.88,3.71,0.19
5740,5.98,6.34,5.17,18.87,3.88,3.71,0.19
5745,5.98,6.34,5.17,18.87,3.88,3.71,0.19
5750,5.98,6.34,5.17,18.87,3.88,3.71,0.19
5755,5.98,6.34,5.17,18.87,3.88,3.71,0.19
5760,5.98,6.34,5.17,18.87,3.88,3.71,0.19
5765,5.98,6.34,5.17,18.87,3.88,3.71,0.19
5770,5.98,6.34,5.17,18.87,3.88,3.71,0.19
5775,5.98,6.34,5.17,18.87,3.88,3.71,0.19
5780,5.98,6.34,5.17,18.87,3.88,3.71,0.19
5785,5.98,6.34,5.17,18.87,3.88,3.71,0.19
5790,5.98,6.34,5.17,18.87,3.88,3.71,0.19
5795,5.98,6.34,5.17,18.87,3.88,3.71,0.19
5800,5.98,6.34,5.17,18.87,3.88,3.71,0.19
5805,5.98,6.34,5.17,18.87,3.88,3.71,0.19
5810,5.98,6.34,5.17,18.87,3.88,3.71,0.19
5815,5.98,6.34,5.17,18.87,3.88,3.71,0.19
5820,5.98,6.34,5.17,18.87,3.88,3.71,0.19
5825,5.98,6.34,5.17,18.87,3.88,3.71,0.19
5830,5.98,6.34,5.17,18.87,3.88,3.71,0.19
5835,5.98,6.34,5.17,18.87,3.88,3.71,0.19
5840,5.98,6.34,5.17,18.87,3.88,3.71,0.19
5845,5.98,6.34,5.17,18.87,3.88,3.71,0.19
5850,5.98,6.34,5.17,18.87,3.88,3.71,0.19
5855,5.98,6.34,5.17,18.87,3.88,3.71,0.19
5860,5.98,6.34,5.17,18.87,3.88,3.71,0.19
5865,5.98,6.34,5.17,18.87,3.88,3.71,0.19
5870,5.98,6.34,5.17,18.87,3.88,3.71,0.19
5875,5.98,6.34,5.17,18.87,3.88,3.71,0.19
5880,5.98,6.34,5.17,18.87,3.88,3.71,0.19
5885,5.98,6.34,5.17,18.87,3.88,3.71,0.19
5890,5.98,6.34,5.17,18.87,3.88,3.71,0.19
5895,5.98,6.34,5.17,18.87,3.88,3.71,0.19
5900,5.98,6.34,5.17,18.87,3.88,3.71,0.19
5905,5.98,6.34,5.17,18.87,3.88,3.71,0.19
5910,5.98,6.34,5.17,18.87,3.88,3.71,0.19
5915,5.98,6.34,5.17,18.87,3.88,3.71,0.19
5920,5.98,6.34,5.17,18.87,3.88,3.71,0.19
5925,5.98,6.34,5.17,18.87,3.88,3.71,0.19
5930,5.98,6.34,5.17,18.87,3.88,3.71,0.19
5935,5.98,6.34,5.17,18.87,3.88,3.71,0.19
5940,5.98,6.34,5.17,18.87,3.88,3.71,0.19
5945,5.98,6.34,5.17,18.87,3.88,3.71,0.19
5950,5.98,6.34,5.17,18.87,3.88,3.71,0.19
5955,5.98,6.34,5.17,18.87,3.88,3.71,0.19
5960,5.98,6.34,5.17,18.87,3.88,3.71,0.19
5965,5.98,6.34,5.17,18.87,3.88,3.71,0.19
5970,5.98,6.34,5.17,18.87,3.88,3.71,0.19
5975,5.98,6.34,5.17,18.87,3.88,3.71,0.19
5980,5.98,6.34,5.17,18.87,3.88,3.71,0.19
5985,5.98,6.34,5.17,18.87,3.88,3.71,0.19
5990,5.98,6.34,5.17,18.87,3.88,3.71,0.19
5995,5.98,6.34,5.17,18.87,3.88,3.71,0.19
6000,7.3,6.16,3.48,15.5,2.71,3.45,0.17
6005,7.3,6.16,3.48,15.5,2.71,3.45,0.17
6010,7.3,6.16,3.48,15.5,2.71,3.45,0.17
6015,7.3,6.16,3.48,15.5,2.71,3.45,0.17
6020,7.3,6.16,3.48,15.5,2.71,3.45,0.17
6025,7.3,6.16,3.48,15.5,2.71,3.45,0.17
6030,7.3,6.16,3.48,15.5,2.71,3.45,0.17
6035,7.3,6.16,3.48,15.5,2.71,3.45,0.17
6040,7.3,6.16,3.48,15.5,2.71,3.45,0.17
6045,7.3,6.16,3.48,15.5,2.71,3.45,0.17
6050,7.3,6.16,3.48,15.5,2.71,3.45,0.17
6055,7.3,6.16,3.48,15.5,2.71,3.45,0.17
6060,7.3,6.16,3.48,15.5,2.71,3.45,0.17
6065,7.3,6.16,3.48,15.5,2.71,3.45,0.17
6070,7.3,6.16,3.48,15.5,2.71,3.45,0.17
6075,7.3,6.16,3.48,15.5,2.71,3.45,0.17
6080,7.3,6.16,3.48,15.5,2.71,3.45,0.17
6085,7.3,6.16,3.48,15.5,2.71,3.45,0.17
6090,7.3,6.16,3.48,15.5,2.71,3.45,0.17
6095,7.3,6.16,3.48,15.5,2.71,3.45,0.17
6100,7.3,6.16,3.48,15.5,2.71,3.45,0.17
6105,7.3,6.16,3.48,15.5,2.71,3.45,0.17
6110,7.3,6.16,3.48,15.5,2.71,3.45,0.17
6115,7.3,6.16,3.48,15.5,2.71,3.45,0.17
6120,7.3,6.16,3.48,15.5,2.71,3.45,0.17
6125,7.3,6.16,3.48,15.5,2.71,3.45,0.17
6130,7.3,6.16,3.48,15.5,2.71,3.45,0.17
6135,7.3,6.16,3.48,15.5,2.71,3.45,0.17
6140,7.3,6.16,3.48,15.5,2.71,3.45,0.17
6145,7.3,6.16,3.48,15.5,2.71,3.45,0.17
6150,7.3,6.16,3.48,15.5,2.71,3.45,0.17
6155,7.3,6.16,3.48,15.5,2.71,3.45,0.17
6160,7.3,6.16,3.48,15.5,2.71,3.45,0.17
6165,7.3,6.16,3.48,15.5,2.71,3.45,0.17
6170,7.3,6.16,3.48,15.5,2.71,3.45,0.17
6175,7.3,6.16,3.48,15.5,2.71,3.45,0.17
6180,7.3,6.16,3.48,15.5,2.71,3.45,0.17
6185,7.3,6.16,3.48,15.5,2.71,3.45,0.17
6190,7.3,6.16,3.48,15.5,2.71,3.45,0.17
6195,7.3,6.16,3.48,15.5,2.71,3.45,0.17
6200,7.3,6.16,3.48,15.5,2.71,3.45,0.17
6205,7.3,6.16,3.48,15.5,2.71,3.45,0.17
6210,7.3,6.16,3.48,15.5,2.71,3.45,0.17
6215,7.3,6.16,3.48,15.5,2.71,3.45,0.17
6220,7.3,6.16,3.48,15.5,2.71,3.45,0.17
6225,7.3,6.16,3.48,15.5,2.71,3.45,0.17
6230,7.3,6.16,3.48,15.5,2.71,3.45,0.17
6235,7.3,6.16,3.48,15.5,2.71,3.45,0.17
6240,7.3,6.16,3.48,15.5,2.71,3.45,0.17
6245,7.3,6.16,3.48,15.5,2.71,3.45,0.17
6250,7.3,6.16,3.48,15.5,2.71,3.45,0.17
6255,7.3,6.16,3.48,15.5,2.71,3.45,0.17
6260,7.3,6.16,3.48,15.5,2.71,3.45,0.17
6265,7.3,6.16,3.48,15.5,2.71,3.45,0.17
6270,7.3,6.16,3.48,15.5,2.71,3.45,0.17
6275,7.3,6.16,3.48,15.5,2.71,3.45,0.17
6280,7.3,6.16,3.48,15.5,2.71,3.45,0.17
6285,7.3,6.16,3.48,15.5,2.71,3.45,0.17
6290,7.3,6.16,3.48,15.5,2.71,3.45,0.17
6295,7.3,6.16,3.48,15.5,2.71,3.45,0.17
6300,7.3,6.16,3.48,15.5,2.71,3.45,0.17
6305,7.3,6.16,3.48,15.5,2.71,3.45,0.17
6310,7.3,6.16,3.48,15.5,2.71,3.45,0.17
6315,7.3,6.16,3.48,15.5,2.71,3.45,0.17
6320,7.3,6.16,3.48,15.5,2.71,3.45,0.17
6325,7.3,6.16,3.48,15.5,2.71,3.45,0.17
6330,7.3,6.16,3.48,15.5,2.71,3.45,0.17
6335,7.3,6.16,3.48,15.5,2.71,3.45,0.17
6340,7.3,6.16,3.48,15.5,2.71,3.45,0.17
6345,7.3,6.16,3.48,15.5,2.71,3.45,0.17
6350,7.3,6.16,3.48,15.5,2.71,3.45,0.17
6355,7.3,6.16,3.48,15.5,2.71,3.45,0.17
6360,7.3,6.16,3.48,15.5,2.71,3.45,0.17
6365,7.3,6.16,3.48,15.5,2.71,3.45,0.17
6370,7.3,6.16,3.48,15.5,2.71,3.45,0.17
6375,7.3,6.16,3.48,15.5,2.71,3.45,0.17
6380,7.3,6.16,3.48,15.5,2.71,3.45,0.17
6385,7.3,6.16,3.48,15.5,2.71,3.45,0.17
6390,7.3,6.16,3.48,15.5,2.71,3.45,0.17
6395,7.3,6.16,3.48,15.5,2.71,3.45,0.17
6400,7.3,6.16,3.48,15.5,2.71,3.45,0.17
6405,7.3,6.16,3.48,15.5,2.71,3.45,0.17
6410,7.3,6.16,3.48,15.5,2.71,3.45,0.17
6415,7.3,6.16,3.48,15.5,2.71,3.45,0.17
6420,7.3,6.16,3.48,15.5,2.71,3.45,0.17
6425,7.3,6.16,3.48,15.5,2.71,3.45,0.17
6430,7.3,6.16,3.48,15.5,2.71,3.45,0.17
6435,7.3,6.16,3.48,15.5,2.71,3.45,0.17
6440,7.3,6.16,3.48,15.5,2.71,3.45,0.17
6445,7.3,6.16,3.48,15.5,2.71,3.45,0.17
6450,7.3,6.16,3.48,15.5,2.71,3.45,0.17
6455,7.3,6.16,3.48,15.5,2.71,3.45,0.17
6460,7.3,6.16,3.48,15.5,2.71,3.45,0.17
6465,7.3,6.16,3.48,15.5,2.71,3.45,0.17
6470,7.3,6.16,3.48,15.5,2.71,3.45,0.17
6475,7.3,6.16,3.48,15.5,2.71,3.45,0.17
6480,7.3,6.16,3.48,15.5,2.71,3.45,0.17
6485,7.3,6.16,3.48,15.5,2.71,3.45,0.17
6490,7.3,6.16,3.48,15.5,2.71,3.45,0.17
6495,7.3,6.16,3.48,15.5,2.71,3.45,0.17
6500,7.3,6.16,3.48,15.5,2.71,3.45,0.17
6505,7.3,6.16,3.48,15.5,2.71,3.45,0.17
6510,7.3,6.16,3.48,15.5,2.71,3.45,0.17
6515,7.3,6.16,3.48,15.5,2.71,3.45,0.17
6520,7.3,6.16,3.48,15.5,2.71,3.45,0.17
6525,7.3,6.16,3.48,15.5,2.71,3.45,0.17
6530,7.3,6.16,3.48,15.5,2.71,3.45,0.17
6535,7.3,6.16,3.48,15.5,2.71,3.45,0.17
6540,7.3,6.16,3.48,15.5,2.71,3.45,0.17
6545,7.3,6.16,3.48,15.5,2.71,3.45,0.17
6550,7.3,6.16,3.48,15.5,2.71,3.45,0.17
6555,7.3,6.16,3.48,15.5,2.71,3.45,0.17
6560,7.3,6.16,3.48,15.5,2.71,3.45,0.17
6565,7.3,6.16,3.48,15.5,2.71,3.45,0.17
6570,7.3,6.16,3.48,15.5,2.71,3.45,0.17
6575,7.3,6.16,3.48,15.5,2.71,3.45,0.17
6580,7.3,6.16,3.48,15.5,2.71,3.45,0.17
6585,7.3,6.16,3.48,15.5,2.71,3.45,0.17
6590,7.3,6.16,3.48,15.5,2.71,3.45,0.17
6595,7.3,6.16,3.48,15.5,2.71,3.45,0.17
6600,7.44,5.96,1.71,11.14,2.66,3.22,0.15
6605,7.44,5.96,1.71,11.14,2.66,3.22,0.15
6610,7.44,5.96,1.71,11.14,2.66,3.22,0.15
6615,7.44,5.96,1.71,11.14,2.66,3.22,0.15
6620,7.44,5.96,1.71,11.14,2.66,3.22,0.15
6625,7.44,5.96,1.71,11.14,2.66,3.22,0.15
6630,7.44,5.96,1.71,11.14,2.66,3.22,0.15
6635,7.44,5.96,1.71,11.14,2.66,3.22,0.15
6640,7.44,5.96,1.71,11.14,2.66,3.22,0.15
6645,7.44,5.96,1.71,11.14,2.66,3.22,0.15
6650,7.44,5.96,1.71,11.14,2.66,3.22,0.15
6655,7.44,5.96,1.71,11.14,2.66,3.22,0.15
6660,7.44,5.96,1.71,11.14,2.66,3.22,0.15
6665,7.44,5.96,1.71,11.14,2.66,3.22,0.15
6670,7.44,5.96,1.71,11.14,2.66,3.22,0.15
6675,7.44,5.96,1.71,11.14,2.66,3.22,0.15
6680,7.44,5.96,1.71,11.14,2.66,3.22,0.15
6685,7.44,5.96,1.71,11.14,2.66,3.22,0.15
6690,7.44,5.96,1.71,11.14,2.66,3.22,0.15
6695,7.44,5.96,1.71,11.14,2.66,3.22,0.15
6700,7.44,5.96,1.71,11.14,2.66,3.22,0.15
6705,7.44,5.96,1.71,11.14,2.66,3.22,0.15
6710,7.44,5.96,1.71,11.14,2.66,3.22,0.15
6715,7.44,5.96,1.71,11.14,2.66,3.22,0.15
6720,7.44,5.96,1.71,11.14,2.66,3.22,0.15
6725,7.44,5.96,1.71,11.14,2.66,3.22,0.15
6730,7.44,5.96,1.71,11.14,2.66,3.22,0.15
6735,7.44,5.96,1.71,11.14,2.66,3.22,0.15
6740,7.44,5.96,1.71,11.14,2.66,3.22,0.15
6745,7.44,5.96,1.71,11.14,2.66,3.22,0.15
6750,7.44,5.96,1.71,11.14,2.66,3.22,0.15
6755,7.44,5.96,1.71,11.14,2.66,3.22,0.15
6760,7.44,5.96,1.71,11.14,2.66,3.22,0.15
6765,7.44,5.96,1.71,11.14,2.66,3.22,0.15
6770,7.44,5.96,1.71,11.14,2.66,3.22,0.15
6775,7.44,5.96,1.71,11.14,2.66,3.22,0.15
6780,7.44,5.96,1.71,11.14,2.66,3.22,0.15
6785,7.44,5.96,1.71,11.14,2.66,3.22,0.15
6790,7.44,5.96,1.71,11.14,2.66,3.22,0.15
6795,7.44,5.96,1.71,11.14,2.66,3.22,0.15
6800,7.44,5.96,1.71,11.14,2.66,3.22,0.15
6805,7.44,5.96,1.71,11.14,2.66,3.22,0.15
6810,7.44,5.96,1.71,11.14,2.66,3.22,0.15
6815,7.44,5.96,1.71,11.14,2.66,3.22,0.15
6820,7.44,5.96,1.71,11.14,2.66,3.22,0.15
6825,7.44,5.96,1.71,11.14,2.66,3.22,0.15
6830,7.44,5.96,1.71,11.14,2.66,3.22,0.15
6835,7.44,5.96,1.71,11.14,2.66,3.22,0.15
6840,7.44,5.96,1.71,11.14,2.66,3.22,0.15
6845,7.44,5.96,1.71,11.14,2.66,3.22,0.15
6850,7.44,5.96,1.71,11.14,2.66,3.22,0.15
6855,7.44,5.96,1.71,11.14,2.66,3.22,0.15
6860,7.44,5.96,1.71,11.14,2.66,3.22,0.15
6865,7.44,5.96,1.71,11.14,2.66,3.22,0.15
6870,7.44,5.96,1.71,11.14,2.66,3.22,0.15
6875,7.44,5.96,1.71,11.14,2.66,3.22,0.15
6880,7.44,5.96,1.71,11.14,2.66,3.22,0.15
6885,7.44,5.96,1.71,11.14,2.66,3.22,0.15
6890,7.44,5.96,1.71,11.14,2.66,3.22,0.15
6895,7.44,5.96,1.71,11.14,2.66,3.22,0.15
6900,7.44,5.96,1.71,11.14,2.66,3.22,0.15
6905,7.44,5.96,1.71,11.14,2.66,3.22,0.15
6910,7.44,5.96,1.71,11.14,2.66,3.22,0.15
6915,7.44,5.96,1.71,11.14,2.66,3.22,0.15
6920,7.44,5.96,1.71,11.14,2.66,3.22,0.15
6925,7.44,5.96,1.71,11.14,2.66,3.22,0.15
6930,7.44,5.96,1.71,11.14,2.66,3.22,0.15
6935,7.44,5.96,1.71,11.14,2.66,3.22,0.15
6940,7.44,5.96,1.71,11.14,2.66,3.22,0.15
6945,7.44,5.96,1.71,11.14,2.66,3.22,0.15
6950,7.44,5.96,1.71,11.14,2.66,3.22,0.15
6955,7.44,5.96,1.71,11.14,2.66,3.22,0.15
6960,7.44,5.96,1.71,11.14,2.66,3.22,0.15
6965,7.44,5.96,1.71,11.14,2.66,3.22,0.15
6970,7.44,5.96,1.71,11.14,2.66,3.22,0.15
6975,7.44,5.96,1.71,11.14,2.66,3.22,0.15
6980,7.44,5.96,1.71,11.14,2.66,3.22,0.15
6985,7.44,5.96,1.71,11.14,2.66,3.22,0.15
6990,7.44,5.96,1.71,11.14,2.66,3.22,0.15
6995,7.44,5.96,1.71,11.14,2.66,3.22,0.15
7000,7.44,5.96,1.71,11.14,2.66,3.22,0.15
7005,7.44,5.96,1.71,11.14,2.66,3.22,0.15
7010,7.44,5.96,1.71,11.14,2.66,3.22,0.15
7015,7.44,5.96,1.71,11.14,2.66,3.22,0.15
7020,7.44,5.96,1.71,11.14,2.66,3.22,0.15
7025,7.44,5.96,1.71,11.14,2.66,3.22,0.15
7030,7.44,5.96,1.71,11.14,2.66,3.22,0.15
7035,7.44,5.96,1.71,11.14,2.66,3.22,0.15
7040,7.44,5.96,1.71,11.14,2.66,3.22,0.15
7045,7.44,5.96,1.71,11.14,2.66,3.22,0.15
7050,7.44,5.96,1.71,11.14,2.66,3.22,0.15
7055,7.44,5.96,1.71,11.14,2.66,3.22,0.15
7060,7.44,5.96,1.71,11.14,2.66,3.22,0.15
7065,7.44,5.96,1.71,11.14,2.66,3.22,0.15
7070,7.44,5.96,1.71,11.14,2.66,3.22,0.15
7075,7.44,5.96,1.71,11.14,2.66,3.22,0.15
7080,7.44,5.96,1.71,11.14,2.66,3.22,0.15
7085,7.44,5.96,1.71,11.14,2.66,3.22,0.15
7090,7.44,5.96,1.71,11.14,2.66,3.22,0.15
7095,7.44,5.96,1.71,11.14,2.66,3.22,0.15
7100,7.44,5.96,1.71,11.14,2.66,3.22,0.15
7105,7.44,5.96,1.71,11.14,2.66,3.22,0.15
7110,7.44,5.96,1.71,11.14,2.66,3.22,0.15
7115,7.44,5.96,1.71,11.14,2.66,3.22,0.15
7120,7.44,5.96,1.71,11.14,2.66,3.22,0.15
7125,7.44,5.96,1.71,11.14,2.66,3.22,0.15
7130,7.44,5.96,1.71,11.14,2.66,3.22,0.15
7135,7.44,5.96,1.71,11.14,2.66,3.22,0.15
7140,7.44,5.96,1.71,11.14,2.66,3.22,0.15
7145,7.44,5.96,1.71,11.14,2.66,3.22,0.15
7150,7.44,5.96,1.71,11.14,2.66,3.22,0.15
7155,7.44,5.96,1.71,11.14,2.66,3.22,0.15
7160,7.44,5.96,1.71,11.14,2.66,3.22,0.15
7165,7.44,5.96,1.71,11.14,2.66,3.22,0.15
7170,7.44,5.96,1.71,11.14,2.66,3.22,0.15
7175,7.44,5.96,1.71,11.14,2.66,3.22,0.15
7180,7.44,5.96,1.71,11.14,2.66,3.22,0.15
7185,7.44,5.96,1.71,11.14,2.66,3.22,0.15
7190,7.44,5.96,1.71,11.14,2.66,3.22,0.15
7195,7.44,5.96,1.71,11.14,2.66,3.22,0.15
7200,8.68,5.92,1.45,8.42,2.42,3.25,0.14
7205,8.68,5.92,1.45,8.42,2.42,3.25,0.14
7210,8.68,5.92,1.45,8.42,2.42,3.25,0.14
7215,8.68,5.92,1.45,8.42,2.42,3.25,0.14
7220,8.68,5.92,1.45,8.42,2.42,3.25,0.14
7225,8.68,5.92,1.45,8.42,2.42,3.25,0.14
7230,8.68,5.92,1.45,8.42,2.42,3.25,0.14
7235,8.68,5.92,1.45,8.42,2.42,3.25,0.14
7240,8.68,5.92,1.45,8.42,2.42,3.25,0.14
7245,8.68,5.92,1.45,8.42,2.42,3.25,0.14
7250,8.68,5.92,1.45,8.42,2.42,3.25,0.14
7255,8.68,5.92,1.45,8.42,2.42,3.25,0.14
7260,8.68,5.92,1.45,8.42,2.42,3.25,0.14
7265,8.68,5.92,1.45,8.42,2.42,3.25,0.14
7270,8.68,5.92,1.45,8.42,2.42,3.25,0.14
7275,8.68,5.92,1.45,8.42,2.42,3.25,0.14
7280,8.68,5.92,1.45,8.42,2.42,3.25,0.14
7285,8.68,5.92,1.45,8.42,2.42,3.25,0.14
7290,8.68,5.92,1.45,8.42,2.42,3.25,0.14
7295,8.68,5.92,1.45,8.42,2.42,3.25,0.14
7300,8.68,5.92,1.45,8.42,2.42,3.25,0.14
7305,8.68,5.92,1.45,8.42,2.42,3.25,0.14
7310,8.68,5.92,1.45,8.42,2.42,3.25,0.14
7315,8.68,5.92,1.45,8.42,2.42,3.25,0.14
7320,8.68,5.92,1.45,8.42,2.42,3.25,0.14
7325,8.68,5.92,1.45,8.42,2.42,3.25,0.14
7330,8.68,5.92,1.45,8.42,2.42,3.25,0.14
7335,8.68,5.92,1.45,8.42,2.42,3.25,0.14
7340,8.68,5.92,1.45,8.42,2.42,3.25,0.14
7345,8.68,5.92,1.45,8.42,2.42,3.25,0.14
7350,8.68,5.92,1.45,8.42,2.42,3.25,0.14
7355,8.68,5.92,1.45,8.42,2.42,3.25,0.14
7360,8.68,5.92,1.45,8.42,2.42,3.25,0.14
7365,8.68,5.92,1.45,8.42,2.42,3.25,0.14
7370,8.68,5.92,1.45,8.42,2.42,3.25,0.14
7375,8.68,5.92,1.45,8.42,2.42,3.25,0.14
7380,8.68,5.92,1.45,8.42,2.42,3.25,0.14
7385,8.68,5.92,1.45,8.42,2.42,3.25,0.14
7390,8.68,5.92,1.45,8.42,2.42,3.25,0.14
7395,8.68,5.92,1.45,8.42,2.42,3.25,0.14
7400,8.68,5.92,1.45,8.42,2.42,3.25,0.14
7405,8.68,5.92,1.45,8.42,2.42,3.25,0.14
7410,8.68,5.92,1.45,8.42,2.42,3.25,0.14
7415,8.68,5.92,1.45,8.42,2.42,3.25,0.14
7420,8.68,5.92,1.45,8.42,2.42,3.25,0.14
7425,8.68,5.92,1.45,8.42,2.42,3.25,0.14
7430,8.68,5.92,1.45,8.42,2.42,3.25,0.14
7435,8.68,5.92,1.45,8.42,2.42,3.25,0.14
7440,8.68,5.92,1.45,8.42,2.42,3.25,0.14
7445,8.68,5.92,1.45,8.42,2.42,3.25,0.14
7450,8.68,5.92,1.45,8.42,2.42,3.25,0.14
7455,8.68,5.92,1.45,8.42,2.42,3.25,0.14
7460,8.68,5.92,1.45,8.42,2.42,3.25,0.14
7465,8.68,5.92,1.45,8.42,2.42,3.25,0.14
7470,8.68,5.92,1.45,8.42,2.42,3.25,0.14
7475,8.68,5.92,1.45,8.42,2.42,3.25,0.14
7480,8.68,5.92,1.45,8.42,2.42,3.25,0.14
7485,8.68,5.92,1.45,8.42,2.42,3.25,0.14
7490,8.68,5.92,1.45,8.42,2.42,3.25,0.14
7495,8.68,5.92,1.45,8.42,2.42,3.25,0.14
7500,8.68,5.92,1.45,8.42,2.42,3.25,0.14
7505,8.68,5.92,1.45,8.42,2.42,3.25,0.14
7510,8.68,5.92,1.45,8.42,2.42,3.25,0.14
7515,8.68,5.92,1.45,8.42,2.42,3.25,0.14
7520,8.68,5.92,1.45,8.42,2.42,3.25,0.14
7525,8.68,5.92,1.45,8.42,2.42,3.25,0.14
7530,8.68,5.92,1.45,8.42,2.42,3.25,0.14
7535,8.68,5.92,1.45,8.42,2.42,3.25,0.14
7540,8.68,5.92,1.45,8.42,2.42,3.25,0.14
7545,8.68,5.92,1.45,8.42,2.42,3.25,0.14
7550,8.68,5.92,1.45,8.42,2.42,3.25,0.14
7555,8.68,5.92,1.45,8.42,2.42,3.25,0.14
7560,8.68,5.92,1.45,8.42,2.42,3.25,0.14
7565,8.68,5.92,1.45,8.42,2.42,3.25,0.14
7570,8.68,5.92,1.45,8.42,2.42,3.25,0.14
7575,8.68,5.92,1.45,8.42,2.42,3.25,0.14
7580,8.68,5.92,1.45,8.42,2.42,3.25,0.14
7585,8.68,5.92,1.45,8.42,2.42,3.25,0.14
7590,8.68,5.92,1.45,8.42,2.42,3.25,0.14
7595,8.68,5.92,1.45,8.42,2.42,3.25,0.14
7600,8.68,5.92,1.45,8.42,2.42,3.25,0.14
7605,8.68,5.92,1.45,8.42,2.42,3.25,0.14
7610,8.68,5.92,1.45,8.42,2.42,3.25,0.14
7615,8.68,5.92,1.45,8.42,2.42,3.25,0.14
7620,8.68,5.92,1.45,8.42,2.42,3.25,0.14
7625,8.68,5.92,1.45,8.42,2.42,3.25,0.14
7630,8.68,5.92,1.45,8.42,2.42,3.25,0.14
7635,8.68,5.92,1.45,8.42,2.42,3.25,0.14
7640,8.68,5.92,1.45,8.42,2.42,3.25,0.14
7645,8.68,5.92,1.45,8.42,2.42,3.25,0.14
7650,8.68,5.92,1.45,8.42,2.42,3.25,0.14
7655,8.68,5.92,1.45,8.42,2.42,3.25,0.14
7660,8.68,5.92,1.45,8.42,2.42,3.25,0.14
7665,8.68,5.92,1.45,8.42,2.42,3.25,0.14
7670,8.68,5.92,1.45,8.42,2.42,3.25,0.14
7675,8.68,5.92,1.45,8.42,2.42,3.25,0.14
7680,8.68,5.92,1.45,8.42,2.42,3.25,0.14
7685,8.68,5.92,1.45,8.42,2.42,3.25,0.14
7690,8.68,5.92,1.45,8.42,2.42,3.25,0.14
7695,8.68,5.92,1.45,8.42,2.42,3.25,0.14
7700,8.68,5.92,1.45,8.42,2.42,3.25,0.14
7705,8.68,5.92,1.45,8.42,2.42,3.25,0.14
7710,8.68,5.92,1.45,8.42,2.42,3.25,0.14
7715,8.68,5.92,1.45,8.42,2.42,3.25,0.14
7720,8.68,5.92,1.45,8.42,2.42,3.25,0.14
7725,8.68,5.92,1.45,8.42,2.42,3.25,0.14
7730,8.68,5.92,1.45,8.42,2.42,3.25,0.14
7735,8.68,5.92,1.45,8.42,2.42,3.25,0.14
7740,8.68,5.92,1.45,8.42,2.42,3.25,0.14
7745,8.68,5.92,1.45,8.42,2.42,3.25,0.14
7750,8.68,5.92,1.45,8.42,2.42,3.25,0.14
7755,8.68,5.92,1.45,8.42,2.42,3.25,0.14
7760,8.68,5.92,1.45,8.42,2.42,3.25,0.14
7765,8.68,5.92,1.45,8.42,2.42,3.25,0.14
7770,8.68,5.92,1.45,8.42,2.42,3.25,0.14
7775,8.68,5.92,1.45,8.42,2.42,3.25,0.14
7780,8.68,5.92,1.45,8.42,2.42,3.25,0.14
7785,8.68,5.92,1.45,8.42,2.42,3.25,0.14
7790,8.68,5.92,1.45,8.42,2.42,3.25,0.14
7795,8.68,5.92,1.45,8.42,2.42,3.25,0.14
7800,8.7,5.83,1.88,5.62,2.31,3.37,0.14
7805,8.7,5.83,1.88,5.62,2.31,3.37,0.14
7810,8.7,5.83,1.88,5.62,2.31,3.37,0.14
7815,8.7,5.83,1.88,5.62,2.31,3.37,0.14
7820,8.7,5.83,1.88,5.62,2.31,3.37,0.14
7825,8.7,5.83,1.88,5.62,2.31,3.37,0.14
7830,8.7,5.83,1.88,5.62,2.31,3.37,0.14
7835,8.7,5.83,1.88,5.62,2.31,3.37,0.14
7840,8.7,5.83,1.88,5.62,2.31,3.37,0.14
7845,8.7,5.83,1.88,5.62,2.31,3.37,0.14
7850,8.7,5.83,1.88,5.62,2.31,3.37,0.14
7855,8.7,5.83,1.88,5.62,2.31,3.37,0.14
7860,8.7,5.83,1.88,5.62,2.31,3.37,0.14
7865,8.7,5.83,1.88,5.62,2.31,3.37,0.14
7870,8.7,5.83,1.88,5.62,2.31,3.37,0.14
7875,8.7,5.83,1.88,5.62,2.31,3.37,0.14
7880,8.7,5.83,1.88,5.62,2.31,3.37,0.14
7885,8.7,5.83,1.88,5.62,2.31,3.37,0.14
7890,8.7,5.83,1.88,5.62,2.31,3.37,0.14
7895,8.7,5.83,1.88,5.62,2.31,3.37,0.14
7900,8.7,5.83,1.88,5.62,2.31,3.37,0.14
7905,8.7,5.83,1.88,5.62,2.31,3.37,0.14
7910,8.7,5.83,1.88,5.62,2.31,3.37,0.14
7915,8.7,5.83,1.88,5.62,2.31,3.37,0.14
7920,8.7,5.83,1.88,5.62,2.31,3.37,0.14
7925,8.7,5.83,1.88,5.62,2.31,3.37,0.14
7930,8.7,5.83,1.88,5.62,2.31,3.37,0.14
7935,8.7,5.83,1.88,5.62,2.31,3.37,0.14
7940,8.7,5.83,1.88,5.62,2.31,3.37,0.14
7945,8.7,5.83,1.88,5.62,2.31,3.37,0.14
7950,8.7,5.83,1.88,5.62,2.31,3.37,0.14
7955,8.7,5.83,1.88,5.62,2.31,3.37,0.14
7960,8.7,5.83,1.88,5.62,2.31,3.37,0.14
7965,8.7,5.83,1.88,5.62,2.31,3.37,0.14
7970,8.7,5.83,1.88,5.62,2.31,3.37,0.14
7975,8.7,5.83,1.88,5.62,2.31,3.37,0.14
7980,8.7,5.83,1.88,5.62,2.31,3.37,0.14
7985,8.7,5.83,1.88,5.62,2.31,3.37,0.14
7990,8.7,5.83,1.88,5.62,2.31,3.37,0.14
7995,8.7,5.83,1.88,5.62,2.31,3.37,0.14
8000,8.7,5.83,1.88,5.62,2.31,3.37,0.14
8005,8.7,5.83,1.88,5.62,2.31,3.37,0.14
8010,8.7,5.83,1.88,5.62,2.31,3.37,0.14
8015,8.7,5.83,1.88,5.62,2.31,3.37,0.14
8020,8.7,5.83,1.88,5.62,2.31,3.37,0.14
8025,8.7,5.83,1.88,5.62,2.31,3.37,0.14
8030,8.7,5.83,1.88,5.62,2.31,3.37,0.14
8035,8.7,5.83,1.88,5.62,2.31,3.37,0.14
8040,8.7,5.83,1.88,5.62,2.31,3.37,0.14
8045,8.7,5.83,1.88,5.62,2.31,3.37,0.14
8050,8.7,5.83,1.88,5.62,2.31,3.37,0.14
8055,8.7,5.83,1.88,5.62,2.31,3.37,0.14
8060,8.7,5.83,1.88,5.62,2.31,3.37,0.14
8065,8.7,5.83,1.88,5.62,2.31,3.37,0.14
8070,8.7,5.83,1.88,5.62,2.31,3.37,0.14
8075,8.7,5.83,1.88,5.62,2.31,3.37,0.14
8080,8.7,5.83,1.88,5.62,2.31,3.37,0.14
8085,8.7,5.83,1.88,5.62,2.31,3.37,0.14
8090,8.7,5.83,1.88,5.62,2.31,3.37,0.14
8095,8.7,5.83,1.88,5.62,2.31,3.37,0.14
8100,8.7,5.83,1.88,5.62,2.31,3.37,0.14
8105,8.7,5.83,1.88,5.62,2.31,3.37,0.14
8110,8.7,5.83,1.88,5.62,2.31,3.37,0.14
8115,8.7,5.83,1.88,5.62,2.31,3.37,0.14
8120,8.7,5.83,1.88,5.62,2.31,3.37,0.14
8125,8.7,5.83,1.88,5.62,2.31,3.37,0.14
8130,8.7,5.83,1.88,5.62,2.31,3.37,0.14
8135,8.7,5.83,1.88,5.62,2.31,3.37,0.14
8140,8.7,5.83,1.88,5.62,2.31,3.37,0.14
8145,8.7,5.83,1.88,5.62,2.31,3.37,0.14
8150,8.7,5.83,1.88,5.62,2.31,3.37,0.14
8155,8.7,5.83,1.88,5.62,2.31,3.37,0.14
8160,8.7,5.83,1.88,5.62,2.31,3.37,0.14
8165,8.7,5.83,1.88,5.62,2.31,3.37,0.14
8170,8.7,5.83,1.88,5.62,2.31,3.37,0.14
8175,8.7,5.83,1.88,5.62,2.31,3.37,0.14
8180,8.7,5.83,1.88,5.62,2.31,3.37,0.14
8185,8.7,5.83,1.88,5.62,2.31,3.37,0.14
8190,8.7,5.83,1.88,5.62,2.31,3.37,0.14
8195,8.7,5.83,1.88,5.62,2.31,3.37,0.14
8200,8.7,5.83,1.88,5.62,2.31,3.37,0.14
8205,8.7,5.83,1.88,5.62,2.31,3.37,0.14
8210,8.7,5.83,1.88,5.62,2.31,3.37,0.14
8215,8.7,5.83,1.88,5.62,2.31,3.37,0.14
8220,8.7,5.83,1.88,5.62,2.31,3.37,0.14
8225,8.7,5.83,1.88,5.62,2.31,3.37,0.14
8230,8.7,5.83,1.88,5.62,2.31,3.37,0.14
8235,8.7,5.83,1.88,5.62,2.31,3.37,0.14
8240,8.7,5.83,1.88,5.62,2.31,3.37,0.14
8245,8.7,5.83,1.88,5.62,2.31,3.37,0.14
8250,8.7,5.83,1.88,5.62,2.31,3.37,0.14
8255,8.7,5.83,1.88,5.62,2.31,3.37,0.14
8260,8.7,5.83,1.88,5.62,2.31,3.37,0.14
8265,8.7,5.83,1.88,5.62,2.31,3.37,0.14
8270,8.7,5.83,1.88,5.62,2.31,3.37,0.14
8275,8.7,5.83,1.88,5.62,2.31,3.37,0.14
8280,8.7,5.83,1.88,5.62,2.31,3.37,0.14
8285,8.7,5.83,1.88,5.62,2.31,3.37,0.14
8290,8.7,5.83,1.88,5.62,2.31,3.37,0.14
8295,8.7,5.83,1.88,5.62,2.31,3.37,0.14
8300,8.7,5.83,1.88,5.62,2.31,3.37,0.14
8305,8.7,5.83,1.88,5.62,2.31,3.37,0.14
8310,8.7,5.83,1.88,5.62,2.31,3.37,0.14
8315,8.7,5.83,1.88,5.62,2.31,3.37,0.14
8320,8.7,5.83,1.88,5.62,2.31,3.37,0.14
8325,8.7,5.83,1.88,5.62,2.31,3.37,0.14
8330,8.7,5.83,1.88,5.62,2.31,3.37,0.14
8335,8.7,5.83,1.88,5.62,2.31,3.37,0.14
8340,8.7,5.83,1.88,5.62,2.31,3.37,0.14
8345,8.7,5.83,1.88,5.62,2.31,3.37,0.14
8350,8.7,5.83,1.88,5.62,2.31,3.37,0.14
8355,8.7,5.83,1.88,5.62,2.31,3.37,0.14
8360,8.7,5.83,1.88,5.62,2.31,3.37,0.14
8365,8.7,5.83,1.88,5.62,2.31,3.37,0.14
8370,8.7,5.83,1.88,5.62,2.31,3.37,0.14
8375,8.7,5.83,1.88,5.62,2.31,3.37,0.14
8380,8.7,5.83,1.88,5.62,2.31,3.37,0.14
8385,8.7,5.83,1.88,5.62,2.31,3.37,0.14
8390,8.7,5.83,1.88,5.62,2.31,3.37,0.14
8395,8.7,5.83,1.88,5.62,2.31,3.37,0.14
8400,8.42,5.7,2.02,4.18,2.27,3.28,0.14
8405,8.42,5.7,2.02,4.18,2.27,3.28,0.14
8410,8.42,5.7,2.02,4.18,2.27,3.28,0.14
8415,8.42,5.7,2.02,4.18,2.27,3.28,0.14
8420,8.42,5.7,2.02,4.18,2.27,3.28,0.14
8425,8.42,5.7,2.02,4.18,2.27,3.28,0.14
8430,8.42,5.7,2.02,4.18,2.27,3.28,0.14
8435,8.42,5.7,2.02,4.18,2.27,3.28,0.14
8440,8.42,5.7,2.02,4.18,2.27,3.28,0.14
8445,8.42,5.7,2.02,4.18,2.27,3.28,0.14
8450,8.42,5.7,2.02,4.18,2.27,3.28,0.14
8455,8.42,5.7,2.02,4.18,2.27,3.28,0.14
8460,8.42,5.7,2.02,4.18,2.27,3.28,0.14
8465,8.42,5.7,2.02,4.18,2.27,3.28,0.14
8470,8.42,5.7,2.02,4.18,2.27,3.28,0.14
8475,8.42,5.7,2.02,4.18,2.27,3.28,0.14
8480,8.42,5.7,2.02,4.18,2.27,3.28,0.14
8485,8.42,5.7,2.02,4.18,2.27,3.28,0.14
8490,8.42,5.7,2.02,4.18,2.27,3.28,0.14
8495,8.42,5.7,2.02,4.18,2.27,3.28,0.14
8500,8.42,5.7,2.02,4.18,2.27,3.28,0.14
8505,8.42,5.7,2.02,4.18,2.27,3.28,0.14
8510,8.42,5.7,2.02,4.18,2.27,3.28,0.14
8515,8.42,5.7,2.02,4.18,2.27,3.28,0.14
8520,8.42,5.7,2.02,4.18,2.27,3.28,0.14
8525,8.42,5.7,2.02,4.18,2.27,3.28,0.14
8530,8.42,5.7,2.02,4.18,2.27,3.28,0.14
8535,8.42,5.7,2.02,4.18,2.27,3.28,0.14
8540,8.42,5.7,2.02,4.18,2.27,3.28,0.14
8545,8.42,5.7,2.02,4.18,2.27,3.28,0.14
8550,8.42,5.7,2.02,4.18,2.27,3.28,0.14
8555,8.42,5.7,2.02,4.18,2.27,3.28,0.14
8560,8.42,5.7,2.02,4.18,2.27,3.28,0.14
8565,8.42,5.7,2.02,4.18,2.27,3.28,0.14
8570,8.42,5.7,2.02,4.18,2.27,3.28,0.14
8575,8.42,5.7,2.02,4.18,2.27,3.28,0.14
8580,8.42,5.7,2.02,4.18,2.27,3.28,0.14
8585,8.42,5.7,2.02,4.18,2.27,3.28,0.14
8590,8.42,5.7,2.02,4.18,2.27,3.28,0.14
8595,8.42,5.7,2.02,4.18,2.27,3.28,0.14
8600,8.42,5.7,2.02,4.18,2.27,3.28,0.14
8605,8.42,5.7,2.02,4.18,2.27,3.28,0.14
8610,8.42,5.7,2.02,4.18,2.27,3.28,0.14
8615,8.42,5.7,2.02,4.18,2.27,3.28,0.14
8620,8.42,5.7,2.02,4.18,2.27,3.28,0.14
8625,8.42,5.7,2.02,4.18,2.27,3.28,0.14
8630,8.42,5.7,2.02,4.18,2.27,3.28,0.14
8635,8.42,5.7,2.02,4.18,2.27,3.28,0.14
8640,8.42,5.7,2.02,4.18,2.27,3.28,0.14
8645,8.42,5.7,2.02,4.18,2.27,3.28,0.14
8650,8.42,5.7,2.02,4.18,2.27,3.28,0.14
8655,8.42,5.7,2.02,4.18,2.27,3.28,0.14
8660,8.42,5.7,2.02,4.18,2.27,3.28,0.14
8665,8.42,5.7,2.02,4.18,2.27,3.28,0.14
8670,8.42,5.7,2.02,4.18,2.27,3.28,0.14
8675,8.42,5.7,2.02,4.18,2.27,3.28,0.14
8680,8.42,5.7,2.02,4.18,2.27,3.28,0.14
8685,8.42,5.7,2.02,4.18,2.27,3.28,0.14
8690,8.42,5.7,2.02,4.18,2.27,3.28,0.14
8695,8.42,5.7,2.02,4.18,2.27,3.28,0.14
8700,8.42,5.7,2.02,4.18,2.27,3.28,0.14
8705,8.42,5.7,2.02,4.18,2.27,3.28,0.14
8710,8.42,5.7,2.02,4.18,2.27,3.28,0.14
8715,8.42,5.7,2.02,4.18,2.27,3.28,0.14
8720,8.42,5.7,2.02,4.18,2.27,3.28,0.14
8725,8.42,5.7,2.02,4.18,2.27,3.28,0.14
8730,8.42,5.7,2.02,4.18,2.27,3.28,0.14
8735,8.42,5.7,2.02,4.18,2.27,3.28,0.14
8740,8.42,5.7,2.02,4.18,2.27,3.28,0.14
8745,8.42,5.7,2.02,4.18,2.27,3.28,0.14
8750,8.42,5.7,2.02,4.18,2.27,3.28,0.14
8755,8.42,5.7,2.02,4.18,2.27,3.28,0.14
8760,8.42,5.7,2.02,4.18,2.27,3.28,0.14
8765,8.42,5.7,2.02,4.18,2.27,3.28,0.14
8770,8.42,5.7,2.02,4.18,2.27,3.28,0.14
8775,8.42,5.7,2.02,4.18,2.27,3.28,0.14
8780,8.42,5.7,2.02,4.18,2.27,3.28,0.14
8785,8.42,5.7,2.02,4.18,2.27,3.28,0.14
8790,8.42,5.7,2.02,4.18,2.27,3.28,0.14
8795,8.42,5.7,2.02,4.18,2.27,3.28,0.14
8800,8.42,5.7,2.02,4.18,2.27,3.28,0.14
8805,8.42,5.7,2.02,4.18,2.27,3.28,0.14
8810,8.42,5.7,2.02,4.18,2.27,3.28,0.14
8815,8.42,5.7,2.02,4.18,2.27,3.28,0.14
8820,8.42,5.7,2.02,4.18,2.27,3.28,0.14
8825,8.42,5.7,2.02,4.18,2.27,3.28,0.14
8830,8.42,5.7,2.02,4.18,2.27,3.28,0.14
8835,8.42,5.7,2.02,4.18,2.27,3.28,0.14
8840,8.42,5.7,2.02,4.18,2.27,3.28,0.14
8845,8.42,5.7,2.02,4.18,2.27,3.28,0.14
8850,8.42,5.7,2.02,4.18,2.27,3.28,0.14
8855,8.42,5.7,2.02,4.18,2.27,3.28,0.14
8860,8.42,5.7,2.02,4.18,2.27,3.28,0.14
8865,8.42,5.7,2.02,4.18,2.27,3.28,0.14
8870,8.42,5.7,2.02,4.18,2.27,3.28,0.14
8875,8.42,5.7,2.02,4.18,2.27,3.28,0.14
8880,8.42,5.7,2.02,4.18,2.27,3.28,0.14
8885,8.42,5.7,2.02,4.18,2.27,3.28,0.14
8890,8.42,5.7,2.02,4.18,2.27,3.28,0.14
8895,8.42,5.7,2.02,4.18,2.27,3.28,0.14
8900,8.42,5.7,2.02,4.18,2.27,3.28,0.14
8905,8.42,5.7,2.02,4.18,2.27,3.28,0.14
8910,8.42,5.7,2.02,4.18,2.27,3.28,0.14
8915,8.42,5.7,2.02,4.18,2.27,3.28,0.14
8920,8.42,5.7,2.02,4.18,2.27,3.28,0.14
8925,8.42,5.7,2.02,4.18,2.27,3.28,0.14
8930,8.42,5.7,2.02,4.18,2.27,3.28,0.14
8935,8.42,5.7,2.02,4.18,2.27,3.28,0.14
8940,8.42,5.7,2.02,4.18,2.27,3.28,0.14
8945,8.42,5.7,2.02,4.18,2.27,3.28,0.14
8950,8.42,5.7,2.02,4.18,2.27,3.28,0.14
8955,8.42,5.7,2.02,4.18,2.27,3.28,0.14
8960,8.42,5.7,2.02,4.18,2.27,3.28,0.14
8965,8.42,5.7,2.02,4.18,2.27,3.28,0.14
8970,8.42,5.7,2.02,4.18,2.27,3.28,0.14
8975,8.42,5.7,2.02,4.18,2.27,3.28,0.14
8980,8.42,5.7,2.02,4.18,2.27,3.28,0.14
8985,8.42,5.7,2.02,4.18,2.27,3.28,0.14
8990,8.42,5.7,2.02,4.18,2.27,3.28,0.14
8995,8.42,5.7,2.02,4.18,2.27,3.28,0.14
9000,9.57,5.55,2.13,4.2,2.03,3.13,0.13
9005,9.57,5.55,2.13,4.2,2.03,3.13,0.13
9010,9.57,5.55,2.13,4.2,2.03,3.13,0.13
9015,9.57,5.55,2.13,4.2,2.03,3.13,0.13
9020,9.57,5.55,2.13,4.2,2.03,3.13,0.13
9025,9.57,5.55,2.13,4.2,2.03,3.13,0.13
9030,9.57,5.55,2.13,4.2,2.03,3.13,0.13
9035,9.57,5.55,2.13,4.2,2.03,3.13,0.13
9040,9.57,5.55,2.13,4.2,2.03,3.13,0.13
9045,9.57,5.55,2.13,4.2,2.03,3.13,0.13
9050,9.57,5.55,2.13,4.2,2.03,3.13,0.13
9055,9.57,5.55,2.13,4.2,2.03,3.13,0.13
9060,9.57,5.55,2.13,4.2,2.03,3.13,0.13
9065,9.57,5.55,2.13,4.2,2.03,3.13,0.13
9070,9.57,5.55,2.13,4.2,2.03,3.13,0.13
9075,9.57,5.55,2.13,4.2,2.03,3.13,0.13
9080,9.57,5.55,2.13,4.2,2.03,3.13,0.13
9085,9.57,5.55,2.13,4.2,2.03,3.13,0.13
