ts,changchun,haerbin,jinan,shenyang,taiyuan,tianjin,wulanchabu
50,100.0,100.0,98.24,0.79,100.0,0.41,100.0
55,100.0,100.0,98.24,0.79,100.0,0.41,100.0
60,100.0,100.0,100.0,0.79,100.0,100.0,100.0
65,100.0,100.0,100.0,0.79,100.0,100.0,100.0
70,100.0,100.0,100.0,0.79,100.0,100.0,100.0
75,100.0,100.0,100.0,0.79,100.0,100.0,100.0
80,100.0,100.0,100.0,0.79,100.0,100.0,100.0
85,100.0,100.0,100.0,0.79,100.0,100.0,100.0
90,100.0,100.0,100.0,0.79,100.0,100.0,100.0
95,100.0,100.0,100.0,0.79,100.0,100.0,100.0
100,100.0,100.0,100.0,0.79,100.0,100.0,100.0
105,100.0,100.0,100.0,0.79,100.0,100.0,100.0
110,100.0,100.0,100.0,0.79,100.0,100.0,100.0
115,100.0,100.0,100.0,0.79,100.0,100.0,100.0
120,100.0,100.0,100.0,0.8,100.0,100.0,100.0
125,100.0,100.0,100.0,0.79,100.0,100.0,100.0
130,100.0,100.0,100.0,0.79,100.0,100.0,100.0
135,100.0,100.0,100.0,0.79,100.0,100.0,100.0
140,100.0,100.0,100.0,0.79,100.0,100.0,100.0
145,100.0,100.0,100.0,0.79,100.0,100.0,99.17
150,100.0,100.0,100.0,0.79,100.0,100.0,66.06
155,100.0,100.0,100.0,0.79,100.0,100.0,62.26
160,100.0,100.0,100.0,0.79,100.0,100.0,62.26
165,25.25,100.0,100.0,0.79,100.0,100.0,61.82
170,11.43,100.0,100.0,0.79,100.0,100.0,61.82
175,11.43,100.0,100.0,0.79,100.0,100.0,61.82
180,100.0,100.0,100.0,74.0,100.0,100.0,57.06
185,100.0,100.0,100.0,70.93,100.0,100.0,62.26
190,100.0,100.0,100.0,70.93,100.0,100.0,62.26
195,100.0,100.0,100.0,70.93,100.0,100.0,62.26
200,100.0,100.0,100.0,70.93,100.0,100.0,61.98
205,100.0,100.0,100.0,70.93,100.0,100.0,61.82
210,100.0,100.0,100.0,70.93,100.0,100.0,61.82
215,100.0,100.0,100.0,70.93,100.0,100.0,61.82
220,100.0,100.0,100.0,70.93,100.0,100.0,61.82
225,100.0,100.0,100.0,70.93,100.0,100.0,61.82
230,75.41,100.0,100.0,70.93,100.0,0.41,61.82
235,73.56,100.0,100.0,70.93,100.0,0.41,61.82
240,100.0,100.0,100.0,100.0,100.0,100.0,100.0
245,100.0,100.0,100.0,100.0,100.0,100.0,100.0
250,100.0,100.0,100.0,100.0,100.0,100.0,100.0
255,100.0,100.0,100.0,100.0,100.0,100.0,100.0
260,100.0,100.0,100.0,100.0,100.0,100.0,100.0
265,100.0,100.0,100.0,100.0,100.0,100.0,100.0
270,100.0,100.0,100.0,100.0,100.0,100.0,100.0
275,100.0,100.0,100.0,100.0,100.0,100.0,100.0
280,100.0,100.0,100.0,100.0,100.0,100.0,100.0
285,100.0,100.0,100.0,100.0,100.0,100.0,100.0
290,100.0,100.0,100.0,100.0,100.0,100.0,100.0
295,100.0,100.0,100.0,70.93,100.0,100.0,100.0
300,7.02,100.0,100.0,72.53,100.0,100.0,100.0
305,78.58,100.0,100.0,72.53,100.0,100.0,100.0
310,100.0,100.0,100.0,73.39,100.0,100.0,100.0
315,100.0,100.0,100.0,73.39,100.0,100.0,100.0
320,100.0,100.0,100.0,73.39,100.0,100.0,100.0
325,100.0,100.0,100.0,73.39,100.0,100.0,100.0
330,100.0,100.0,100.0,73.39,100.0,100.0,100.0
335,100.0,100.0,100.0,73.39,100.0,100.0,100.0
340,100.0,100.0,100.0,73.39,100.0,100.0,100.0
345,100.0,100.0,100.0,73.39,100.0,100.0,100.0
350,100.0,100.0,100.0,73.39,100.0,100.0,100.0
355,100.0,100.0,100.0,73.39,100.0,100.0,100.0
360,100.0,100.0,100.0,73.39,100.0,100.0,100.0
365,100.0,100.0,100.0,73.39,100.0,100.0,100.0
370,100.0,100.0,100.0,73.39,100.0,100.0,100.0
375,100.0,100.0,100.0,73.39,100.0,100.0,100.0
380,100.0,100.0,100.0,73.39,100.0,100.0,100.0
385,100.0,100.0,100.0,73.39,100.0,100.0,100.0
390,100.0,100.0,100.0,73.39,100.0,100.0,100.0
395,100.0,100.0,100.0,100.0,100.0,100.0,100.0
400,100.0,100.0,100.0,100.0,100.0,100.0,100.0
405,100.0,100.0,100.0,100.0,100.0,100.0,100.0
410,100.0,100.0,100.0,100.0,100.0,100.0,100.0
415,100.0,100.0,100.0,100.0,100.0,100.0,100.0
420,100.0,100.0,100.0,100.0,100.0,100.0,100.0
425,100.0,100.0,100.0,100.0,100.0,100.0,100.0
430,100.0,100.0,100.0,100.0,100.0,100.0,100.0
435,100.0,100.0,100.0,100.0,100.0,100.0,100.0
440,100.0,100.0,100.0,100.0,100.0,100.0,100.0
445,100.0,100.0,100.0,100.0,100.0,100.0,100.0
450,100.0,100.0,100.0,100.0,100.0,100.0,100.0
455,100.0,100.0,100.0,100.0,100.0,100.0,100.0
460,100.0,100.0,100.0,100.0,100.0,100.0,100.0
465,100.0,100.0,100.0,100.0,100.0,100.0,100.0
470,100.0,100.0,100.0,100.0,100.0,100.0,100.0
475,100.0,100.0,100.0,100.0,100.0,100.0,100.0
480,100.0,100.0,100.0,100.0,100.0,100.0,100.0
485,100.0,100.0,100.0,100.0,100.0,100.0,100.0
490,100.0,100.0,100.0,100.0,100.0,100.0,100.0
495,100.0,100.0,100.0,100.0,100.0,100.0,100.0
500,100.0,100.0,100.0,100.0,100.0,100.0,100.0
505,100.0,100.0,100.0,100.0,100.0,100.0,100.0
510,100.0,100.0,100.0,100.0,100.0,100.0,100.0
515,100.0,100.0,100.0,100.0,100.0,100.0,100.0
520,100.0,100.0,100.0,100.0,100.0,100.0,100.0
525,100.0,100.0,100.0,100.0,100.0,100.0,100.0
530,100.0,100.0,100.0,100.0,100.0,100.0,100.0
535,100.0,100.0,100.0,100.0,100.0,100.0,100.0
540,100.0,100.0,100.0,72.53,100.0,100.0,100.0
545,100.0,100.0,100.0,72.53,100.0,100.0,100.0
550,100.0,100.0,100.0,72.53,100.0,100.0,100.0
555,100.0,100.0,100.0,72.53,100.0,100.0,100.0
560,100.0,100.0,100.0,72.53,100.0,100.0,100.0
565,100.0,100.0,100.0,72.53,100.0,100.0,100.0
570,100.0,100.0,100.0,72.53,100.0,100.0,100.0
575,100.0,100.0,100.0,72.53,100.0,100.0,100.0
580,100.0,100.0,100.0,72.53,100.0,100.0,100.0
585,100.0,100.0,100.0,72.53,100.0,100.0,100.0
590,100.0,100.0,100.0,72.53,100.0,100.0,100.0
595,100.0,100.0,100.0,72.53,100.0,100.0,100.0
600,100.0,99.96,100.0,72.34,99.05,99.99,99.85
605,100.0,99.96,100.0,72.34,98.93,99.99,99.83
610,100.0,99.96,100.0,72.34,98.89,99.99,99.83
615,100.0,99.96,100.0,72.34,98.86,99.99,99.82
620,100.0,99.96,100.0,72.34,98.84,99.99,99.82
625,100.0,99.95,100.0,72.34,98.82,99.99,99.82
630,100.0,99.95,100.0,72.34,98.8,99.99,99.81
635,100.0,99.95,100.0,100.0,98.79,99.99,99.81
640,100.0,99.95,45.25,100.0,98.77,0.4,99.81
645,100.0,99.95,45.25,100.0,98.76,0.4,99.81
650,100.0,99.95,45.25,100.0,98.75,0.4,99.81
655,100.0,99.95,45.25,100.0,98.74,0.4,99.8
660,100.0,99.95,41.7,100.0,98.73,0.4,99.8
665,100.0,99.95,41.98,100.0,98.73,0.4,99.8
670,100.0,99.95,42.51,100.0,98.72,0.4,99.8
675,100.0,99.95,42.42,100.0,98.71,0.4,99.8
680,100.0,99.95,42.42,100.0,98.71,0.4,99.8
685,100.0,99.95,42.42,100.0,98.7,0.4,99.8
690,100.0,99.95,42.42,100.0,98.7,0.4,99.8
695,100.0,99.95,42.42,100.0,98.69,0.4,99.8
700,100.0,99.95,42.42,100.0,98.69,0.4,99.79
705,100.0,99.95,42.42,100.0,98.68,0.4,99.79
710,100.0,99.95,46.4,100.0,98.68,0.4,99.79
715,100.0,99.95,48.4,100.0,98.67,0.4,99.79
720,100.0,99.95,48.4,100.0,98.67,0.4,99.79
725,100.0,99.95,45.03,100.0,98.67,0.4,99.79
730,100.0,99.95,45.03,100.0,98.66,0.4,99.79
735,100.0,99.95,45.03,100.0,98.66,0.4,99.79
740,100.0,99.95,45.03,100.0,98.66,0.4,99.79
745,100.0,99.95,45.03,100.0,98.66,0.4,99.79
750,100.0,99.95,45.03,100.0,98.65,0.4,99.79
755,100.0,99.95,45.03,100.0,98.65,0.4,99.79
760,100.0,99.95,45.03,100.0,98.65,0.4,99.79
765,100.0,99.95,45.03,100.0,98.65,0.4,99.79
770,100.0,99.95,45.03,100.0,98.64,0.4,99.79
775,100.0,99.95,45.03,100.0,98.64,0.4,99.79
780,100.0,99.95,42.72,100.0,98.64,0.4,99.79
785,100.0,99.95,35.95,100.0,98.64,0.4,99.79
790,100.0,99.95,35.95,100.0,98.64,0.4,99.79
795,100.0,99.95,35.95,100.0,98.64,0.4,99.79
800,100.0,99.95,35.95,100.0,98.63,0.4,99.79
805,100.0,99.95,35.95,100.0,98.63,0.4,99.79
810,100.0,99.95,35.95,100.0,98.63,0.4,99.79
815,100.0,99.95,35.95,100.0,98.63,0.4,99.79
820,100.0,99.95,35.95,100.0,98.63,0.4,99.79
825,100.0,99.95,35.95,100.0,98.63,0.4,99.79
830,100.0,99.95,35.95,100.0,98.63,0.4,99.79
835,100.0,99.95,35.95,100.0,98.63,0.4,99.79
840,100.0,99.95,35.95,100.0,98.63,0.4,99.79
845,100.0,99.95,25.61,100.0,98.63,0.4,99.79
850,100.0,99.95,25.61,100.0,98.62,0.4,99.79
855,100.0,99.95,25.61,100.0,98.62,0.4,99.79
860,100.0,99.95,25.61,100.0,98.62,0.4,99.78
865,100.0,99.95,25.61,100.0,98.62,0.4,99.78
870,100.0,99.95,25.61,100.0,98.62,0.4,99.78
875,100.0,99.95,25.61,100.0,98.62,0.4,99.78
880,100.0,99.95,25.61,100.0,98.62,0.4,99.78
885,100.0,99.95,25.61,100.0,98.62,0.4,99.78
890,100.0,99.95,25.61,100.0,98.62,0.4,99.78
895,100.0,99.95,25.61,100.0,98.62,0.4,99.78
900,100.0,99.95,25.61,100.0,98.62,0.4,99.78
905,100.0,99.95,25.61,100.0,98.62,0.4,99.78
910,100.0,99.95,25.61,100.0,98.62,0.4,99.78
915,100.0,99.95,25.61,100.0,98.62,0.4,99.78
920,100.0,99.95,25.61,100.0,98.62,0.4,99.78
925,100.0,99.95,25.61,100.0,98.62,0.4,99.78
930,100.0,99.95,25.61,100.0,98.62,0.4,99.78
935,100.0,99.95,25.61,100.0,98.62,0.4,99.78
940,100.0,99.95,25.61,100.0,98.62,0.4,99.78
945,100.0,99.95,25.61,100.0,98.62,0.4,99.78
950,100.0,99.95,25.61,100.0,98.62,0.4,99.78
955,100.0,99.95,25.61,100.0,98.62,0.4,99.78
960,100.0,99.95,25.61,100.0,98.62,0.4,99.78
965,100.0,99.95,25.61,100.0,98.62,0.4,99.78
970,100.0,99.95,25.61,100.0,98.61,0.4,99.78
975,100.0,99.95,36.75,100.0,98.61,0.4,99.78
980,100.0,99.95,45.03,100.0,98.61,0.4,99.78
985,100.0,99.95,45.03,100.0,98.61,0.4,99.78
990,100.0,99.95,96.56,100.0,98.61,0.4,99.78
995,100.0,99.95,100.0,100.0,98.61,0.4,99.78
1000,100.0,99.95,100.0,100.0,98.61,0.4,99.78
1005,100.0,99.95,100.0,100.0,98.61,0.4,99.78
1010,100.0,99.95,100.0,100.0,98.61,0.4,99.78
1015,100.0,99.95,100.0,100.0,98.61,0.4,99.78
1020,100.0,99.95,100.0,100.0,98.61,0.4,99.78
1025,100.0,99.95,100.0,100.0,98.61,0.4,99.78
1030,100.0,99.95,100.0,99.99,98.61,0.4,99.78
1035,100.0,99.95,100.0,99.99,98.61,0.4,99.78
1040,100.0,99.95,100.0,99.99,98.61,0.4,99.78
1045,100.0,99.95,100.0,99.99,98.61,0.4,99.78
1050,100.0,99.95,99.99,99.99,98.61,0.4,99.78
1055,100.0,99.95,99.99,99.99,98.61,0.4,99.78
1060,100.0,99.95,99.99,99.99,98.61,0.4,99.78
1065,100.0,99.95,99.99,99.99,98.61,0.4,99.78
1070,100.0,99.95,99.99,99.99,98.61,0.4,99.78
1075,100.0,99.95,99.99,99.99,98.61,0.4,99.78
1080,100.0,99.95,99.99,99.99,98.61,0.4,99.78
1085,100.0,99.95,99.99,99.99,98.61,0.4,99.78
1090,100.0,99.95,99.99,99.99,98.61,0.4,99.78
1095,100.0,99.95,99.99,99.99,98.61,0.4,99.78
1100,100.0,99.95,99.99,99.99,98.61,0.4,99.78
1105,100.0,99.95,99.99,99.99,98.61,0.4,99.78
1110,100.0,99.95,99.99,99.99,98.61,0.4,99.78
1115,100.0,99.95,99.99,99.99,98.61,0.4,99.78
1120,100.0,99.95,99.99,99.99,98.61,0.4,99.78
1125,100.0,99.95,99.99,99.99,98.61,0.4,99.78
1130,100.0,99.95,99.99,99.99,98.61,0.4,99.78
1135,100.0,99.95,99.99,99.99,98.61,0.4,99.78
1140,100.0,99.95,99.99,99.99,98.61,0.4,99.78
1145,100.0,99.95,99.99,99.99,98.61,0.4,99.78
1150,100.0,99.95,99.99,99.99,98.61,0.4,99.78
1155,100.0,99.95,99.99,99.99,98.61,0.4,99.78
1160,100.0,99.95,99.99,99.99,98.61,0.4,99.78
1165,100.0,99.95,99.99,99.99,98.61,0.4,99.78
1170,100.0,99.95,99.99,99.99,98.61,0.4,99.78
1175,100.0,99.95,99.99,99.99,98.61,0.4,99.78
1180,100.0,99.95,99.99,99.99,98.61,0.4,99.78
1185,100.0,99.95,99.99,99.99,98.61,0.4,99.78
1190,100.0,99.95,99.99,99.99,98.61,0.4,99.78
1195,100.0,99.95,99.99,99.99,98.61,0.4,99.78
1200,99.6,99.93,99.97,99.98,96.99,0.4,99.48
1205,99.55,99.93,99.97,99.98,96.96,0.4,99.47
1210,99.54,99.93,99.97,99.98,96.94,0.4,99.47
1215,99.52,99.93,99.97,99.98,96.91,0.4,99.46
1220,99.51,99.93,99.97,99.98,96.89,0.4,99.46
1225,99.5,99.93,99.97,99.98,96.87,0.4,99.45
1230,99.49,99.93,99.97,99.98,96.85,0.4,99.45
1235,99.48,99.93,99.97,99.98,96.83,0.4,99.45
1240,99.48,99.93,99.97,99.98,96.81,0.4,99.44
1245,99.47,99.93,99.97,99.98,96.79,0.4,99.44
1250,99.46,99.93,99.97,99.98,96.77,0.4,99.43
1255,99.46,99.93,99.97,99.98,96.75,0.4,99.43
1260,99.45,99.93,99.97,99.98,96.73,0.4,99.43
1265,99.45,99.93,99.97,99.98,96.72,0.4,99.42
1270,99.44,99.93,99.97,99.98,96.7,0.4,99.42
1275,99.44,99.93,99.97,99.98,96.69,0.4,99.42
1280,99.44,99.93,99.97,99.98,96.67,0.4,99.42
1285,99.43,99.93,99.97,99.98,96.66,0.4,99.41
1290,99.43,99.93,99.97,99.98,96.65,0.4,99.41
1295,99.42,99.93,99.97,99.98,96.63,0.4,99.41
1300,99.42,99.93,99.97,99.98,96.62,0.4,99.41
1305,99.42,99.93,99.97,99.98,96.61,0.4,99.4
1310,99.41,99.93,99.97,99.98,96.59,0.4,99.4
1315,99.41,99.93,99.97,99.98,96.58,0.4,99.4
1320,99.41,99.93,99.97,99.98,96.57,0.4,99.4
1325,99.4,99.93,99.97,99.98,21.55,0.4,99.39
1330,99.4,99.93,99.97,99.98,17.12,0.4,99.39
1335,99.4,99.93,99.97,99.98,17.12,0.4,99.39
1340,99.4,99.93,99.97,99.98,17.12,0.4,99.39
1345,99.39,99.93,99.97,99.98,17.12,0.4,99.39
1350,99.39,99.93,99.97,99.98,17.12,0.4,99.38
1355,99.39,99.93,99.97,99.98,17.12,0.4,99.38
1360,99.39,99.93,99.97,99.98,17.12,0.4,99.38
1365,99.38,99.93,99.97,99.98,17.12,0.4,99.38
1370,99.38,99.93,99.97,99.98,17.12,0.4,99.38
1375,99.38,99.93,99.97,99.98,17.12,0.4,99.37
1380,99.38,99.93,99.97,99.98,17.12,0.4,99.37
1385,99.37,99.93,99.97,99.98,17.12,0.4,99.37
1390,99.37,99.93,99.97,99.98,17.12,0.4,99.37
1395,99.37,99.93,99.97,99.98,17.12,0.4,99.37
1400,99.37,99.93,99.97,99.98,17.12,0.4,99.37
1405,99.37,99.93,99.97,99.98,17.12,0.4,99.37
1410,99.36,99.93,99.97,99.98,17.12,0.4,99.36
1415,99.36,99.93,99.97,99.98,17.12,0.4,99.36
1420,99.36,99.93,99.97,99.98,17.12,0.4,99.36
1425,99.36,99.93,99.97,99.98,17.12,0.4,99.36
1430,99.36,99.93,99.97,99.98,17.12,0.4,99.36
1435,99.36,99.93,99.97,99.98,17.12,0.4,99.36
1440,99.35,99.93,99.97,99.98,17.12,0.4,99.36
1445,99.35,99.93,99.97,99.98,17.12,0.4,99.35
1450,99.35,99.93,99.97,99.98,17.12,0.4,99.35
1455,99.35,99.93,99.97,99.98,17.12,0.4,99.35
1460,99.35,99.93,99.97,99.98,17.12,0.4,99.35
1465,99.35,99.93,99.97,99.98,17.12,0.4,99.35
1470,99.34,99.93,99.97,99.98,17.12,0.4,99.35
1475,99.34,99.93,99.97,99.98,17.12,0.4,99.35
1480,99.34,99.93,99.97,99.98,17.12,0.4,99.35
1485,99.34,99.93,99.97,99.98,17.12,0.4,99.34
1490,99.34,99.93,99.97,99.98,17.12,0.4,99.34
1495,99.34,99.93,99.97,99.98,17.12,0.4,99.34
1500,99.34,99.93,99.97,99.98,17.12,0.4,99.34
1505,99.33,99.93,99.97,99.98,17.12,0.4,99.34
1510,99.33,99.93,99.97,99.98,17.12,0.4,99.34
1515,99.33,99.93,99.97,99.98,17.12,0.4,99.34
1520,99.33,99.93,99.97,99.98,17.12,0.4,99.34
1525,99.33,99.93,99.97,99.98,17.12,0.4,99.34
1530,99.33,99.93,99.97,99.98,17.12,0.4,99.34
1535,99.33,99.93,99.97,99.98,17.12,0.4,99.33
1540,99.33,99.93,99.97,99.98,17.12,0.4,99.33
1545,99.33,99.93,99.97,99.98,17.12,0.4,99.33
1550,99.32,99.93,99.97,99.98,17.12,0.4,99.33
1555,99.32,99.93,99.97,99.98,17.12,0.4,99.33
1560,99.32,99.93,99.97,99.98,17.12,12.27,99.33
1565,99.32,99.93,99.97,99.98,17.12,13.49,99.33
1570,99.32,99.93,99.97,99.98,17.12,13.49,99.33
1575,99.32,99.93,99.97,99.98,17.12,13.49,99.33
1580,99.32,99.93,99.97,99.98,17.12,13.48,99.33
1585,99.32,99.93,99.97,99.98,17.12,13.48,99.32
1590,99.32,99.93,99.97,99.98,17.12,13.48,99.32
1595,99.31,99.93,99.97,99.98,17.12,13.48,99.32
1600,99.31,99.93,99.97,99.98,17.12,13.47,99.32
1605,99.31,99.93,99.97,99.98,17.12,13.47,99.32
1610,99.31,99.93,99.97,99.98,17.12,13.47,99.32
1615,99.31,99.93,99.97,99.98,17.12,13.47,99.32
1620,99.31,99.93,99.97,99.98,17.12,13.46,99.32
1625,99.31,99.93,99.97,99.98,17.12,13.46,99.32
1630,99.31,99.93,99.97,99.98,17.12,13.46,99.32
1635,99.31,99.93,99.97,99.98,17.12,13.46,99.32
1640,99.31,99.93,99.97,99.98,17.12,13.45,99.32
1645,99.3,99.93,99.97,99.98,17.12,13.45,99.32
1650,99.3,99.93,99.97,99.98,17.12,13.45,99.31
1655,99.3,99.93,99.97,99.98,17.12,13.45,99.31
1660,99.3,99.93,99.97,99.98,17.12,13.44,99.31
1665,99.3,99.93,99.97,99.98,17.12,13.44,99.31
1670,99.3,99.93,99.97,99.98,17.12,13.44,99.31
1675,99.3,99.93,99.97,99.98,17.12,13.44,99.31
1680,99.3,99.93,99.97,99.98,17.12,13.44,99.31
1685,99.3,99.93,99.97,99.98,17.12,13.43,99.31
1690,99.3,99.93,99.97,99.98,17.12,13.43,99.31
1695,99.3,99.93,99.97,99.98,17.12,13.43,99.31
1700,99.3,99.93,99.97,99.98,17.12,13.43,99.31
1705,99.29,99.93,99.97,99.98,17.12,13.42,99.31
1710,99.29,99.93,99.97,99.98,17.12,13.42,99.31
1715,99.29,99.93,99.97,99.98,17.12,13.42,99.31
1720,99.29,99.93,99.97,99.98,17.12,13.42,99.3
1725,99.29,99.93,99.97,99.98,17.12,13.42,99.3
1730,99.29,99.93,99.97,99.98,17.12,13.41,99.3
1735,99.29,99.93,99.97,99.98,17.12,13.41,99.3
1740,99.29,99.93,99.97,99.98,17.12,13.41,99.3
1745,99.29,99.93,99.97,99.98,17.12,13.41,99.3
1750,99.29,99.93,99.97,99.98,17.12,13.41,99.3
1755,99.29,99.93,99.97,99.98,17.12,13.4,99.3
1760,99.29,99.93,99.97,99.98,17.12,13.4,99.3
1765,99.29,99.93,99.97,99.98,17.12,13.4,99.3
1770,99.28,99.93,99.97,99.98,17.12,13.4,99.3
1775,99.28,99.93,99.97,99.98,17.12,13.4,99.3
1780,99.28,99.93,99.97,99.98,17.12,13.39,99.3
1785,99.28,99.93,99.97,99.98,17.12,13.39,99.3
1790,99.28,99.93,99.97,99.98,17.12,13.39,99.3
1795,99.28,99.93,99.97,99.98,17.12,13.39,99.3
1800,98.72,99.91,99.98,99.98,15.46,13.34,99.04
1805,98.71,99.91,99.98,99.98,15.46,13.34,99.03
1810,98.7,99.91,99.98,99.98,15.46,13.34,99.03
1815,98.69,99.91,99.98,99.98,15.46,13.34,99.03
1820,98.68,99.91,99.98,99.98,15.46,13.34,99.02
1825,98.68,99.91,99.98,99.98,15.46,13.34,99.02
1830,98.67,99.91,99.98,99.98,15.46,13.34,99.02
1835,98.66,99.9,99.98,99.98,15.46,13.34,99.01
1840,98.65,99.9,99.98,99.98,15.46,13.33,99.01
1845,98.64,99.9,99.98,99.98,15.46,13.33,99.01
1850,98.64,99.9,99.98,99.98,15.46,13.32,99.01
1855,98.63,99.9,99.98,99.98,15.46,13.32,99.0
1860,98.62,99.9,99.98,99.98,15.46,13.31,99.0
1865,98.61,99.9,99.98,99.98,15.46,13.31,99.0
1870,98.61,99.9,99.98,99.98,15.46,13.3,98.99
1875,98.6,99.9,99.98,99.98,15.46,13.3,98.99
1880,98.59,99.9,99.98,99.98,15.46,13.29,98.99
1885,98.59,99.9,99.98,99.98,15.46,13.29,98.99
1890,98.58,99.9,99.98,99.98,15.46,13.28,98.98
1895,98.58,99.9,99.98,99.98,15.46,13.28,98.98
1900,98.57,99.9,99.98,99.98,15.46,13.27,98.98
1905,98.56,99.9,99.98,99.98,15.46,13.27,98.98
1910,98.56,99.9,99.98,99.98,15.46,13.27,98.97
1915,98.55,99.9,99.98,99.98,15.46,13.26,98.97
1920,98.55,99.9,99.98,99.98,15.46,13.26,98.97
1925,98.54,99.9,99.98,99.98,15.46,13.25,98.97
1930,98.54,99.9,99.98,99.98,15.46,13.25,98.96
1935,98.53,99.9,99.98,99.98,15.46,13.24,98.96
1940,98.53,99.9,99.98,99.98,15.46,13.24,98.96
1945,98.52,99.9,99.98,99.98,15.46,13.24,98.96
1950,98.52,99.9,99.98,99.98,15.46,13.23,98.96
1955,98.51,99.9,99.98,99.98,15.46,13.23,98.95
1960,98.51,99.9,99.98,99.98,15.46,13.22,98.95
1965,98.5,99.9,99.98,99.98,15.46,13.22,98.95
1970,98.5,99.9,99.98,99.98,15.46,13.22,98.95
1975,98.49,99.9,99.98,99.98,15.46,13.21,98.94
1980,98.49,99.9,99.98,99.98,15.46,13.21,98.94
1985,98.48,99.9,99.98,99.98,15.46,13.2,98.94
1990,98.48,99.9,99.98,99.98,15.46,13.2,98.94
1995,98.47,99.9,99.98,99.98,15.46,13.2,98.94
2000,98.47,99.9,99.98,99.98,15.46,13.19,98.93
2005,98.47,99.9,99.98,99.98,15.46,13.19,98.93
2010,98.46,99.9,99.98,99.98,15.46,13.18,98.93
2015,98.46,99.9,99.98,99.98,15.46,13.18,98.93
2020,98.45,99.9,99.98,99.98,15.46,13.18,98.93
2025,98.45,99.9,99.98,99.98,15.46,13.17,98.93
2030,98.45,99.9,99.98,99.98,15.46,13.17,98.92
2035,98.44,99.9,99.98,99.98,15.46,13.17,98.92
2040,98.44,99.9,99.98,99.98,15.46,13.16,98.92
2045,98.43,99.9,99.98,99.98,15.46,13.16,98.92
2050,98.43,99.9,99.98,99.98,15.46,13.16,98.92
2055,98.43,99.9,99.98,99.98,15.46,13.15,98.91
2060,98.42,99.9,99.98,99.98,15.46,13.15,98.91
2065,98.42,99.9,99.98,99.98,15.46,13.14,98.91
2070,98.42,99.9,99.98,99.98,15.46,13.14,98.91
2075,98.41,99.9,99.98,99.98,15.46,13.14,98.91
2080,98.41,99.9,99.98,99.98,15.46,13.13,98.91
2085,98.4,99.9,99.98,99.98,15.46,13.13,98.9
2090,98.4,99.9,99.98,99.98,15.46,13.13,98.9
2095,98.4,99.9,99.98,99.98,15.46,13.12,98.9
2100,98.39,99.9,99.98,99.98,15.46,13.12,98.9
2105,98.39,99.9,99.98,99.98,15.46,13.12,98.9
2110,98.39,99.9,99.98,99.98,15.46,13.11,98.9
2115,98.38,99.9,99.98,99.98,15.46,13.11,98.89
2120,98.38,99.9,99.98,99.98,15.46,13.11,98.89
2125,98.38,99.9,99.98,99.98,15.46,13.1,98.89
2130,98.38,99.9,99.98,99.98,15.46,13.1,98.89
2135,98.37,99.9,99.98,99.98,15.46,13.1,98.89
2140,98.37,99.9,99.98,99.98,15.46,13.09,98.89
2145,98.37,99.9,99.98,99.98,15.46,13.09,98.88
2150,98.36,99.9,99.98,99.98,15.46,13.09,98.88
2155,98.36,99.9,99.98,99.98,15.46,13.09,98.88
2160,98.36,99.9,99.98,99.98,15.46,13.08,98.88
2165,98.35,99.9,99.98,99.98,15.46,13.08,98.88
2170,98.35,99.9,99.98,99.98,15.46,13.06,98.88
2175,98.35,99.9,99.98,99.98,15.46,13.07,98.88
2180,98.34,99.9,99.98,99.98,15.46,13.07,98.87
2185,98.34,99.9,99.98,99.98,15.46,13.07,98.87
2190,98.34,99.9,99.98,99.98,15.46,13.06,98.87
2195,98.34,99.9,99.98,99.98,15.46,13.06,98.87
2200,98.33,99.9,99.98,99.98,15.46,13.06,98.87
2205,98.33,99.9,99.98,99.98,15.46,13.05,98.87
2210,98.33,99.9,99.98,99.98,15.46,13.05,98.87
2215,98.33,99.9,99.98,99.98,15.46,13.05,98.86
2220,98.32,99.9,99.98,99.98,15.46,13.05,98.86
2225,98.32,99.9,99.98,99.98,15.46,13.04,98.86
2230,98.32,99.9,99.98,99.98,15.46,13.04,98.86
2235,98.31,99.9,99.98,99.98,15.46,13.04,98.86
2240,98.31,99.89,99.98,99.98,15.46,13.03,98.86
2245,98.31,99.89,99.98,99.98,15.46,13.03,98.86
2250,98.31,99.89,99.98,99.98,15.46,13.03,98.85
2255,98.3,99.89,99.98,99.98,15.46,13.03,98.85
2260,98.3,99.89,99.98,99.98,15.46,13.02,98.85
2265,98.3,99.89,99.98,99.98,15.46,13.02,98.85
2270,98.3,99.89,99.98,99.98,15.46,13.02,98.85
2275,98.29,99.89,99.98,99.98,15.46,13.01,98.85
2280,98.29,99.89,99.98,99.98,15.46,13.01,98.85
2285,98.29,99.89,99.98,99.98,15.46,13.01,98.85
2290,98.29,99.89,99.98,99.98,15.46,13.01,98.84
2295,98.28,99.89,99.98,99.98,15.46,13.0,98.84
2300,98.28,99.89,99.98,99.98,15.46,13.0,98.84
2305,98.28,99.89,99.98,99.98,15.46,13.0,98.84
2310,98.28,99.89,99.98,99.98,15.46,13.0,98.84
2315,98.27,99.89,99.98,99.98,15.46,12.99,98.84
2320,98.27,99.89,99.98,99.98,15.46,12.99,98.84
2325,98.27,99.89,99.98,99.98,15.46,12.99,98.84
2330,98.27,99.89,99.98,99.98,15.46,12.99,98.83
2335,98.27,99.89,99.98,99.98,15.46,12.98,98.83
2340,98.26,99.89,99.98,99.98,15.46,12.98,98.83
2345,98.26,99.89,99.98,99.98,15.46,12.98,98.83
2350,98.26,99.89,99.98,99.98,15.46,12.97,98.83
2355,98.26,99.89,99.98,99.98,15.46,12.97,98.83
2360,98.25,99.89,99.98,99.98,15.46,12.97,98.83
2365,98.25,99.89,99.98,99.98,15.46,12.97,98.83
2370,98.25,99.89,99.98,99.98,15.46,12.96,98.83
2375,98.25,99.89,99.98,99.98,15.46,12.96,98.82
2380,98.25,99.89,99.98,99.98,15.46,12.96,98.82
2385,98.24,99.89,99.98,99.98,15.46,12.96,98.82
2390,98.24,99.89,99.98,99.98,15.46,12.95,98.82
2395,98.24,99.89,99.98,99.98,15.46,12.95,98.82
2400,97.64,100.0,99.98,99.94,13.6,12.94,98.54
2405,97.63,100.0,99.98,99.94,13.6,12.94,98.54
2410,97.62,100.0,99.98,99.94,13.6,12.93,98.54
2415,97.61,100.0,99.98,99.94,13.6,12.93,98.53
2420,97.6,99.99,99.98,99.93,13.6,12.93,98.53
2425,97.59,99.99,99.98,99.93,13.6,12.93,98.53
2430,97.58,99.99,99.98,99.93,13.6,12.92,98.52
2435,97.57,99.99,99.98,99.93,13.6,12.92,98.52
2440,97.57,99.99,99.98,99.93,13.6,12.92,98.52
2445,97.56,99.99,99.98,99.93,13.6,12.92,98.51
2450,97.55,99.99,99.98,99.93,13.6,12.91,98.51
2455,97.54,99.99,99.98,99.93,13.6,12.91,98.51
2460,97.53,99.99,99.98,99.93,13.6,29.9,98.5
2465,97.52,99.99,99.98,99.93,13.6,62.5,98.5
2470,97.52,99.99,99.98,99.93,13.6,62.49,98.5
2475,97.51,99.99,99.98,99.93,13.6,62.49,98.49
2480,97.5,99.99,99.98,99.93,13.6,62.49,98.49
2485,97.49,99.98,99.98,99.93,13.6,62.49,98.49
2490,97.49,99.98,99.98,99.93,13.6,62.48,98.48
2495,97.48,99.98,99.98,99.93,13.6,62.48,98.48
2500,97.47,99.98,99.98,99.93,13.6,62.48,98.48
2505,97.47,99.98,99.98,99.93,13.6,62.48,98.47
2510,97.46,99.98,99.98,99.93,13.6,62.47,98.47
2515,97.46,99.98,99.98,99.92,13.6,62.47,98.47
2520,97.45,99.98,99.98,99.92,13.6,62.47,98.47
2525,97.45,99.98,99.98,99.92,13.6,62.47,98.47
2530,97.44,99.98,99.98,99.92,13.6,62.47,98.47
2535,97.44,99.98,99.98,99.92,13.6,62.47,98.46
2540,97.43,99.98,99.98,99.92,13.6,62.46,98.46
2545,97.43,99.98,99.98,99.92,13.6,62.46,98.46
2550,97.42,99.98,99.98,99.92,13.6,62.46,98.46
2555,97.42,99.98,99.98,99.92,13.6,62.46,98.46
2560,97.41,99.98,99.98,99.92,13.6,62.46,98.46
2565,97.41,99.98,99.98,99.92,13.6,62.46,98.46
2570,97.41,99.98,99.98,99.92,13.6,62.46,98.45
2575,97.4,99.97,99.98,99.92,13.6,62.45,98.45
2580,97.4,99.97,99.98,99.92,13.6,62.45,98.45
2585,97.39,99.97,99.98,99.92,13.6,62.45,98.45
2590,97.39,99.97,99.98,99.92,13.6,62.45,98.45
2595,97.39,99.97,99.98,99.92,13.6,62.45,98.45
2600,97.38,99.97,99.98,99.92,13.6,62.45,98.45
2605,97.38,99.97,99.98,99.92,13.6,62.45,98.44
2610,97.37,99.97,99.98,99.92,13.6,62.44,98.44
2615,97.37,99.97,99.98,99.92,13.6,62.44,98.44
2620,97.37,99.97,99.98,99.92,13.6,62.44,98.44
2625,97.36,99.97,99.98,99.92,13.6,62.44,98.44
2630,97.36,99.97,99.98,99.92,13.6,62.44,98.44
2635,97.36,99.97,99.98,99.92,13.6,62.44,98.44
2640,97.35,99.97,99.98,99.92,13.6,62.44,98.44
2645,97.35,99.97,99.98,99.92,13.6,62.44,98.44
2650,97.35,99.97,99.98,99.92,13.6,62.43,98.43
2655,97.34,99.97,99.98,99.92,13.6,62.43,98.43
2660,97.34,99.97,99.98,99.92,13.6,62.43,98.43
2665,97.34,99.97,99.98,99.92,13.6,62.43,98.43
2670,97.34,99.97,99.98,99.92,13.6,62.43,98.43
2675,97.33,99.97,99.98,99.92,13.6,62.43,98.43
2680,97.33,99.97,99.98,99.92,13.6,62.43,98.43
2685,97.33,99.97,99.98,99.92,13.6,62.43,98.43
2690,97.32,99.96,99.98,99.92,13.6,62.42,98.43
2695,97.32,99.96,99.98,99.92,13.6,62.42,98.43
2700,97.32,99.96,99.98,99.92,13.6,62.42,98.42
2705,97.32,99.96,99.98,99.92,13.6,62.42,98.42
2710,97.31,99.96,99.98,99.92,13.6,62.42,98.42
2715,97.31,99.96,99.98,99.91,13.6,62.42,98.42
2720,97.31,99.96,99.98,99.91,13.6,62.42,98.42
2725,97.31,99.96,99.98,99.91,13.6,62.42,98.42
2730,97.3,99.96,99.98,99.91,13.6,62.42,98.42
2735,97.3,99.96,99.98,99.91,13.6,62.41,98.42
2740,97.3,99.96,99.98,99.91,13.6,62.41,98.42
2745,97.3,99.96,99.98,99.91,13.6,62.41,98.42
2750,97.29,99.96,99.98,99.91,13.6,62.41,98.42
2755,97.29,99.96,99.98,99.91,13.6,62.41,98.42
2760,97.29,99.96,99.98,99.91,13.6,62.41,98.42
2765,97.29,99.96,99.98,99.91,13.6,62.41,98.41
2770,97.29,99.96,99.98,99.91,13.6,62.41,98.41
2775,97.28,99.96,99.98,99.91,13.6,62.41,98.41
2780,97.28,99.96,99.98,99.91,13.6,62.4,98.41
2785,97.28,99.96,99.98,99.91,90.2,62.4,98.41
2790,97.28,99.96,99.98,99.91,90.2,62.4,98.41
2795,97.28,99.96,99.98,99.91,90.19,62.4,98.41
2800,97.27,99.96,99.98,99.91,90.19,62.4,98.41
2805,97.27,99.96,99.98,99.91,90.18,62.4,98.41
2810,97.27,99.96,99.98,99.91,90.18,62.4,98.41
2815,97.27,99.96,99.98,99.91,90.18,62.4,98.41
2820,97.27,99.96,99.98,99.91,90.17,62.4,98.41
2825,97.27,99.96,99.98,99.91,90.17,62.4,98.41
2830,97.26,99.96,99.98,99.91,90.16,62.39,98.41
2835,97.26,99.96,99.98,99.91,90.16,62.39,98.41
2840,97.26,99.95,99.98,99.91,90.16,62.39,98.41
2845,97.26,99.95,99.98,99.91,90.15,62.39,98.41
2850,97.26,99.95,99.98,99.91,90.15,62.39,98.41
2855,97.26,99.95,99.98,99.91,90.15,62.39,98.41
2860,97.25,99.95,99.98,99.91,90.14,62.39,98.4
2865,97.25,99.95,99.98,99.91,90.14,62.39,98.4
2870,97.25,99.95,99.98,99.91,90.14,62.39,98.4
2875,97.25,99.95,99.98,99.91,90.13,62.39,98.4
2880,97.25,99.95,99.98,99.91,90.13,62.39,98.4
2885,97.25,99.95,99.98,99.91,90.13,62.38,98.4
2890,97.25,99.95,99.98,99.91,90.12,62.38,98.4
2895,97.24,99.95,99.98,99.91,90.12,62.38,98.4
2900,97.24,99.95,99.98,99.91,90.12,62.38,98.4
2905,97.24,99.95,99.98,99.91,90.12,62.38,98.4
2910,97.24,99.95,99.98,99.91,90.11,62.38,98.4
2915,97.24,99.95,99.98,99.91,90.11,62.38,98.4
2920,97.24,99.95,99.98,99.91,90.11,62.38,98.4
2925,97.24,99.95,99.98,99.91,90.11,62.38,98.4
2930,97.24,99.95,99.98,99.91,90.1,62.38,98.4
2935,97.23,99.95,99.98,99.91,90.1,62.38,98.4
2940,97.23,99.95,99.98,99.91,90.1,62.38,98.4
2945,97.23,99.95,99.98,99.91,90.1,62.37,98.4
2950,97.23,99.95,99.98,99.91,90.09,62.37,98.4
2955,97.23,99.95,99.98,99.91,90.09,62.37,98.4
2960,97.23,99.95,99.98,99.91,90.09,62.37,98.4
2965,97.23,99.95,99.98,99.91,90.09,62.37,98.4
2970,97.23,99.95,91.65,99.91,90.09,62.37,98.4
2975,97.23,99.95,91.65,99.91,90.09,62.37,98.4
2980,97.23,99.95,91.65,99.91,90.08,62.37,98.4
2985,97.22,99.95,91.64,99.91,90.08,62.37,98.4
2990,97.22,99.95,91.64,99.91,90.08,62.37,98.4
2995,97.22,99.95,91.64,99.91,90.08,62.37,98.4
3000,96.61,99.93,91.61,99.86,88.11,62.39,98.25
3005,96.6,99.93,91.59,99.86,88.09,62.39,98.25
3010,96.6,99.93,91.58,99.86,88.07,62.38,98.24
3015,96.59,99.93,91.57,99.86,88.05,62.38,98.24
3020,96.58,99.93,91.56,99.86,88.04,62.38,98.24
3025,96.58,99.93,91.55,99.86,88.02,62.38,98.24
3030,96.57,99.93,91.54,99.86,88.01,62.38,98.24
3035,96.57,99.93,91.53,99.86,87.99,62.38,98.24
3040,96.56,99.93,91.52,99.86,87.97,62.38,98.24
3045,96.55,99.93,91.51,99.86,87.96,62.38,98.24
3050,96.55,99.93,91.5,99.86,87.94,62.38,98.24
3055,96.54,99.93,91.49,99.86,87.93,62.37,98.23
3060,96.54,99.93,91.48,99.86,87.91,62.37,98.23
3065,96.53,99.93,91.47,99.85,87.9,62.37,98.23
3070,96.53,99.93,91.46,99.85,87.89,62.37,98.23
3075,96.52,99.93,91.45,99.85,87.87,62.37,98.23
3080,96.52,99.93,91.44,99.85,87.86,62.37,98.23
3085,96.51,99.93,91.43,99.85,87.84,62.37,98.23
3090,96.51,99.93,91.42,99.85,87.83,62.37,98.23
3095,96.5,99.93,91.41,99.85,87.82,62.37,98.23
3100,96.5,99.93,91.4,99.85,87.8,62.37,98.23
3105,96.49,99.93,91.39,99.85,87.79,62.36,98.23
3110,96.49,99.93,91.38,99.85,87.78,62.36,98.23
3115,96.48,99.93,91.38,99.85,87.77,62.36,98.22
3120,96.48,99.93,91.37,99.85,87.75,62.36,98.22
3125,96.48,99.93,91.36,99.85,87.74,62.36,98.22
3130,96.47,99.93,91.35,99.85,87.73,62.36,98.22
3135,96.47,99.93,91.34,99.85,87.72,62.36,98.22
3140,96.46,99.93,91.33,99.85,87.71,62.36,98.22
3145,96.46,99.93,91.33,99.85,87.69,62.36,98.22
3150,96.45,99.93,91.32,99.85,87.68,62.36,98.22
3155,96.45,99.93,91.31,99.85,87.67,62.35,98.22
3160,96.45,99.93,91.3,99.85,87.66,62.35,98.22
3165,96.44,99.93,91.3,99.85,87.65,62.35,98.22
3170,96.44,99.93,91.29,99.85,87.64,62.35,98.22
3175,96.44,99.92,91.28,99.85,87.63,62.35,98.22
3180,96.43,99.92,91.28,99.84,87.62,52.85,98.22
3185,96.43,99.92,91.27,99.84,87.61,7.82,98.21
3190,96.42,99.92,91.26,99.84,87.6,7.82,98.21
3195,96.42,99.92,91.26,99.84,87.59,7.82,98.21
3200,96.42,99.92,91.25,99.84,87.58,7.82,98.21
3205,96.41,99.92,91.24,99.84,87.57,7.82,98.21
3210,96.41,99.92,91.24,99.84,87.56,7.82,98.21
3215,96.41,99.92,91.23,99.84,87.55,7.82,98.21
3220,96.4,99.92,91.22,99.84,87.54,7.82,98.21
3225,96.4,99.92,91.22,99.84,87.53,7.82,98.21
3230,96.4,99.92,91.21,99.84,87.52,7.81,98.21
3235,96.39,99.92,91.21,99.84,87.52,7.81,98.21
3240,96.39,99.92,91.2,99.84,87.51,7.81,98.21
3245,96.39,99.92,91.19,99.84,87.5,7.81,98.21
3250,96.38,99.92,91.19,99.84,87.49,7.81,98.21
3255,96.38,99.92,91.18,99.84,87.48,7.81,98.21
3260,96.38,99.92,91.18,99.84,87.47,7.81,98.21
3265,96.38,99.92,91.17,99.84,87.47,7.81,98.21
3270,96.37,99.92,91.17,99.84,87.46,7.81,98.21
3275,96.37,99.92,91.16,99.84,87.45,7.81,98.21
3280,96.37,99.92,91.16,99.84,87.44,7.81,98.21
3285,96.36,99.92,91.15,99.84,87.44,7.81,98.21
3290,96.36,99.92,91.15,5.71,87.43,60.44,98.2
3295,96.36,99.92,91.14,2.28,87.42,62.33,98.2
3300,96.36,99.92,91.14,2.28,87.41,62.33,98.2
3305,96.35,99.92,91.13,2.28,87.41,62.33,98.2
3310,96.35,99.92,91.13,2.28,87.4,62.33,98.2
3315,96.35,99.92,91.12,2.28,87.39,62.33,98.2
3320,96.35,99.92,91.12,2.28,87.39,62.33,98.2
3325,96.34,99.92,91.11,2.28,87.38,62.32,98.2
3330,96.34,99.92,91.11,2.28,87.37,62.32,98.2
3335,96.34,99.92,91.1,2.28,87.37,62.32,98.2
3340,96.34,99.92,91.1,2.28,87.36,62.32,98.2
3345,96.33,99.92,91.09,2.28,87.35,62.32,98.2
3350,96.33,99.92,91.09,2.28,87.35,62.32,98.2
3355,96.33,99.92,91.08,2.28,87.34,62.32,98.2
3360,96.33,99.92,91.08,2.28,87.34,62.32,98.2
3365,96.33,99.92,91.08,2.28,87.33,62.32,98.2
3370,96.32,99.92,91.07,2.28,87.32,62.32,98.2
3375,96.32,99.92,91.07,2.28,87.32,62.32,98.2
3380,96.32,99.92,91.06,2.28,87.31,62.32,98.2
3385,96.32,99.92,91.06,2.28,87.31,62.32,98.2
3390,96.31,99.92,91.06,2.28,87.3,62.32,98.2
3395,96.31,99.92,91.05,2.28,87.3,62.31,98.2
3400,96.31,99.92,91.3,0.7,87.29,62.31,98.2
3405,96.31,99.92,95.62,0.7,87.29,62.31,98.2
3410,96.31,99.92,95.61,0.7,87.28,62.31,98.2
3415,96.31,99.92,95.61,0.7,87.28,62.31,98.2
3420,96.3,99.92,95.61,0.7,87.27,62.31,98.2
3425,96.3,99.92,95.6,0.7,87.27,62.31,98.2
3430,96.3,99.92,95.6,0.7,87.26,62.31,98.2
3435,96.3,99.92,95.59,0.7,87.26,62.31,98.2
3440,96.3,99.92,95.59,0.7,87.25,62.31,98.2
3445,96.29,99.92,95.59,0.7,87.25,62.31,98.2
3450,96.29,99.92,95.58,0.7,87.24,62.31,98.2
3455,96.29,99.92,95.58,0.7,87.24,62.31,98.2
3460,96.29,99.92,95.58,0.7,87.24,62.31,98.2
3465,96.29,99.92,95.57,0.7,87.23,62.31,98.2
3470,96.29,99.92,95.57,0.7,87.23,62.3,98.2
3475,96.28,99.92,95.57,0.7,87.22,62.3,98.2
3480,96.28,99.92,95.56,0.7,87.22,62.3,98.2
3485,96.28,99.92,95.56,0.7,87.21,99.97,98.2
3490,96.28,99.92,95.56,0.7,87.21,99.97,98.2
3495,96.28,99.92,95.56,0.7,87.21,99.97,98.2
3500,96.28,99.92,95.55,0.7,87.2,99.97,98.2
3505,96.28,99.92,95.55,0.7,87.2,99.97,98.2
3510,96.27,99.92,95.55,0.7,87.2,99.97,98.2
3515,96.27,99.92,95.54,0.7,87.19,99.97,98.2
3520,96.27,99.92,95.54,0.7,87.19,99.97,98.2
3525,96.27,99.92,95.54,0.7,87.19,99.97,98.2
3530,96.27,99.92,95.53,0.7,87.18,99.97,98.2
3535,96.27,99.92,95.53,0.7,87.18,99.97,98.2
3540,96.27,99.92,95.53,0.7,87.18,99.97,98.2
3545,96.27,99.92,95.53,0.7,87.17,99.97,98.2
3550,96.26,99.92,95.52,0.7,87.17,99.97,98.2
3555,96.26,99.92,95.52,0.7,87.17,99.97,98.2
3560,96.26,99.92,95.52,0.7,87.16,99.97,98.2
3565,96.26,99.92,95.52,0.7,87.16,99.97,98.2
3570,96.26,99.92,95.51,0.7,87.16,99.97,98.2
3575,96.26,99.92,95.51,0.7,87.16,99.97,98.2
3580,96.26,99.92,95.51,0.7,87.15,99.97,98.2
3585,96.26,99.92,95.51,0.7,87.15,99.97,98.2
3590,96.26,99.92,95.5,0.7,87.15,99.97,98.2
3595,96.25,99.92,95.5,0.7,87.15,99.97,98.2
3600,95.64,99.94,95.51,0.68,85.37,99.98,98.03
3605,95.64,99.94,95.5,0.68,85.36,99.98,98.03
3610,95.63,99.94,95.49,0.68,85.34,99.98,98.03
3615,95.63,99.94,95.48,0.68,85.33,99.98,98.03
3620,95.62,99.94,95.47,0.68,85.31,99.98,98.03
3625,95.62,99.94,95.46,0.68,85.3,99.98,98.03
3630,95.61,99.94,95.45,0.68,85.29,99.98,98.03
3635,95.61,99.94,95.45,0.68,85.28,99.98,98.03
3640,95.6,99.94,95.44,0.68,85.26,99.98,98.03
3645,95.6,99.94,95.43,0.68,85.25,99.98,98.03
3650,95.59,99.94,95.42,0.68,85.24,99.98,98.03
3655,95.59,99.94,95.41,0.68,85.23,99.98,98.02
3660,95.59,99.94,95.41,0.68,85.21,99.98,98.02
3665,95.58,99.94,95.4,0.68,85.2,99.98,98.02
3670,95.58,99.94,95.39,0.68,85.19,99.98,98.02
3675,95.57,99.93,95.38,0.68,85.18,99.98,98.02
3680,95.57,99.93,95.38,0.68,85.17,99.98,98.02
3685,95.56,99.93,95.37,0.68,85.16,99.98,98.02
3690,95.56,99.93,95.36,0.68,85.15,99.98,98.02
3695,95.55,99.93,95.36,0.68,85.14,99.98,98.02
3700,95.55,99.93,95.35,0.68,85.12,99.98,98.02
3705,95.55,99.93,95.34,0.68,85.11,99.98,98.02
3710,95.54,99.93,95.33,0.68,85.1,99.98,98.02
3715,95.54,99.93,95.33,0.68,85.09,99.98,98.02
3720,95.53,99.93,95.32,0.68,85.08,99.98,98.02
3725,95.53,99.93,95.31,0.68,85.07,99.98,98.02
3730,95.53,99.93,95.31,0.68,85.06,99.98,98.02
3735,95.52,99.93,95.3,0.68,85.05,99.98,98.02
3740,95.52,99.93,95.3,0.68,85.04,99.98,98.02
3745,95.52,99.93,95.29,0.68,85.03,99.98,98.01
3750,95.51,99.93,95.28,0.68,85.02,99.98,98.01
3755,95.51,99.93,95.28,0.68,85.01,99.98,98.01
3760,95.5,99.93,95.27,0.68,85.0,99.98,98.01
3765,95.5,99.93,95.27,0.68,85.0,99.98,98.01
3770,95.5,99.93,95.26,0.68,84.99,99.98,98.01
3775,95.49,99.93,95.25,0.68,84.98,99.98,98.01
3780,95.49,99.93,95.25,0.68,84.97,99.98,98.01
3785,71.34,99.93,95.24,0.68,84.96,99.98,98.01
3790,8.55,99.93,95.24,0.68,84.95,99.98,98.01
3795,8.55,99.93,95.23,0.68,84.94,99.98,98.01
3800,8.55,99.93,95.23,0.68,84.93,99.98,98.01
3805,8.55,99.93,95.22,0.68,84.93,99.98,98.01
3810,8.55,99.93,95.21,0.68,84.92,99.98,98.01
3815,8.55,99.93,95.21,0.68,84.91,99.98,98.01
3820,8.55,99.93,95.2,0.68,84.9,99.98,98.01
3825,8.55,99.93,95.2,0.68,84.89,99.98,98.01
3830,8.55,99.93,95.19,0.68,84.89,99.98,98.01
3835,8.55,99.93,95.19,0.68,84.88,99.98,98.01
3840,4.48,99.93,95.18,2.16,84.87,99.98,98.01
3845,4.24,99.93,95.18,2.25,84.86,99.98,98.01
3850,4.24,99.93,95.17,2.25,84.86,99.98,98.01
3855,4.24,99.93,95.17,2.25,84.85,99.98,98.01
3860,4.24,99.93,95.16,2.25,84.84,99.98,98.01
3865,4.24,99.93,95.16,2.25,84.84,99.98,98.01
3870,4.24,99.93,95.16,2.25,84.83,99.98,98.01
3875,4.24,99.93,95.15,2.25,84.82,99.98,98.0
3880,4.24,99.93,95.15,2.25,84.81,99.98,98.0
3885,4.24,99.93,95.14,2.25,84.81,99.98,98.0
3890,4.24,99.93,95.14,2.25,84.8,99.98,98.0
3895,4.24,99.93,95.13,2.25,84.79,99.98,98.0
3900,4.24,99.93,95.13,2.25,84.79,99.98,98.0
3905,4.24,99.93,95.12,2.25,84.78,99.98,98.0
3910,4.24,99.93,95.12,2.25,84.78,99.98,98.0
3915,4.24,99.93,95.12,2.25,84.77,99.98,98.0
3920,4.24,99.93,95.11,2.25,84.76,99.98,98.0
3925,4.24,99.93,95.11,2.25,84.76,99.98,98.0
3930,4.24,99.93,95.1,2.25,84.75,99.98,98.0
3935,4.24,99.93,95.1,2.25,84.75,99.98,98.0
3940,4.24,99.93,95.1,2.25,84.74,99.98,98.0
3945,4.24,99.93,95.09,2.25,84.73,99.98,98.0
3950,4.24,99.93,95.09,2.25,84.73,99.98,98.0
3955,4.24,99.93,95.09,2.25,84.72,99.98,98.0
3960,4.24,99.93,95.08,2.25,84.72,99.98,98.0
3965,4.24,99.93,95.08,2.25,84.71,99.98,98.0
3970,4.24,99.93,95.07,2.25,84.71,99.98,98.0
3975,4.24,99.93,95.07,2.25,84.7,99.98,98.0
3980,4.24,99.93,95.07,2.25,84.7,99.98,98.0
3985,4.24,99.93,95.06,2.25,84.69,99.98,98.0
3990,4.24,99.93,95.06,2.25,84.69,99.98,98.0
3995,4.24,99.93,95.06,2.25,84.68,99.98,98.0
4000,4.24,99.93,95.05,2.25,84.68,99.98,98.0
4005,4.24,99.93,95.05,2.25,84.67,99.98,98.0
4010,4.24,99.93,95.05,2.25,84.67,99.98,98.0
4015,4.24,99.93,95.04,2.25,84.66,99.98,98.0
4020,4.24,99.93,95.04,2.25,84.66,99.98,98.0
4025,4.24,99.93,95.04,2.25,84.65,99.98,98.0
4030,4.24,99.93,95.03,2.25,84.65,99.98,98.0
4035,4.24,99.93,95.03,2.25,84.64,99.98,98.0
4040,4.24,99.93,95.03,2.25,84.64,99.98,98.0
4045,4.24,99.93,95.02,2.25,84.64,99.98,98.0
4050,4.24,99.93,95.02,2.25,84.63,99.98,98.0
4055,4.24,99.93,95.02,2.25,84.63,99.98,98.0
4060,4.24,99.93,95.02,2.25,84.62,99.98,98.0
4065,4.24,99.93,95.01,2.25,84.62,99.98,98.0
4070,4.24,99.93,95.01,2.25,84.62,99.98,98.0
4075,4.24,99.93,95.01,2.25,84.61,99.98,98.0
4080,4.24,99.93,95.0,2.25,84.61,99.98,98.0
4085,4.24,99.93,95.0,2.25,84.6,99.98,98.0
4090,4.24,99.93,95.0,2.25,84.6,99.98,98.0
4095,4.24,99.93,95.0,2.25,84.6,99.98,98.0
4100,4.24,99.93,94.99,2.25,84.59,99.98,98.0
4105,4.24,99.93,94.99,2.25,84.59,99.98,98.0
4110,4.24,99.93,94.99,2.25,84.59,99.98,98.0
4115,4.24,99.93,94.99,2.25,84.58,99.98,98.0
4120,4.24,99.93,94.98,2.25,84.58,99.98,98.0
4125,4.24,99.93,94.98,2.25,84.58,99.98,98.0
4130,4.24,99.93,94.98,2.24,84.57,99.98,98.0
4135,4.24,99.93,94.98,2.24,84.57,99.98,98.0
4140,4.24,99.93,94.97,2.24,84.57,99.98,98.0
4145,4.24,99.93,94.97,2.24,9.86,62.13,98.0
4150,4.24,99.93,94.97,2.24,9.86,62.12,98.0
4155,4.24,99.93,94.97,2.24,9.86,62.12,98.0
4160,4.24,99.93,94.97,2.24,9.86,62.12,98.0
4165,4.24,99.93,94.96,2.24,9.86,62.12,98.0
4170,4.24,99.93,94.96,2.24,9.86,62.12,98.0
4175,4.24,99.93,94.96,2.24,9.86,62.12,98.0
4180,4.24,99.93,94.96,2.24,9.86,62.12,98.0
4185,4.24,99.93,94.95,2.24,9.86,62.12,98.0
4190,4.24,99.93,94.95,2.24,9.86,62.11,98.0
4195,4.24,99.93,94.95,2.24,9.86,62.11,98.0
4200,3.67,99.91,94.92,2.48,8.01,62.11,97.73
4205,3.67,99.91,94.92,2.48,8.01,62.1,97.72
4210,3.67,99.91,94.91,2.48,8.01,62.1,97.72
4215,3.67,99.91,94.9,2.48,8.01,62.1,97.72
4220,3.67,99.91,94.89,2.48,8.01,62.09,97.72
4225,3.67,99.91,94.88,2.48,8.01,62.09,97.72
4230,3.67,99.91,94.87,2.48,8.01,62.09,97.72
4235,3.67,99.91,94.87,2.48,8.01,62.08,97.72
4240,3.67,99.91,94.86,2.48,8.01,62.08,97.72
4245,3.67,99.91,94.85,2.48,8.01,62.08,97.72
4250,3.67,99.91,94.84,2.48,8.01,62.07,97.71
4255,3.67,99.91,94.84,2.48,8.01,62.07,97.71
4260,3.67,99.91,94.83,2.48,8.01,62.06,97.71
4265,3.67,99.91,94.82,2.48,8.01,62.06,97.71
4270,3.67,99.91,94.82,2.48,8.01,62.06,97.71
4275,3.67,99.91,94.81,2.48,8.01,62.05,97.71
4280,3.67,99.91,94.8,2.48,8.01,62.05,97.71
4285,3.67,99.91,94.79,2.48,8.01,62.05,97.71
4290,3.67,99.91,94.79,2.48,8.01,62.04,97.71
4295,3.67,99.91,94.78,2.48,8.01,62.04,97.71
4300,3.67,99.91,94.77,2.48,8.01,62.04,97.7
4305,3.67,99.91,94.77,2.48,8.01,62.03,97.7
4310,3.67,99.91,94.76,2.48,8.01,62.03,97.7
4315,3.67,99.91,94.75,2.48,8.01,62.03,97.7
4320,3.67,99.91,94.75,2.48,8.01,62.02,97.7
4325,3.67,99.91,94.74,2.48,8.01,62.02,97.7
4330,3.67,99.91,94.73,2.48,8.01,62.02,97.7
4335,3.67,99.91,94.73,2.48,8.01,62.01,97.7
4340,3.67,99.91,94.72,2.48,8.01,62.01,97.7
4345,3.67,99.91,94.72,2.48,8.01,62.01,97.7
4350,3.67,99.91,94.71,2.48,8.01,62.0,97.7
4355,3.67,99.91,94.7,2.48,8.01,62.0,97.69
4360,3.67,99.91,94.7,2.48,8.01,62.0,97.69
4365,3.67,99.91,94.69,2.48,8.01,61.99,97.69
4370,3.67,99.91,94.69,2.48,8.01,61.99,97.69
4375,3.67,99.91,94.68,2.48,8.01,61.99,97.69
4380,3.67,99.91,94.67,2.48,8.01,61.99,97.69
4385,3.67,99.91,94.67,2.48,8.01,61.98,97.69
4390,3.67,99.91,94.78,2.48,8.01,61.98,97.69
4395,3.67,99.91,94.89,2.48,8.01,61.98,97.69
4400,3.67,99.91,94.89,2.48,8.01,61.97,97.69
4405,3.67,99.91,94.88,2.48,8.01,61.97,97.69
4410,3.67,99.91,94.87,2.48,8.01,61.97,97.69
4415,3.67,99.91,94.87,2.48,8.01,61.96,97.68
4420,3.67,99.91,94.86,2.48,8.01,61.96,97.68
4425,3.67,99.91,94.86,2.48,8.01,61.96,97.68
4430,3.67,99.91,94.85,2.48,8.01,61.96,97.68
4435,3.67,99.91,94.85,2.48,8.01,61.95,94.93
4440,3.67,99.91,94.84,2.48,8.01,61.95,58.66
4445,94.59,99.91,94.84,2.48,8.01,61.95,58.66
4450,94.59,99.91,94.83,2.48,8.01,61.94,58.66
4455,94.58,99.91,94.83,2.48,8.01,61.94,58.66
4460,94.58,99.91,94.82,2.48,8.01,61.94,58.66
4465,94.58,99.91,94.82,2.48,8.01,61.94,58.66
4470,94.58,99.91,94.81,2.48,8.01,61.93,58.66
4475,94.57,99.91,94.81,2.48,8.01,61.93,58.66
4480,94.57,99.91,94.81,2.48,8.01,61.93,58.66
4485,94.57,99.91,94.8,2.48,8.01,61.93,58.66
4490,94.57,99.91,94.8,2.48,8.01,61.92,58.66
4495,94.56,99.91,94.79,2.48,8.01,61.92,58.66
4500,94.56,99.91,94.79,2.48,8.01,61.92,58.66
4505,94.56,99.91,94.78,2.48,8.01,61.91,58.66
4510,94.56,99.91,94.78,2.48,8.01,61.91,58.66
4515,94.56,99.91,94.77,2.48,8.01,61.91,58.66
4520,94.55,99.91,94.77,2.48,8.01,61.91,58.66
4525,94.55,99.91,94.77,2.48,8.01,61.9,58.66
4530,94.55,99.91,94.76,2.48,8.01,61.9,58.66
4535,94.55,99.91,94.76,2.48,8.01,61.9,58.66
4540,94.55,99.91,94.75,2.48,8.01,61.9,58.66
4545,94.54,99.91,94.75,2.48,8.01,61.89,58.66
4550,94.54,99.91,94.75,2.48,8.01,61.89,58.66
4555,94.54,99.91,94.74,2.48,8.01,61.89,58.66
4560,94.54,99.91,94.74,2.48,8.01,61.89,58.66
4565,94.54,99.91,11.8,2.48,8.01,61.88,58.66
4570,94.53,99.91,11.8,2.48,8.01,61.88,58.66
4575,94.53,99.91,11.8,2.48,8.01,61.88,58.66
4580,94.53,99.91,11.8,2.48,8.01,61.88,58.66
4585,94.53,99.91,11.8,2.48,8.01,61.87,58.66
4590,94.53,99.91,11.8,2.48,8.01,61.87,58.66
4595,94.52,99.91,11.8,2.48,8.01,61.87,58.66
4600,94.52,99.91,11.8,2.48,8.01,61.87,58.66
4605,94.52,99.91,11.8,2.48,8.01,61.86,58.66
4610,94.52,99.91,11.8,2.48,8.01,61.86,58.66
4615,94.52,99.91,11.8,2.48,8.01,61.86,58.66
4620,94.52,99.91,11.8,2.48,8.01,61.86,58.66
4625,94.51,99.91,11.8,2.48,8.01,61.85,58.66
4630,94.51,99.91,11.8,2.48,8.01,61.85,58.66
4635,94.51,99.91,11.8,2.48,8.01,61.85,58.66
4640,94.51,99.91,11.8,2.48,8.01,61.85,58.66
4645,94.51,99.91,11.79,2.48,8.01,61.85,58.66
4650,94.51,99.91,11.79,2.48,8.01,61.84,58.66
4655,94.5,99.91,11.79,2.48,8.01,61.84,58.66
4660,94.5,99.91,11.79,2.48,8.01,61.84,58.66
4665,94.5,99.91,11.79,2.48,8.01,61.84,58.66
4670,94.5,99.91,11.79,2.48,8.01,61.83,58.66
4675,94.5,99.91,11.79,2.48,8.01,61.83,58.66
4680,94.5,99.91,11.79,2.48,8.01,61.83,58.66
4685,94.5,99.91,11.79,2.48,8.01,61.83,58.66
4690,94.49,99.91,11.79,2.48,8.01,61.82,58.66
4695,94.49,99.91,11.79,2.48,8.01,61.82,58.66
4700,94.49,99.91,11.79,2.48,8.01,61.82,58.66
4705,94.49,99.91,11.79,2.48,8.01,61.82,58.66
4710,94.49,99.91,11.79,2.48,8.01,61.82,58.66
4715,94.49,99.91,11.79,2.48,8.01,61.81,58.66
4720,94.49,99.91,11.79,2.48,8.01,61.81,58.66
4725,94.48,99.91,11.79,2.48,8.01,61.81,58.66
4730,94.48,99.91,11.79,2.48,8.01,61.81,58.66
4735,94.48,99.91,11.79,2.48,8.01,61.81,58.66
4740,94.48,99.91,11.79,2.48,8.01,61.8,58.66
4745,94.48,99.91,11.79,2.48,8.01,61.8,58.66
4750,94.48,99.91,11.79,2.48,8.01,61.8,58.66
4755,94.48,99.91,11.79,2.48,8.01,61.8,58.66
4760,94.48,99.91,11.79,2.48,8.01,61.8,58.66
4765,94.48,99.91,11.79,2.48,8.01,61.79,58.66
4770,94.47,99.91,11.79,2.48,8.01,61.79,58.66
4775,94.47,99.91,11.79,2.48,8.01,61.79,58.66
4780,94.47,99.91,11.79,2.48,8.01,61.79,58.66
4785,94.47,99.91,11.79,2.48,8.01,61.79,58.66
4790,94.47,99.91,11.79,2.48,8.01,61.78,58.66
4795,94.47,99.91,11.79,2.48,8.01,61.78,58.66
4800,93.89,99.87,11.77,2.46,6.06,61.8,58.46
4805,93.89,99.87,11.77,2.46,6.06,61.79,58.46
4810,93.89,99.87,11.77,2.46,6.06,61.79,58.46
4815,93.88,99.87,11.77,2.46,6.06,61.79,58.46
4820,93.88,99.87,11.77,2.46,6.06,61.79,58.46
4825,93.88,99.87,11.77,2.46,6.06,61.78,58.46
4830,93.87,99.87,11.77,2.46,6.06,61.78,58.46
4835,93.87,99.87,11.77,2.46,6.06,61.78,58.46
4840,93.87,99.87,11.77,2.46,6.06,61.77,58.46
4845,93.86,99.87,11.77,2.46,6.06,61.77,58.46
4850,93.86,99.87,11.77,2.46,6.06,61.77,58.46
4855,93.86,99.87,11.77,2.46,6.06,61.77,58.46
4860,93.85,99.87,11.77,2.46,6.06,61.76,58.46
4865,93.85,99.87,11.77,2.46,6.06,61.76,58.46
4870,93.85,99.87,11.77,2.46,6.06,61.76,58.46
4875,93.84,99.87,11.77,2.46,6.06,61.76,58.46
4880,93.84,99.87,11.77,2.46,6.06,61.75,58.46
4885,93.84,99.87,11.77,2.46,6.06,61.75,58.46
4890,93.83,99.87,11.77,2.46,6.06,61.75,58.46
4895,93.83,99.87,11.77,2.46,6.06,61.75,58.46
4900,93.83,99.87,11.77,2.46,6.06,61.74,58.46
4905,93.82,99.87,11.77,2.46,6.06,61.74,58.46
4910,93.82,99.87,11.77,2.46,6.06,61.74,58.46
4915,93.82,99.87,11.77,2.46,6.06,61.74,58.46
4920,93.81,99.87,11.77,2.46,6.06,61.73,58.46
4925,93.81,99.87,11.77,2.46,6.06,61.73,58.46
4930,93.81,99.87,11.77,2.46,6.06,61.73,58.46
4935,93.8,99.87,11.77,2.46,6.06,61.73,58.46
4940,93.8,99.87,11.77,2.46,6.06,61.73,58.46
4945,93.8,99.87,11.77,2.46,6.06,61.72,58.46
4950,93.8,41.61,11.77,2.46,6.06,61.72,58.46
4955,93.79,0.75,11.77,2.46,6.06,61.72,58.46
4960,93.79,0.75,11.77,2.46,6.06,61.72,58.46
4965,93.79,0.75,11.77,2.46,6.06,61.71,58.46
4970,93.79,0.75,11.77,2.46,6.06,61.71,58.46
4975,93.78,0.75,11.77,2.46,6.06,61.71,58.46
4980,93.78,0.75,11.77,2.46,6.06,61.71,58.46
4985,93.78,2.46,11.77,0.9,6.06,61.7,58.46
4990,93.77,2.46,11.77,0.9,6.06,61.7,58.46
4995,93.77,2.46,11.76,0.9,6.06,61.7,58.46
5000,93.77,2.46,11.76,0.9,6.06,61.7,58.46
5005,93.77,2.46,11.76,0.9,6.06,61.7,58.46
5010,93.76,2.46,11.76,0.9,6.06,61.69,58.46
5015,93.76,2.46,11.76,0.9,6.06,61.69,58.46
5020,93.76,2.46,11.76,0.9,6.06,61.69,58.46
5025,93.76,2.46,11.76,0.9,6.06,61.69,58.46
5030,93.75,2.46,11.76,0.9,6.06,61.68,58.46
5035,93.75,2.46,11.76,0.9,6.06,61.68,58.46
5040,93.75,2.46,11.76,0.9,6.06,61.68,58.46
5045,93.75,2.46,11.76,0.9,6.06,61.68,58.46
5050,93.74,2.46,11.76,0.9,6.06,61.68,58.46
5055,93.74,2.46,11.76,0.9,6.06,61.67,58.46
5060,93.74,2.46,11.76,0.9,6.06,61.67,58.46
5065,93.74,2.46,11.76,0.9,6.06,61.67,58.46
5070,93.74,2.46,11.76,0.9,6.06,61.67,58.46
5075,93.73,2.46,11.76,0.9,6.06,61.67,58.46
5080,93.73,2.46,11.76,0.9,6.06,61.66,58.46
5085,93.73,2.46,11.76,0.9,6.06,61.66,58.46
5090,93.73,2.46,11.76,0.9,6.06,61.66,58.46
5095,93.72,2.46,11.76,0.9,6.06,61.66,58.46
5100,93.72,2.46,11.76,0.9,6.06,61.66,58.46
5105,93.72,2.46,11.76,0.9,6.06,61.65,58.46
5110,93.72,2.46,11.76,0.9,6.06,61.65,58.46
5115,93.72,2.46,11.76,0.9,6.06,61.65,58.46
5120,93.71,2.46,11.76,0.9,6.06,61.65,58.46
5125,93.71,2.46,11.76,0.9,6.06,61.65,58.46
5130,93.71,2.46,11.76,0.9,6.06,61.64,58.46
5135,93.71,2.46,11.76,0.9,6.06,61.64,58.46
5140,93.71,2.46,11.76,0.9,6.06,61.64,58.46
5145,93.7,2.46,11.76,0.9,6.06,61.64,58.46
5150,93.7,2.46,11.76,0.9,6.06,61.64,58.46
5155,93.7,2.46,11.76,0.9,6.06,61.63,58.46
5160,93.7,2.46,11.76,0.9,6.06,61.63,58.46
5165,93.7,2.46,11.76,0.9,6.06,61.63,58.46
5170,93.7,2.46,11.76,0.9,6.06,61.63,58.46
5175,93.69,2.46,11.76,0.9,6.06,61.63,58.46
5180,93.69,2.46,11.76,0.9,6.06,61.62,58.46
5185,93.69,2.46,7.99,0.9,6.06,61.62,58.46
5190,93.69,2.46,7.05,0.9,6.06,61.62,58.46
5195,93.69,2.46,7.05,0.9,6.06,61.62,58.46
5200,93.68,2.46,7.05,0.9,6.06,61.62,58.46
5205,93.68,2.46,7.05,0.9,6.06,61.61,58.46
5210,93.68,2.46,7.05,0.9,6.06,61.61,58.46
5215,93.68,2.46,7.05,0.9,6.06,61.61,58.46
5220,93.68,2.46,7.05,0.9,6.06,61.61,58.46
5225,3.1,0.75,0.82,0.9,6.06,61.61,58.46
5230,3.1,0.75,0.82,0.9,6.06,61.61,58.46
5235,3.1,0.75,0.82,0.9,6.06,61.6,58.46
5240,3.1,0.75,0.82,0.9,6.06,61.6,58.46
5245,3.1,0.75,0.82,0.9,6.06,61.6,58.46
5250,3.1,0.75,0.82,0.9,6.06,61.6,58.46
5255,3.1,0.75,0.82,0.9,6.06,61.6,58.46
5260,3.1,0.75,0.82,0.9,6.06,61.59,58.46
5265,3.1,0.75,0.82,0.9,6.06,61.59,58.46
5270,3.1,0.75,0.82,0.9,6.06,61.59,58.46
5275,3.1,0.75,0.82,0.9,6.06,61.59,58.46
5280,3.1,0.75,0.82,0.9,6.06,61.59,58.46
5285,3.1,0.75,0.82,0.9,6.06,0.42,10.59
5290,3.1,0.75,0.82,0.9,6.06,0.42,10.59
5295,3.1,0.75,0.82,0.9,6.06,0.42,10.59
5300,3.1,0.75,0.82,0.9,6.06,0.42,10.59
5305,3.1,0.75,0.82,0.9,6.06,0.42,10.59
5310,3.1,0.75,0.82,0.9,6.06,0.42,10.59
5315,3.1,0.75,0.82,0.9,6.06,0.42,10.59
5320,3.1,0.75,0.82,0.9,6.06,0.42,10.59
5325,3.1,0.75,0.82,0.9,6.06,0.42,10.59
5330,3.1,0.75,0.82,0.9,6.06,0.42,10.59
5335,3.1,0.75,0.82,0.9,6.06,0.42,10.59
5340,3.1,0.75,0.82,0.9,6.06,0.42,10.59
5345,3.1,0.75,0.82,0.9,6.06,0.42,10.59
5350,3.1,0.75,0.82,0.9,6.06,0.42,10.59
5355,3.1,0.75,0.82,0.9,6.06,0.42,10.59
5360,3.1,0.75,0.82,0.9,6.06,0.42,10.59
5365,3.1,0.75,0.82,0.9,6.06,0.42,10.59
5370,3.1,0.75,0.82,0.9,6.06,0.42,10.59
5375,3.1,0.75,0.82,0.9,6.06,0.42,10.59
5380,3.1,0.75,0.82,0.9,6.06,0.42,10.59
5385,3.1,0.75,0.82,0.9,6.06,0.42,10.59
5390,3.1,0.75,0.82,0.9,6.06,0.42,10.59
5395,3.1,0.75,0.82,0.9,6.06,0.42,10.59
5400,2.67,0.7,0.77,0.94,4.14,0.49,10.4
5405,2.67,0.7,0.77,0.94,4.14,0.49,10.4
5410,2.67,0.7,0.77,0.94,4.14,0.49,10.4
5415,2.67,0.7,0.77,0.94,4.14,0.49,10.4
5420,2.67,0.7,0.77,0.94,4.14,0.49,10.4
5425,2.67,0.7,0.77,0.94,4.14,0.49,10.4
5430,2.67,0.7,0.77,0.94,4.14,0.49,10.4
5435,2.67,0.7,0.77,0.94,4.14,0.49,10.4
5440,2.67,0.7,0.77,0.94,4.14,0.49,10.4
5445,2.67,0.7,0.77,0.94,4.14,0.49,10.4
5450,2.67,0.7,0.77,0.94,4.14,0.49,10.4
5455,2.67,0.7,0.77,0.94,4.14,0.49,10.4
5460,2.67,0.7,0.77,0.94,4.14,0.49,10.4
5465,2.67,0.7,0.77,0.94,4.14,0.49,10.4
5470,2.67,0.7,0.77,0.94,4.14,0.49,10.4
5475,2.67,0.7,0.77,0.94,4.14,0.49,10.4
5480,2.67,0.7,0.77,0.94,4.14,0.49,10.4
5485,2.67,0.7,0.77,0.94,4.14,0.49,10.4
5490,2.67,0.7,0.77,0.94,4.14,0.49,10.4
5495,2.67,0.7,0.77,0.94,4.14,0.49,10.4
5500,2.67,0.7,0.77,0.94,4.14,0.49,10.4
5505,2.67,0.7,0.77,0.94,4.14,0.49,10.4
5510,2.67,0.7,0.77,0.94,4.14,0.49,10.4
5515,2.67,0.7,0.77,0.94,4.14,0.49,10.4
5520,2.67,0.7,0.77,0.94,4.14,0.49,10.4
5525,2.67,0.7,0.77,0.94,4.14,0.49,10.4
5530,2.67,0.7,0.77,0.94,4.14,0.49,10.4
5535,2.67,0.7,0.77,0.94,4.14,0.49,10.4
5540,2.67,0.7,0.77,0.94,4.14,0.49,10.4
5545,2.67,0.7,0.77,0.94,4.14,0.49,10.4
5550,2.67,0.7,0.77,0.94,4.14,0.49,10.4
5555,2.67,0.7,0.77,0.94,4.14,0.49,10.4
5560,2.67,0.7,0.77,0.94,4.14,0.49,10.4
5565,2.67,0.7,0.77,0.94,4.14,0.49,10.4
5570,2.67,0.7,0.77,0.94,4.14,0.49,10.4
5575,2.67,0.7,0.77,0.94,4.14,0.49,10.4
5580,2.67,0.7,0.77,0.94,4.14,0.49,10.4
5585,2.67,0.7,0.77,0.94,4.14,0.49,10.4
5590,2.67,0.7,0.77,0.94,4.14,0.49,10.4
5595,2.67,0.7,0.77,0.94,4.14,0.49,10.4
5600,2.67,0.7,0.77,0.94,4.14,0.49,10.4
5605,2.67,0.7,0.77,0.94,4.14,0.49,10.4
5610,2.67,0.7,0.77,0.94,4.14,0.49,10.4
5615,2.67,0.7,0.77,0.94,4.14,0.49,10.4
5620,2.67,0.7,0.77,0.94,4.14,0.49,10.4
5625,2.67,0.7,0.77,0.94,4.14,0.49,10.4
5630,2.67,0.7,0.77,0.94,4.14,0.49,10.4
5635,2.67,0.7,0.77,0.94,4.14,0.49,10.4
5640,2.67,0.7,0.77,0.94,4.14,0.49,10.4
5645,2.67,0.7,0.77,0.94,4.14,0.49,10.4
5650,2.67,0.7,0.77,0.94,4.14,0.49,10.4
5655,2.67,0.7,0.77,0.94,4.14,0.49,10.4
5660,2.67,0.7,0.77,0.94,4.14,0.49,10.4
5665,2.67,0.7,0.77,0.94,4.14,0.49,10.4
5670,2.67,0.7,0.77,0.94,4.14,0.49,10.4
5675,2.67,0.7,0.77,0.94,4.14,0.49,10.4
5680,2.67,0.7,0.77,0.94,4.14,0.49,10.4
5685,2.67,0.7,0.77,0.94,4.14,0.49,10.4
5690,2.67,0.7,0.77,0.94,4.14,0.49,10.4
5695,2.67,0.7,0.77,0.94,4.14,0.49,10.4
5700,2.67,0.7,0.77,0.94,4.14,0.49,10.4
5705,2.67,0.7,0.77,0.94,4.14,0.49,10.4
5710,2.67,0.7,0.77,0.94,4.14,0.49,10.4
5715,2.67,0.7,0.77,0.94,4.14,0.49,10.4
5720,2.67,0.7,0.77,0.94,4.14,0.49,10.4
5725,2.67,0.7,0.77,0.94,4.14,0.49,10.4
5730,2.67,0.7,0.77,0.94,4.14,0.49,10.4
5735,2.67,0.7,0.77,0.94,4.14,0.49,10.4
5740,2.67,0.7,0.77,0.94,4.14,0.49,10.4
5745,2.67,0.7,0.77,0.94,4.14,0.49,10.4
5750,2.67,0.7,0.77,0.94,4.14,0.49,10.4
5755,2.67,0.7,0.77,0.94,4.14,0.49,10.4
5760,2.67,0.7,0.77,0.94,4.14,0.49,10.4
5765,2.67,0.7,0.77,0.94,4.14,0.49,10.4
5770,2.67,0.7,0.77,0.94,4.14,0.49,10.4
5775,2.67,0.7,0.77,0.94,4.14,0.49,10.4
5780,2.67,0.7,0.77,0.94,4.14,0.49,10.4
5785,2.67,0.7,0.77,0.94,4.14,0.49,10.4
5790,2.67,0.7,0.77,0.94,4.14,0.49,10.4
5795,2.67,0.7,0.77,0.94,4.14,0.49,10.4
5800,2.67,0.7,0.77,0.94,4.14,0.49,10.4
5805,2.67,0.7,0.77,0.94,4.14,0.49,10.4
5810,2.67,0.7,0.77,0.94,4.14,0.49,10.4
5815,2.67,0.7,0.77,0.94,4.14,0.49,10.4
5820,2.67,0.7,0.77,0.94,4.14,0.49,10.4
5825,2.67,0.7,0.77,0.94,4.14,0.49,10.4
5830,2.67,0.7,0.77,0.94,4.14,0.49,10.4
5835,2.67,0.7,0.77,0.94,4.14,0.49,10.4
5840,2.67,0.7,0.77,0.94,4.14,0.49,10.4
5845,2.67,0.7,0.77,0.94,4.14,0.49,10.4
5850,2.67,0.7,0.77,0.94,4.14,0.49,10.4
5855,2.67,0.7,0.77,0.94,4.14,0.49,10.4
5860,2.67,0.7,0.77,0.94,4.14,0.49,10.4
5865,2.67,0.7,0.77,0.94,4.14,0.49,10.4
5870,2.67,0.7,0.77,0.94,4.14,0.49,10.4
5875,2.67,0.7,0.77,0.94,4.14,0.49,10.4
5880,2.67,0.7,0.77,0.94,4.14,0.49,10.4
5885,2.67,0.7,0.77,0.94,4.14,0.49,10.4
5890,2.67,0.7,0.77,0.94,4.14,0.49,10.4
5895,2.67,0.7,0.77,0.94,4.14,0.49,10.4
5900,2.67,0.7,0.77,0.94,4.14,0.49,10.4
5905,2.67,0.7,0.77,0.94,4.14,0.49,10.4
5910,2.67,0.7,0.77,0.94,4.14,0.49,10.4
5915,2.67,0.7,0.77,0.94,4.14,0.49,10.4
5920,2.67,0.7,0.77,0.94,4.14,0.49,10.4
5925,2.67,0.7,0.77,0.94,4.14,0.49,10.4
5930,2.67,0.7,0.77,0.94,4.14,0.49,10.4
5935,2.67,0.7,0.77,0.94,4.14,0.49,10.4
5940,2.67,0.7,0.77,0.94,4.14,0.49,10.4
5945,2.67,0.7,0.77,0.94,4.14,0.49,10.4
5950,2.67,0.7,0.77,0.94,4.14,0.49,10.4
5955,2.67,0.7,0.77,0.94,4.14,0.49,10.4
5960,2.67,0.7,0.77,0.94,4.14,0.49,10.4
5965,2.67,0.7,0.77,0.94,4.14,0.49,10.4
5970,2.67,0.7,0.77,0.94,4.14,0.49,10.4
5975,2.67,0.7,0.77,0.94,4.14,0.49,10.4
5980,2.67,0.7,0.77,0.94,4.14,0.49,10.4
5985,2.67,0.7,0.77,0.94,4.14,0.49,10.4
5990,2.67,0.7,0.77,0.94,4.14,0.49,10.4
5995,2.67,0.7,0.77,0.94,4.14,0.49,10.4
6000,2.11,0.71,0.73,0.87,3.14,0.48,10.46
6005,2.11,0.71,0.73,0.87,3.14,0.48,10.46
6010,2.11,0.71,0.73,0.87,3.14,0.48,10.46
6015,2.11,0.71,0.73,0.87,3.14,0.48,10.46
6020,2.11,0.71,0.73,0.87,3.14,0.48,10.46
6025,2.11,0.71,0.73,0.87,3.14,0.48,10.46
6030,2.11,0.71,0.73,0.87,3.14,0.48,10.46
6035,2.11,0.71,0.73,0.87,3.14,0.48,10.46
6040,2.11,0.71,0.73,0.87,3.14,0.48,10.46
6045,2.11,0.71,0.73,0.87,3.14,0.48,10.46
6050,2.11,0.71,0.73,0.87,3.14,0.48,10.46
6055,2.11,0.71,0.73,0.87,3.14,0.48,10.46
6060,2.11,0.71,0.73,0.87,3.14,0.48,10.46
6065,2.11,0.71,0.73,0.87,3.14,0.48,10.46
6070,2.11,0.71,0.73,0.87,3.14,0.48,10.46
6075,2.11,0.71,0.73,0.87,3.14,0.48,10.46
6080,2.11,0.71,0.73,0.87,3.14,0.48,10.46
6085,2.11,0.71,0.73,0.87,3.14,0.48,10.46
6090,2.11,0.71,0.73,0.87,3.14,0.48,10.46
6095,2.11,0.71,0.73,0.87,3.14,0.48,10.46
6100,2.11,0.71,0.73,0.87,3.14,0.48,10.46
6105,2.11,0.71,0.73,0.87,3.14,0.48,10.46
6110,2.11,0.71,0.73,0.87,3.14,0.48,10.46
6115,2.11,0.71,0.73,0.87,3.14,0.48,10.46
6120,2.11,0.71,0.73,0.87,3.14,0.48,10.46
6125,2.11,0.71,0.73,0.87,3.14,0.48,10.46
6130,2.11,0.71,0.73,0.87,3.14,0.48,10.46
6135,2.11,0.71,0.73,0.87,3.14,0.48,10.46
6140,2.11,0.71,0.73,0.87,3.14,0.48,10.46
6145,2.11,0.71,0.73,0.87,3.14,0.48,10.46
6150,2.11,0.71,0.73,0.87,3.14,0.48,10.46
6155,2.11,0.71,0.73,0.87,3.14,0.48,10.46
6160,2.11,0.71,0.73,0.87,3.14,0.48,10.46
6165,2.11,0.71,0.73,0.87,3.14,0.48,10.46
6170,2.11,0.71,0.73,0.87,3.14,0.48,10.46
6175,2.11,0.71,0.73,0.87,3.14,0.48,10.46
6180,2.11,0.71,0.73,0.87,3.14,0.48,10.46
6185,2.11,0.71,0.73,0.87,3.14,0.48,10.46
6190,2.11,0.71,0.73,0.87,3.14,0.48,10.46
6195,2.11,0.71,0.73,0.87,3.14,0.48,10.46
6200,2.11,0.71,0.73,0.87,3.14,0.48,10.46
6205,2.11,0.71,0.73,0.87,3.14,0.48,10.46
6210,2.11,0.71,0.73,0.87,3.14,0.48,10.46
6215,2.11,0.71,0.73,0.87,3.14,0.48,10.46
6220,2.11,0.71,0.73,0.87,3.14,0.48,10.46
6225,2.11,0.71,0.73,0.87,3.14,0.48,10.46
6230,2.11,0.71,0.73,0.87,3.14,0.48,10.46
6235,2.11,0.71,0.73,0.87,3.14,0.48,10.46
6240,2.11,0.71,0.73,0.87,3.14,0.48,10.46
6245,2.11,0.71,0.73,0.87,3.14,0.48,10.46
6250,2.11,0.71,0.73,0.87,3.14,0.48,10.46
6255,2.11,0.71,0.73,0.87,3.14,0.48,10.46
6260,2.11,0.71,0.73,0.87,3.14,0.48,10.46
6265,2.11,0.71,0.73,0.87,3.14,0.48,10.46
6270,2.11,0.71,0.73,0.87,3.14,0.48,10.46
6275,2.11,0.71,0.73,0.87,3.14,0.48,10.46
6280,2.11,0.71,0.73,0.87,3.14,0.48,10.46
6285,2.11,0.71,0.73,0.87,3.14,0.48,10.46
6290,2.11,0.71,0.73,0.87,3.14,0.48,10.46
6295,2.11,0.71,0.73,0.87,3.14,0.48,10.46
6300,2.11,0.71,0.73,0.87,3.14,0.48,10.46
6305,2.11,0.71,0.73,0.87,3.14,0.48,10.46
6310,2.11,0.71,0.73,0.87,3.14,0.48,10.46
6315,2.11,0.71,0.73,0.87,3.14,0.48,10.46
6320,2.11,0.71,0.73,0.87,3.14,0.48,10.46
6325,2.11,0.71,0.73,0.87,3.14,0.48,10.46
6330,2.11,0.71,0.73,0.87,3.14,0.48,10.46
6335,2.11,0.71,0.73,0.87,3.14,0.48,10.46
6340,2.11,0.71,0.73,0.87,3.14,0.48,10.46
6345,2.11,0.71,0.73,0.87,3.14,0.48,10.46
6350,2.11,0.71,0.73,0.87,3.14,0.48,10.46
6355,2.11,0.71,0.73,0.87,3.14,0.48,10.46
6360,2.11,0.71,0.73,0.87,3.14,0.48,10.46
6365,2.11,0.71,0.73,0.87,3.14,0.48,10.46
6370,2.11,0.71,0.73,0.87,3.14,0.48,10.46
6375,2.11,0.71,0.73,0.87,3.14,0.48,10.46
6380,2.11,0.71,0.73,0.87,3.14,0.48,10.46
6385,2.11,0.71,0.73,0.87,3.14,0.48,10.46
6390,2.11,0.71,0.73,0.87,3.14,0.48,10.46
6395,2.11,0.71,0.73,0.87,3.14,0.48,10.46
6400,2.11,0.71,0.73,0.87,3.14,0.48,10.46
6405,2.11,0.71,0.73,0.87,3.14,0.48,10.46
6410,2.11,0.71,0.73,0.87,3.14,0.48,10.46
6415,2.11,0.71,0.73,0.87,3.14,0.48,10.46
6420,2.11,0.71,0.73,0.87,3.14,0.48,10.46
6425,2.11,0.71,0.73,0.87,3.14,0.48,10.46
6430,2.11,0.71,0.73,0.87,3.14,0.48,10.46
6435,2.11,0.71,0.73,0.87,3.14,0.48,10.46
6440,2.11,0.71,0.73,0.87,3.14,0.48,10.46
6445,2.11,0.71,0.73,0.87,3.14,0.48,10.46
6450,2.11,0.71,0.73,0.87,3.14,0.48,10.46
6455,2.11,0.71,0.73,0.87,3.14,0.48,10.46
6460,2.11,0.71,0.73,0.87,3.14,0.48,10.46
6465,2.11,0.71,0.73,0.87,3.14,0.48,10.46
6470,2.11,0.71,0.73,0.87,3.14,0.48,10.46
6475,2.11,0.71,0.73,0.87,3.14,0.48,10.46
6480,2.11,0.71,0.73,0.87,3.14,0.48,10.46
6485,2.11,0.71,0.73,0.87,3.14,0.48,10.46
6490,2.11,0.71,0.73,0.87,3.14,0.48,10.46
6495,2.11,0.71,0.73,0.87,3.14,0.48,10.46
6500,2.11,0.71,0.73,0.87,3.14,0.48,10.46
6505,2.11,0.71,0.73,0.87,3.14,0.48,10.46
6510,2.11,0.71,0.73,0.87,3.14,0.48,10.46
6515,2.11,0.71,0.73,0.87,3.14,0.48,10.46
6520,2.11,0.71,0.73,0.87,3.14,0.48,10.46
6525,2.11,0.71,0.73,0.87,3.14,0.48,10.46
6530,2.11,0.71,0.73,0.87,3.14,0.48,10.46
6535,2.11,0.71,0.73,0.87,3.14,0.48,10.46
6540,2.11,0.71,0.73,0.87,3.14,0.48,10.46
6545,2.11,0.71,0.73,0.87,3.14,0.48,10.46
6550,2.11,0.71,0.73,0.87,3.14,0.48,10.46
6555,2.11,0.71,0.73,0.87,3.14,0.48,10.46
6560,2.11,0.71,0.73,0.87,3.14,0.48,10.46
6565,2.11,0.71,0.73,0.87,3.14,0.48,10.46
6570,2.11,0.71,0.73,0.87,3.14,0.48,10.46
6575,2.11,0.71,0.73,0.87,3.14,0.48,10.46
6580,2.11,0.71,0.73,0.87,3.14,0.48,10.46
6585,2.11,0.71,0.73,0.87,3.14,0.48,10.46
6590,2.11,0.71,0.73,0.87,3.14,0.48,10.46
6595,2.11,0.71,0.73,0.87,3.14,0.48,10.46
6600,2.06,0.69,0.75,0.83,2.85,0.47,10.6
6605,2.06,0.69,0.75,0.83,2.85,0.47,10.6
6610,2.06,0.69,0.75,0.83,2.85,0.47,10.6
6615,2.06,0.69,0.75,0.83,2.85,0.47,10.6
6620,2.06,0.69,0.75,0.83,2.85,0.47,10.6
6625,2.06,0.69,0.75,0.83,2.85,0.47,10.6
6630,2.06,0.69,0.75,0.83,2.85,0.47,10.6
6635,2.06,0.69,0.75,0.83,2.85,0.47,10.6
6640,2.06,0.69,0.75,0.83,2.85,0.47,10.6
6645,2.06,0.69,0.75,0.83,2.85,0.47,10.6
6650,2.06,0.69,0.75,0.83,2.85,0.47,10.6
6655,2.06,0.69,0.75,0.83,2.85,0.47,10.6
6660,2.06,0.69,0.75,0.83,2.85,0.47,10.6
6665,2.06,0.69,0.75,0.83,2.85,0.47,10.6
6670,2.06,0.69,0.75,0.83,2.85,0.47,10.6
6675,2.06,0.69,0.75,0.83,2.85,0.47,10.6
6680,2.06,0.69,0.75,0.83,2.85,0.47,10.6
6685,2.06,0.69,0.75,0.83,2.85,0.47,10.6
6690,2.06,0.69,0.75,0.83,2.85,0.47,10.6
6695,2.06,0.69,0.75,0.83,2.85,0.47,10.6
6700,2.06,0.69,0.75,0.83,2.85,0.47,10.6
6705,2.06,0.69,0.75,0.83,2.85,0.47,10.6
6710,2.06,0.69,0.75,0.83,2.85,0.47,10.6
6715,2.06,0.69,0.75,0.83,2.85,0.47,10.6
6720,2.06,0.69,0.75,0.83,2.85,0.47,10.6
6725,2.06,0.69,0.75,0.83,2.85,0.47,10.6
6730,2.06,0.69,0.75,0.83,2.85,0.47,10.6
6735,2.06,0.69,0.75,0.83,2.85,0.47,10.6
6740,2.06,0.69,0.75,0.83,2.85,0.47,10.6
6745,2.06,0.69,0.75,0.83,2.85,0.47,10.6
6750,2.06,0.69,0.75,0.83,2.85,0.47,10.6
6755,2.06,0.69,0.75,0.83,2.85,0.47,10.6
6760,2.06,0.69,0.75,0.83,2.85,0.47,10.6
6765,2.06,0.69,0.75,0.83,2.85,0.47,10.6
6770,2.06,0.69,0.75,0.83,2.85,0.47,10.6
6775,2.06,0.69,0.75,0.83,2.85,0.47,10.6
6780,2.06,0.69,0.75,0.83,2.85,0.47,10.6
6785,2.06,0.69,0.75,0.83,2.85,0.47,10.6
6790,2.06,0.69,0.75,0.83,2.85,0.47,10.6
6795,2.06,0.69,0.75,0.83,2.85,0.47,10.6
6800,2.06,0.69,0.75,0.83,2.85,0.47,10.6
6805,2.06,0.69,0.75,0.83,2.85,0.47,10.6
6810,2.06,0.69,0.75,0.83,2.85,0.47,10.6
6815,2.06,0.69,0.75,0.83,2.85,0.47,10.6
6820,2.06,0.69,0.75,0.83,2.85,0.47,10.6
6825,2.06,0.69,0.75,0.83,2.85,0.47,10.6
6830,2.06,0.69,0.75,0.83,2.85,0.47,10.6
6835,2.06,0.69,0.75,0.83,2.85,0.47,10.6
6840,2.06,0.69,0.75,0.83,2.85,0.47,10.6
6845,2.06,0.69,0.75,0.83,2.85,0.47,10.6
6850,2.06,0.69,0.75,0.83,2.85,0.47,10.6
6855,2.06,0.69,0.75,0.83,2.85,0.47,10.6
6860,2.06,0.69,0.75,0.83,2.85,0.47,10.6
6865,2.06,0.69,0.75,0.83,2.85,0.47,10.6
6870,2.06,0.69,0.75,0.83,2.85,0.47,10.6
6875,2.06,0.69,0.75,0.83,2.85,0.47,10.6
6880,2.06,0.69,0.75,0.83,2.85,0.47,10.6
6885,2.06,0.69,0.75,0.83,2.85,0.47,10.6
6890,2.06,0.69,0.75,0.83,2.85,0.47,10.6
6895,2.06,0.69,0.75,0.83,2.85,0.47,10.6
6900,2.06,0.69,0.75,0.83,2.85,0.47,10.6
6905,2.06,0.69,0.75,0.83,2.85,0.47,10.6
6910,2.06,0.69,0.75,0.83,2.85,0.47,10.6
6915,2.06,0.69,0.75,0.83,2.85,0.47,10.6
6920,2.06,0.69,0.75,0.83,2.85,0.47,10.6
6925,2.06,0.69,0.75,0.83,2.85,0.47,10.6
6930,2.06,0.69,0.75,0.83,2.85,0.47,10.6
6935,2.06,0.69,0.75,0.83,2.85,0.47,10.6
6940,2.06,0.69,0.75,0.83,2.85,0.47,10.6
6945,2.06,0.69,0.75,0.83,2.85,0.47,10.6
6950,2.06,0.69,0.75,0.83,2.85,0.47,10.6
6955,2.06,0.69,0.75,0.83,2.85,0.47,10.6
6960,2.06,0.69,0.75,0.83,2.85,0.47,10.6
6965,2.06,0.69,0.75,0.83,2.85,0.47,10.6
6970,2.06,0.69,0.75,0.83,2.85,0.47,10.6
6975,2.06,0.69,0.75,0.83,2.85,0.47,10.6
6980,2.06,0.69,0.75,0.83,2.85,0.47,10.6
6985,2.06,0.69,0.75,0.83,2.85,0.47,10.6
6990,2.06,0.69,0.75,0.83,2.85,0.47,10.6
6995,2.06,0.69,0.75,0.83,2.85,0.47,10.6
7000,2.06,0.69,0.75,0.83,2.85,0.47,10.6
7005,2.06,0.69,0.75,0.83,2.85,0.47,10.6
7010,2.06,0.69,0.75,0.83,2.85,0.47,10.6
7015,2.06,0.69,0.75,0.83,2.85,0.47,10.6
7020,2.06,0.69,0.75,0.83,2.85,0.47,10.6
7025,2.06,0.69,0.75,0.83,2.85,0.47,10.6
7030,2.06,0.69,0.75,0.83,2.85,0.47,10.6
7035,2.06,0.69,0.75,0.83,2.85,0.47,10.6
7040,2.06,0.69,0.75,0.83,2.85,0.47,10.6
7045,2.06,0.69,0.75,0.83,2.85,0.47,10.6
7050,2.06,0.69,0.75,0.83,2.85,0.47,10.6
7055,2.06,0.69,0.75,0.83,2.85,0.47,10.6
7060,2.06,0.69,0.75,0.83,2.85,0.47,10.6
7065,2.06,0.69,0.75,0.83,2.85,0.47,10.6
7070,2.06,0.69,0.75,0.83,2.85,0.47,10.6
7075,2.06,0.69,0.75,0.83,2.85,0.47,10.6
7080,2.06,0.69,0.75,0.83,2.85,0.47,10.6
7085,2.06,0.69,0.75,0.83,2.85,0.47,10.6
7090,2.06,0.69,0.75,0.83,2.85,0.47,10.6
7095,2.06,0.69,0.75,0.83,2.85,0.47,10.6
7100,2.06,0.69,0.75,0.83,2.85,0.47,10.6
7105,2.06,0.69,0.75,0.83,2.85,0.47,10.6
7110,2.06,0.69,0.75,0.83,2.85,0.47,10.6
7115,2.06,0.69,0.75,0.83,2.85,0.47,10.6
7120,2.06,0.69,0.75,0.83,2.85,0.47,10.6
7125,2.06,0.69,0.75,0.83,2.85,0.47,10.6
7130,2.06,0.69,0.75,0.83,2.85,0.47,10.6
7135,2.06,0.69,0.75,0.83,2.85,0.47,10.6
7140,2.06,0.69,0.75,0.83,2.85,0.47,10.6
7145,2.06,0.69,0.75,0.83,2.85,0.47,10.6
7150,2.06,0.69,0.75,0.83,2.85,0.47,10.6
7155,2.06,0.69,0.75,0.83,2.85,0.47,10.6
7160,2.06,0.69,0.75,0.83,2.85,0.47,10.6
7165,2.06,0.69,0.75,0.83,2.85,0.47,10.6
7170,2.06,0.69,0.75,0.83,2.85,0.47,10.6
7175,2.06,0.69,0.75,0.83,2.85,0.47,10.6
7180,2.06,0.69,0.75,0.83,2.85,0.47,10.6
7185,2.06,0.69,0.75,0.83,2.85,0.47,10.6
7190,2.06,0.69,0.75,0.83,2.85,0.47,10.6
7195,2.06,0.69,0.75,0.83,2.85,0.47,10.6
7200,2.01,0.76,0.72,0.79,2.66,0.46,10.54
7205,2.01,0.76,0.72,0.79,2.66,0.46,10.54
7210,2.01,0.76,0.72,0.79,2.66,0.46,10.54
7215,2.01,0.76,0.72,0.79,2.66,0.46,10.54
7220,2.01,0.76,0.72,0.79,2.66,0.46,10.54
7225,2.01,0.76,0.72,0.79,2.66,0.46,10.54
7230,2.01,0.76,0.72,0.79,2.66,0.46,10.54
7235,2.01,0.76,0.72,0.79,2.66,0.46,10.54
7240,2.01,0.76,0.72,0.79,2.66,0.46,10.54
7245,2.01,0.76,0.72,0.79,2.66,0.46,10.54
7250,2.01,0.76,0.72,0.79,2.66,0.46,10.54
7255,2.01,0.76,0.72,0.79,2.66,0.46,10.54
7260,2.01,0.76,0.72,0.79,2.66,0.46,10.54
7265,2.01,0.76,0.72,0.79,2.66,0.46,10.54
7270,2.01,0.76,0.72,0.79,2.66,0.46,10.54
7275,2.01,0.76,0.72,0.79,2.66,0.46,10.54
7280,2.01,0.76,0.72,0.79,2.66,0.46,10.54
7285,2.01,0.76,0.72,0.79,2.66,0.46,10.54
7290,2.01,0.76,0.72,0.79,2.66,0.46,10.54
7295,2.01,0.76,0.72,0.79,2.66,0.46,10.54
7300,2.01,0.76,0.72,0.79,2.66,0.46,10.54
7305,2.01,0.76,0.72,0.79,2.66,0.46,10.54
7310,2.01,0.76,0.72,0.79,2.66,0.46,10.54
7315,2.01,0.76,0.72,0.79,2.66,0.46,10.54
7320,2.01,0.76,0.72,0.79,2.66,0.46,10.54
7325,2.01,0.76,0.72,0.79,2.66,0.46,10.54
7330,2.01,0.76,0.72,0.79,2.66,0.46,10.54
7335,2.01,0.76,0.72,0.79,2.66,0.46,10.54
7340,2.01,0.76,0.72,0.79,2.66,0.46,10.54
7345,2.01,0.76,0.72,0.79,2.66,0.46,10.54
7350,2.01,0.76,0.72,0.79,2.66,0.46,10.54
7355,2.01,0.76,0.72,0.79,2.66,0.46,10.54
7360,2.01,0.76,0.72,0.79,2.66,0.46,10.54
7365,2.01,0.76,0.72,0.79,2.66,0.46,10.54
7370,2.01,0.76,0.72,0.79,2.66,0.46,10.54
7375,2.01,0.76,0.72,0.79,2.66,0.46,10.54
7380,2.01,0.76,0.72,0.79,2.66,0.46,10.54
7385,2.01,0.76,0.72,0.79,2.66,0.46,10.54
7390,2.01,0.76,0.72,0.79,2.66,0.46,10.54
7395,2.01,0.76,0.72,0.79,2.66,0.46,10.54
7400,2.01,0.76,0.72,0.79,2.66,0.46,10.54
7405,2.01,0.76,0.72,0.79,2.66,0.46,10.54
7410,2.01,0.76,0.72,0.79,2.66,0.46,10.54
7415,2.01,0.76,0.72,0.79,2.66,0.46,10.54
7420,2.01,0.76,0.72,0.79,2.66,0.46,10.54
7425,2.01,0.76,0.72,0.79,2.66,0.46,10.54
7430,2.01,0.76,0.72,0.79,2.66,0.46,10.54
7435,2.01,0.76,0.72,0.79,2.66,0.46,10.54
7440,2.01,0.76,0.72,0.79,2.66,0.46,10.54
7445,2.01,0.76,0.72,0.79,2.66,0.46,10.54
7450,2.01,0.76,0.72,0.79,2.66,0.46,10.54
7455,2.01,0.76,0.72,0.79,2.66,0.46,10.54
7460,2.01,0.76,0.72,0.79,2.66,0.46,10.54
7465,2.01,0.76,0.72,0.79,2.66,0.46,10.54
7470,2.01,0.76,0.72,0.79,2.66,0.46,10.54
7475,2.01,0.76,0.72,0.79,2.66,0.46,10.54
7480,2.01,0.76,0.72,0.79,2.66,0.46,10.54
7485,2.01,0.76,0.72,0.79,2.66,0.46,10.54
7490,2.01,0.76,0.72,0.79,2.66,0.46,10.54
7495,2.01,0.76,0.72,0.79,2.66,0.46,10.54
7500,2.01,0.76,0.72,0.79,2.66,0.46,10.54
7505,2.01,0.76,0.72,0.79,2.66,0.46,10.54
7510,2.01,0.76,0.72,0.79,2.66,0.46,10.54
7515,2.01,0.76,0.72,0.79,2.66,0.46,10.54
7520,2.01,0.76,0.72,0.79,2.66,0.46,10.54
7525,2.01,0.76,0.72,0.79,2.66,0.46,10.54
7530,2.01,0.76,0.72,0.79,2.66,0.46,10.54
7535,2.01,0.76,0.72,0.79,2.66,0.46,10.54
7540,2.01,0.76,0.72,0.79,2.66,0.46,10.54
7545,2.01,0.76,0.72,0.79,2.66,0.46,10.54
7550,2.01,0.76,0.72,0.79,2.66,0.46,10.54
7555,2.01,0.76,0.72,0.79,2.66,0.46,10.54
7560,2.01,0.76,0.72,0.79,2.66,0.46,10.54
7565,2.01,0.76,0.72,0.79,2.66,0.46,10.54
7570,2.01,0.76,0.72,0.79,2.66,0.46,10.54
7575,2.01,0.76,0.72,0.79,2.66,0.46,10.54
7580,2.01,0.76,0.72,0.79,2.66,0.46,10.54
7585,2.01,0.76,0.72,0.79,2.66,0.46,10.54
7590,2.01,0.76,0.72,0.79,2.66,0.46,10.54
7595,2.01,0.76,0.72,0.79,2.66,0.46,10.54
7600,2.01,0.76,0.72,0.79,2.66,0.46,10.54
7605,2.01,0.76,0.72,0.79,2.66,0.46,10.54
7610,2.01,0.76,0.72,0.79,2.66,0.46,10.54
7615,2.01,0.76,0.72,0.79,2.66,0.46,10.54
7620,2.01,0.76,0.72,0.79,2.66,0.46,10.54
7625,2.01,0.76,0.72,0.79,2.66,0.46,10.54
7630,2.01,0.76,0.72,0.79,2.66,0.46,10.54
7635,2.01,0.76,0.72,0.79,2.66,0.46,10.54
7640,2.01,0.76,0.72,0.79,2.66,0.46,10.54
7645,2.01,0.76,0.72,0.79,2.66,0.46,10.54
7650,2.01,0.76,0.72,0.79,2.66,0.46,10.54
7655,2.01,0.76,0.72,0.79,2.66,0.46,10.54
7660,2.01,0.76,0.72,0.79,2.66,0.46,10.54
7665,2.01,0.76,0.72,0.79,2.66,0.46,10.54
7670,2.01,0.76,0.72,0.79,2.66,0.46,10.54
7675,2.01,0.76,0.72,0.79,2.66,0.46,10.54
7680,2.01,0.76,0.72,0.79,2.66,0.46,10.54
7685,2.01,0.76,0.72,0.79,2.66,0.46,10.54
7690,2.01,0.76,0.72,0.79,2.66,0.46,10.54
7695,2.01,0.76,0.72,0.79,2.66,0.46,10.54
7700,2.01,0.76,0.72,0.79,2.66,0.46,10.54
7705,2.01,0.76,0.72,0.79,2.66,0.46,10.54
7710,2.01,0.76,0.72,0.79,2.66,0.46,10.54
7715,2.01,0.76,0.72,0.79,2.66,0.46,10.54
7720,2.01,0.76,0.72,0.79,2.66,0.46,10.54
7725,2.01,0.76,0.72,0.79,2.66,0.46,10.54
7730,2.01,0.76,0.72,0.79,2.66,0.46,10.54
7735,2.01,0.76,0.72,0.79,2.66,0.46,10.54
7740,2.01,0.76,0.72,0.79,2.66,0.46,10.54
7745,2.01,0.76,0.72,0.79,2.66,0.46,10.54
7750,2.01,0.76,0.72,0.79,2.66,0.46,10.54
7755,2.01,0.76,0.72,0.79,2.66,0.46,10.54
7760,2.01,0.76,0.72,0.79,2.66,0.46,10.54
7765,2.01,0.76,0.72,0.79,2.66,0.46,10.54
7770,2.01,0.76,0.72,0.79,2.66,0.46,10.54
7775,2.01,0.76,0.72,0.79,2.66,0.46,10.54
7780,2.01,0.76,0.72,0.79,2.66,0.46,10.54
7785,2.01,0.76,0.72,0.79,2.66,0.46,10.54
7790,2.01,0.76,0.72,0.79,2.66,0.46,10.54
7795,2.01,0.76,0.72,0.79,2.66,0.46,10.54
7800,2.03,0.62,0.72,0.9,2.58,0.45,10.61
7805,2.03,0.62,0.72,0.9,2.58,0.45,10.61
7810,2.03,0.62,0.72,0.9,2.58,0.45,10.61
7815,2.03,0.62,0.72,0.9,2.58,0.45,10.61
7820,2.03,0.62,0.72,0.9,2.58,0.45,10.61
7825,2.03,0.62,0.72,0.9,2.58,0.45,10.61
7830,2.03,0.62,0.72,0.9,2.58,0.45,10.61
7835,2.03,0.62,0.72,0.9,2.58,0.45,10.61
7840,2.03,0.62,0.72,0.9,2.58,0.45,10.61
7845,2.03,0.62,0.72,0.9,2.58,0.45,10.61
7850,2.03,0.62,0.72,0.9,2.58,0.45,10.61
7855,2.03,0.62,0.72,0.9,2.58,0.45,10.61
7860,2.03,0.62,0.72,0.9,2.58,0.45,10.61
7865,2.03,0.62,0.72,0.9,2.58,0.45,10.61
7870,2.03,0.62,0.72,0.9,2.58,0.45,10.61
7875,2.03,0.62,0.72,0.9,2.58,0.45,10.61
7880,2.03,0.62,0.72,0.9,2.58,0.45,10.61
7885,2.03,0.62,0.72,0.9,2.58,0.45,10.61
7890,2.03,0.62,0.72,0.9,2.58,0.45,10.61
7895,2.03,0.62,0.72,0.9,2.58,0.45,10.61
7900,2.03,0.62,0.72,0.9,2.58,0.45,10.61
7905,2.03,0.62,0.72,0.9,2.58,0.45,10.61
7910,2.03,0.62,0.72,0.9,2.58,0.45,10.61
7915,2.03,0.62,0.72,0.9,2.58,0.45,10.61
7920,2.03,0.62,0.72,0.9,2.58,0.45,10.61
7925,2.03,0.62,0.72,0.9,2.58,0.45,10.61
7930,2.03,0.62,0.72,0.9,2.58,0.45,10.61
7935,2.03,0.62,0.72,0.9,2.58,0.45,10.61
7940,2.03,0.62,0.72,0.9,2.58,0.45,10.61
7945,2.03,0.62,0.72,0.9,2.58,0.45,10.61
7950,2.03,0.62,0.72,0.9,2.58,0.45,10.61
7955,2.03,0.62,0.72,0.9,2.58,0.45,10.61
7960,2.03,0.62,0.72,0.9,2.58,0.45,10.61
7965,2.03,0.62,0.72,0.9,2.58,0.45,10.61
7970,2.03,0.62,0.72,0.9,2.58,0.45,10.61
7975,2.03,0.62,0.72,0.9,2.58,0.45,10.61
7980,2.03,0.62,0.72,0.9,2.58,0.45,10.61
7985,2.03,0.62,0.72,0.9,2.58,0.45,10.61
7990,2.03,0.62,0.72,0.9,2.58,0.45,10.61
7995,2.03,0.62,0.72,0.9,2.58,0.45,10.61
8000,2.03,0.62,0.72,0.9,2.58,0.45,10.61
8005,2.03,0.62,0.72,0.9,2.58,0.45,10.61
8010,2.03,0.62,0.72,0.9,2.58,0.45,10.61
8015,2.03,0.62,0.72,0.9,2.58,0.45,10.61
8020,2.03,0.62,0.72,0.9,2.58,0.45,10.61
8025,2.03,0.62,0.72,0.9,2.58,0.45,10.61
8030,2.03,0.62,0.72,0.9,2.58,0.45,10.61
8035,2.03,0.62,0.72,0.9,2.58,0.45,10.61
8040,2.03,0.62,0.72,0.9,2.58,0.45,10.61
8045,2.03,0.62,0.72,0.9,2.58,0.45,10.61
8050,2.03,0.62,0.72,0.9,2.58,0.45,10.61
8055,2.03,0.62,0.72,0.9,2.58,0.45,10.61
8060,2.03,0.62,0.72,0.9,2.58,0.45,10.61
8065,2.03,0.62,0.72,0.9,2.58,0.45,10.61
8070,2.03,0.62,0.72,0.9,2.58,0.45,10.61
8075,2.03,0.62,0.72,0.9,2.58,0.45,10.61
8080,2.03,0.62,0.72,0.9,2.58,0.45,10.61
8085,2.03,0.62,0.72,0.9,2.58,0.45,10.61
8090,2.03,0.62,0.72,0.9,2.58,0.45,10.61
8095,2.03,0.62,0.72,0.9,2.58,0.45,10.61
8100,2.03,0.62,0.72,0.9,2.58,0.45,10.61
8105,2.03,0.62,0.72,0.9,2.58,0.45,10.61
8110,2.03,0.62,0.72,0.9,2.58,0.45,10.61
8115,2.03,0.62,0.72,0.9,2.58,0.45,10.61
8120,2.03,0.62,0.72,0.9,2.58,0.45,10.61
8125,2.03,0.62,0.72,0.9,2.58,0.45,10.61
8130,2.03,0.62,0.72,0.9,2.58,0.45,10.61
8135,2.03,0.62,0.72,0.9,2.58,0.45,10.61
8140,2.03,0.62,0.72,0.9,2.58,0.45,10.61
8145,2.03,0.62,0.72,0.9,2.58,0.45,10.61
8150,2.03,0.62,0.72,0.9,2.58,0.45,10.61
8155,2.03,0.62,0.72,0.9,2.58,0.45,10.61
8160,2.03,0.62,0.72,0.9,2.58,0.45,10.61
8165,2.03,0.62,0.72,0.9,2.58,0.45,10.61
8170,2.03,0.62,0.72,0.9,2.58,0.45,10.61
8175,2.03,0.62,0.72,0.9,2.58,0.45,10.61
8180,2.03,0.62,0.72,0.9,2.58,0.45,10.61
8185,2.03,0.62,0.72,0.9,2.58,0.45,10.61
8190,2.03,0.62,0.72,0.9,2.58,0.45,10.61
8195,2.03,0.62,0.72,0.9,2.58,0.45,10.61
8200,2.03,0.62,0.72,0.9,2.58,0.45,10.61
8205,2.03,0.62,0.72,0.9,2.58,0.45,10.61
8210,2.03,0.62,0.72,0.9,2.58,0.45,10.61
8215,2.03,0.62,0.72,0.9,2.58,0.45,10.61
8220,2.03,0.62,0.72,0.9,2.58,0.45,10.61
8225,2.03,0.62,0.72,0.9,2.58,0.45,10.61
8230,2.03,0.62,0.72,0.9,2.58,0.45,10.61
8235,2.03,0.62,0.72,0.9,2.58,0.45,10.61
8240,2.03,0.62,0.72,0.9,2.58,0.45,10.61
8245,2.03,0.62,0.72,0.9,2.58,0.45,10.61
8250,2.03,0.62,0.72,0.9,2.58,0.45,10.61
8255,2.03,0.62,0.72,0.9,2.58,0.45,10.61
8260,2.03,0.62,0.72,0.9,2.58,0.45,10.61
8265,2.03,0.62,0.72,0.9,2.58,0.45,10.61
8270,2.03,0.62,0.72,0.9,2.58,0.45,10.61
8275,2.03,0.62,0.72,0.9,2.58,0.45,10.61
8280,2.03,0.62,0.72,0.9,2.58,0.45,10.61
8285,2.03,0.62,0.72,0.9,2.58,0.45,10.61
8290,2.03,0.62,0.72,0.9,2.58,0.45,10.61
8295,2.03,0.62,0.72,0.9,2.58,0.45,10.61
8300,2.03,0.62,0.72,0.9,2.58,0.45,10.61
8305,2.03,0.62,0.72,0.9,2.58,0.45,10.61
8310,2.03,0.62,0.72,0.9,2.58,0.45,10.61
8315,2.03,0.62,0.72,0.9,2.58,0.45,10.61
8320,2.03,0.62,0.72,0.9,2.58,0.45,10.61
8325,2.03,0.62,0.72,0.9,2.58,0.45,10.61
8330,2.03,0.62,0.72,0.9,2.58,0.45,10.61
8335,2.03,0.62,0.72,0.9,2.58,0.45,10.61
8340,2.03,0.62,0.72,0.9,2.58,0.45,10.61
8345,2.03,0.62,0.72,0.9,2.58,0.45,10.61
8350,2.03,0.62,0.72,0.9,2.58,0.45,10.61
8355,2.03,0.62,0.72,0.9,2.58,0.45,10.61
8360,2.03,0.62,0.72,0.9,2.58,0.45,10.61
8365,2.03,0.62,0.72,0.9,2.58,0.45,10.61
8370,2.03,0.62,0.72,0.9,2.58,0.45,10.61
8375,2.03,0.62,0.72,0.9,2.58,0.45,10.61
8380,2.03,0.62,0.72,0.9,2.58,0.45,10.61
8385,2.03,0.62,0.72,0.9,2.58,0.45,10.61
8390,2.03,0.62,0.72,0.9,2.58,0.45,10.61
8395,2.03,0.62,0.72,0.9,2.58,0.45,10.61
8400,2.06,0.76,0.7,1.04,2.56,0.41,10.54
8405,2.06,0.76,0.7,1.04,2.56,0.41,10.54
8410,2.06,0.76,0.7,1.04,2.56,0.41,10.54
8415,2.06,0.76,0.7,1.04,2.56,0.41,10.54
8420,2.06,0.76,0.7,1.04,2.56,0.41,10.54
8425,2.06,0.76,0.7,1.04,2.56,0.41,10.54
8430,2.06,0.76,0.7,1.04,2.56,0.41,10.54
8435,2.06,0.76,0.7,1.04,2.56,0.41,10.54
8440,2.06,0.76,0.7,1.04,2.56,0.41,10.54
8445,2.06,0.76,0.7,1.04,2.56,0.41,10.54
8450,2.06,0.76,0.7,1.04,2.56,0.41,10.54
8455,2.06,0.76,0.7,1.04,2.56,0.41,10.54
8460,2.06,0.76,0.7,1.04,2.56,0.41,10.54
8465,2.06,0.76,0.7,1.04,2.56,0.41,10.54
8470,2.06,0.76,0.7,1.04,2.56,0.41,10.54
8475,2.06,0.76,0.7,1.04,2.56,0.41,10.54
8480,2.06,0.76,0.7,1.04,2.56,0.41,10.54
8485,2.06,0.76,0.7,1.04,2.56,0.41,10.54
8490,2.06,0.76,0.7,1.04,2.56,0.41,10.54
8495,2.06,0.76,0.7,1.04,2.56,0.41,10.54
8500,2.06,0.76,0.7,1.04,2.56,0.41,10.54
8505,2.06,0.76,0.7,1.04,2.56,0.41,10.54
8510,2.06,0.76,0.7,1.04,2.56,0.41,10.54
8515,2.06,0.76,0.7,1.04,2.56,0.41,10.54
8520,2.06,0.76,0.7,1.04,2.56,0.41,10.54
8525,2.06,0.76,0.7,1.04,2.56,0.41,10.54
8530,2.06,0.76,0.7,1.04,2.56,0.41,10.54
8535,2.06,0.76,0.7,1.04,2.56,0.41,10.54
8540,2.06,0.76,0.7,1.04,2.56,0.41,10.54
8545,2.06,0.76,0.7,1.04,2.56,0.41,10.54
8550,2.06,0.76,0.7,1.04,2.56,0.41,10.54
8555,2.06,0.76,0.7,1.04,2.56,0.41,10.54
8560,2.06,0.76,0.7,1.04,2.56,0.41,10.54
8565,2.06,0.76,0.7,1.04,2.56,0.41,10.54
8570,2.06,0.76,0.7,1.04,2.56,0.41,10.54
8575,2.06,0.76,0.7,1.04,2.56,0.41,10.54
8580,2.06,0.76,0.7,1.04,2.56,0.41,10.54
8585,2.06,0.76,0.7,1.04,2.56,0.41,10.54
8590,2.06,0.76,0.7,1.04,2.56,0.41,10.54
8595,2.06,0.76,0.7,1.04,2.56,0.41,10.54
8600,2.06,0.76,0.7,1.04,2.56,0.41,10.54
8605,2.06,0.76,0.7,1.04,2.56,0.41,10.54
8610,2.06,0.76,0.7,1.04,2.56,0.41,10.54
8615,2.06,0.76,0.7,1.04,2.56,0.41,10.54
8620,2.06,0.76,0.7,1.04,2.56,0.41,10.54
8625,2.06,0.76,0.7,1.04,2.56,0.41,10.54
8630,2.06,0.76,0.7,1.04,2.56,0.41,10.54
8635,2.06,0.76,0.7,1.04,2.56,0.41,10.54
8640,2.06,0.76,0.7,1.04,2.56,0.41,10.54
8645,2.06,0.76,0.7,1.04,2.56,0.41,10.54
8650,2.06,0.76,0.7,1.04,2.56,0.41,10.54
8655,2.06,0.76,0.7,1.04,2.56,0.41,10.54
8660,2.06,0.76,0.7,1.04,2.56,0.41,10.54
8665,2.06,0.76,0.7,1.04,2.56,0.41,10.54
8670,2.06,0.76,0.7,1.04,2.56,0.41,10.54
8675,2.06,0.76,0.7,1.04,2.56,0.41,10.54
8680,2.06,0.76,0.7,1.04,2.56,0.41,10.54
8685,2.06,0.76,0.7,1.04,2.56,0.41,10.54
8690,2.06,0.76,0.7,1.04,2.56,0.41,10.54
8695,2.06,0.76,0.7,1.04,2.56,0.41,10.54
8700,2.06,0.76,0.7,1.04,2.56,0.41,10.54
8705,2.06,0.76,0.7,1.04,2.56,0.41,10.54
8710,2.06,0.76,0.7,1.04,2.56,0.41,10.54
8715,2.06,0.76,0.7,1.04,2.56,0.41,10.54
8720,2.06,0.76,0.7,1.04,2.56,0.41,10.54
8725,2.06,0.76,0.7,1.04,2.56,0.41,10.54
8730,2.06,0.76,0.7,1.04,2.56,0.41,10.54
8735,2.06,0.76,0.7,1.04,2.56,0.41,10.54
8740,2.06,0.76,0.7,1.04,2.56,0.41,10.54
8745,2.06,0.76,0.7,1.04,2.56,0.41,10.54
8750,2.06,0.76,0.7,1.04,2.56,0.41,10.54
8755,2.06,0.76,0.7,1.04,2.56,0.41,10.54
8760,2.06,0.76,0.7,1.04,2.56,0.41,10.54
8765,2.06,0.76,0.7,1.04,2.56,0.41,10.54
8770,2.06,0.76,0.7,1.04,2.56,0.41,10.54
8775,2.06,0.76,0.7,1.04,2.56,0.41,10.54
8780,2.06,0.76,0.7,1.04,2.56,0.41,10.54
8785,2.06,0.76,0.7,1.04,2.56,0.41,10.54
8790,2.06,0.76,0.7,1.04,2.56,0.41,10.54
8795,2.06,0.76,0.7,1.04,2.56,0.41,10.54
8800,2.06,0.76,0.7,1.04,2.56,0.41,10.54
8805,2.06,0.76,0.7,1.04,2.56,0.41,10.54
8810,2.06,0.76,0.7,1.04,2.56,0.41,10.54
8815,2.06,0.76,0.7,1.04,2.56,0.41,10.54
8820,2.06,0.76,0.7,1.04,2.56,0.41,10.54
8825,2.06,0.76,0.7,1.04,2.56,0.41,10.54
8830,2.06,0.76,0.7,1.04,2.56,0.41,10.54
8835,2.06,0.76,0.7,1.04,2.56,0.41,10.54
8840,2.06,0.76,0.7,1.04,2.56,0.41,10.54
8845,2.06,0.76,0.7,1.04,2.56,0.41,10.54
8850,2.06,0.76,0.7,1.04,2.56,0.41,10.54
8855,2.06,0.76,0.7,1.04,2.56,0.41,10.54
8860,2.06,0.76,0.7,1.04,2.56,0.41,10.54
8865,2.06,0.76,0.7,1.04,2.56,0.41,10.54
8870,2.06,0.76,0.7,1.04,2.56,0.41,10.54
8875,2.06,0.76,0.7,1.04,2.56,0.41,10.54
8880,2.06,0.76,0.7,1.04,2.56,0.41,10.54
8885,2.06,0.76,0.7,1.04,2.56,0.41,10.54
8890,2.06,0.76,0.7,1.04,2.56,0.41,10.54
8895,2.06,0.76,0.7,1.04,2.56,0.41,10.54
8900,2.06,0.76,0.7,1.04,2.56,0.41,10.54
8905,2.06,0.76,0.7,1.04,2.56,0.41,10.54
8910,2.06,0.76,0.7,1.04,2.56,0.41,10.54
8915,2.06,0.76,0.7,1.04,2.56,0.41,10.54
8920,2.06,0.76,0.7,1.04,2.56,0.41,10.54
8925,2.06,0.76,0.7,1.04,2.56,0.41,10.54
8930,2.06,0.76,0.7,1.04,2.56,0.41,10.54
8935,2.06,0.76,0.7,1.04,2.56,0.41,10.54
8940,2.06,0.76,0.7,1.04,2.56,0.41,10.54
8945,2.06,0.76,0.7,1.04,2.56,0.41,10.54
8950,2.06,0.76,0.7,1.04,2.56,0.41,10.54
8955,2.06,0.76,0.7,1.04,2.56,0.41,10.54
8960,2.06,0.76,0.7,1.04,2.56,0.41,10.54
8965,2.06,0.76,0.7,1.04,2.56,0.41,10.54
8970,2.06,0.76,0.7,1.04,2.56,0.41,10.54
8975,2.06,0.76,0.7,1.04,2.56,0.41,10.54
8980,2.06,0.76,0.7,1.04,2.56,0.41,10.54
8985,2.06,0.76,0.7,1.04,2.56,0.41,10.54
8990,2.06,0.76,0.7,1.04,2.56,0.41,10.54
8995,2.06,0.76,0.7,1.04,2.56,0.41,10.54
9000,2.4,0.79,0.7,1.21,2.43,0.39,10.49
9005,2.4,0.79,0.7,1.21,2.43,0.39,10.49
9010,2.4,0.79,0.7,1.21,2.43,0.39,10.49
9015,2.4,0.79,0.7,1.21,2.43,0.39,10.49
9020,2.4,0.79,0.7,1.21,2.43,0.39,10.49
9025,2.4,0.79,0.7,1.21,2.43,0.39,10.49
9030,2.4,0.79,0.7,1.21,2.43,0.39,10.49
9035,2.4,0.79,0.7,1.21,2.43,0.39,10.49
9040,2.4,0.79,0.7,1.21,2.43,0.39,10.49
9045,2.4,0.79,0.7,1.21,2.43,0.39,10.49
9050,2.4,0.79,0.7,1.21,2.43,0.39,10.49
9055,2.4,0.79,0.7,1.21,2.43,0.39,10.49
9060,2.4,0.79,0.7,1.21,2.43,0.39,10.49
9065,2.4,0.79,0.7,1.21,2.43,0.39,10.49
9070,2.4,0.79,0.7,1.21,2.43,0.39,10.49
9075,2.4,0.79,0.7,1.21,2.43,0.39,10.49
9080,2.4,0.79,0.7,1.21,2.43,0.39,10.49
9085,2.4,0.79,0.7,1.21,2.43,0.39,10.49
