ts,changsha,foshan,fuzhou,guangzhou,guiyang,kunming,nanchang,nanning,xiamen
50,0.67,100.0,0.24,35.84,1.12,100.0,27.88,100.0,100.0
55,2.26,100.0,0.24,36.06,1.12,100.0,27.88,100.0,100.0
60,24.86,100.0,17.76,92.67,1.13,100.0,0.04,100.0,100.0
65,13.04,100.0,0.24,23.89,1.13,100.0,0.04,100.0,100.0
70,22.02,100.0,0.24,23.89,1.13,100.0,0.04,100.0,100.0
75,27.57,100.0,0.24,23.89,1.13,100.0,0.04,100.0,100.0
80,27.57,100.0,0.24,23.89,1.13,100.0,0.04,100.0,100.0
85,27.57,100.0,0.24,23.89,1.13,100.0,0.04,100.0,100.0
90,27.57,100.0,0.24,23.89,1.13,100.0,0.04,100.0,100.0
95,27.5,100.0,0.24,23.89,1.13,100.0,0.04,100.0,100.0
100,38.59,100.0,0.24,23.89,1.13,100.0,0.04,100.0,100.0
105,51.67,100.0,0.24,23.89,1.13,100.0,0.04,94.08,100.0
110,51.67,100.0,0.24,23.89,1.13,100.0,19.36,94.08,100.0
115,51.67,100.0,0.24,23.89,1.13,100.0,98.6,94.08,100.0
120,50.2,100.0,0.35,100.0,1.25,100.0,66.02,94.08,100.0
125,58.22,100.0,0.24,100.0,1.49,100.0,1.21,94.08,100.0
130,55.9,100.0,0.24,100.0,1.51,100.0,0.04,100.0,100.0
135,45.69,87.28,0.24,100.0,1.61,100.0,0.04,100.0,100.0
140,45.69,87.28,0.24,100.0,1.12,100.0,0.04,100.0,100.0
145,45.69,87.28,0.24,100.0,1.12,100.0,0.04,100.0,100.0
150,45.69,87.28,0.24,100.0,1.12,100.0,0.04,23.59,100.0
155,45.69,87.28,0.24,100.0,1.7,100.0,0.04,23.59,100.0
160,45.69,87.28,0.24,100.0,2.93,100.0,0.04,23.59,100.0
165,45.69,87.28,0.24,100.0,2.93,100.0,0.04,23.59,100.0
170,45.69,87.28,0.24,100.0,2.93,100.0,0.04,23.59,100.0
175,45.69,87.28,0.24,100.0,2.93,100.0,0.04,23.59,100.0
180,45.71,2.91,0.24,100.0,2.93,100.0,76.13,33.46,100.0
185,45.69,44.49,0.24,100.0,2.93,100.0,64.84,33.41,100.0
190,45.69,83.75,0.24,100.0,2.93,100.0,64.84,23.59,100.0
195,45.69,83.75,0.24,100.0,2.93,100.0,64.84,23.59,100.0
200,45.69,83.75,0.24,100.0,2.93,100.0,64.84,23.59,100.0
205,45.69,83.75,0.24,100.0,2.93,100.0,64.84,23.59,100.0
210,45.69,83.75,0.24,100.0,2.93,100.0,64.84,23.59,100.0
215,45.69,83.75,0.24,100.0,2.93,100.0,64.84,23.59,100.0
220,45.69,83.75,0.24,100.0,2.93,100.0,64.84,23.59,100.0
225,45.69,83.75,0.24,100.0,2.93,100.0,64.84,23.59,100.0
230,45.69,83.75,0.24,100.0,2.93,100.0,64.84,25.48,100.0
235,45.69,100.0,0.24,100.0,2.93,100.0,64.84,99.24,100.0
240,45.69,100.0,0.24,100.0,1.64,100.0,100.0,100.0,100.0
245,45.69,100.0,0.24,100.0,1.69,100.0,100.0,100.0,100.0
250,45.69,100.0,0.24,100.0,1.69,100.0,100.0,100.0,100.0
255,45.69,100.0,0.24,100.0,1.69,100.0,100.0,100.0,100.0
260,45.69,100.0,0.24,100.0,1.61,100.0,100.0,100.0,100.0
265,45.69,100.0,0.24,100.0,1.61,100.0,100.0,100.0,100.0
270,45.69,100.0,0.24,100.0,1.61,100.0,100.0,100.0,100.0
275,45.69,100.0,0.24,100.0,1.61,100.0,100.0,100.0,100.0
280,45.69,100.0,0.24,100.0,1.61,100.0,100.0,100.0,100.0
285,45.69,100.0,0.24,100.0,1.61,100.0,100.0,100.0,100.0
290,45.69,100.0,0.24,100.0,1.61,100.0,100.0,100.0,100.0
295,45.69,100.0,0.24,100.0,1.61,100.0,100.0,100.0,100.0
300,1.89,0.06,0.24,16.57,93.87,100.0,0.04,98.67,4.38
305,1.89,0.06,0.24,16.57,93.9,100.0,0.04,92.32,4.38
310,88.54,0.06,0.24,16.57,92.2,100.0,0.04,92.32,4.38
315,94.59,49.82,0.24,12.47,92.09,100.0,0.04,92.32,4.38
320,72.22,83.58,0.24,33.73,92.09,100.0,0.04,92.32,4.38
325,1.89,83.58,0.24,100.0,92.17,100.0,0.04,92.32,4.38
330,1.89,83.58,0.24,100.0,92.17,100.0,0.04,92.32,4.38
335,1.89,83.58,0.24,100.0,92.17,100.0,0.04,92.32,4.38
340,1.89,83.58,0.24,100.0,92.17,100.0,0.04,92.32,4.38
345,1.89,83.58,0.24,100.0,92.17,100.0,0.04,92.32,4.38
350,7.34,83.58,0.24,100.0,92.17,100.0,18.41,92.32,4.38
355,3.95,83.58,0.24,100.0,92.17,100.0,52.67,92.32,4.38
360,12.82,83.58,0.24,100.0,92.17,100.0,5.37,92.32,4.38
365,12.82,83.58,0.24,100.0,92.17,100.0,5.37,92.32,4.38
370,12.82,83.58,0.24,100.0,91.96,100.0,62.62,92.32,4.38
375,12.82,83.58,0.24,100.0,92.14,21.54,63.66,92.32,4.38
380,12.82,83.58,0.24,100.0,92.17,12.56,63.66,92.32,4.38
385,12.82,83.58,0.24,100.0,92.17,12.56,63.66,92.32,4.38
390,12.82,83.58,0.24,100.0,92.17,12.56,63.66,92.32,4.38
395,12.82,83.58,0.24,100.0,92.2,12.56,63.66,92.32,4.38
400,12.82,83.58,0.24,100.0,92.17,12.56,63.66,92.32,4.38
405,12.82,83.58,0.24,100.0,92.17,12.56,63.66,92.32,4.38
410,12.82,83.58,63.3,100.0,92.17,12.56,9.02,92.32,4.38
415,12.82,83.58,73.66,100.0,92.17,12.56,0.04,92.32,4.38
420,12.82,83.58,73.66,100.0,92.17,12.56,0.04,92.32,4.38
425,12.82,83.58,73.66,100.0,92.17,12.56,0.04,92.32,4.38
430,16.42,83.58,14.66,100.0,92.17,12.56,0.04,92.32,4.38
435,18.77,83.58,0.24,100.0,92.17,12.56,0.04,92.32,4.38
440,18.77,83.58,0.24,100.0,92.17,12.56,0.04,92.32,4.38
445,18.77,83.58,0.24,100.0,92.17,12.56,0.04,92.32,4.38
450,18.77,83.58,0.24,100.0,92.17,12.56,0.04,92.32,4.38
455,18.77,83.58,0.24,100.0,92.17,12.56,0.04,92.32,4.38
460,18.77,83.58,0.24,100.0,92.17,12.56,0.04,92.32,4.38
465,18.77,83.58,0.24,100.0,92.17,12.56,0.04,92.32,4.38
470,18.77,83.58,0.24,100.0,92.54,12.56,0.04,92.32,4.38
475,18.77,83.58,0.24,100.0,93.02,12.56,0.04,92.32,4.38
480,18.77,83.58,0.24,100.0,93.02,12.56,0.04,92.32,4.38
485,18.77,83.58,0.24,100.0,93.02,12.56,0.04,92.32,4.38
490,18.77,83.58,0.24,100.0,93.02,12.56,0.04,92.32,4.38
495,18.77,83.58,0.24,100.0,93.02,12.56,0.04,92.32,4.38
500,18.77,83.58,0.24,100.0,93.02,12.56,0.04,92.32,4.38
505,18.77,83.58,0.24,100.0,93.02,12.56,0.04,92.32,4.38
510,18.77,83.58,0.24,100.0,93.02,12.56,0.04,92.32,4.38
515,18.77,83.58,0.24,100.0,93.02,12.56,0.04,92.32,4.38
520,18.77,83.58,0.24,100.0,93.02,12.56,0.04,92.32,4.38
525,18.77,83.58,0.24,100.0,93.02,12.56,0.04,92.32,4.38
530,18.77,83.58,0.24,100.0,93.02,12.56,0.04,92.32,4.38
535,18.77,83.58,0.24,100.0,93.02,12.56,0.04,92.32,4.38
540,18.77,83.58,0.24,100.0,93.02,12.56,0.04,92.32,4.38
545,18.77,83.58,0.24,100.0,93.02,12.56,0.04,92.32,4.38
550,18.77,83.58,0.24,100.0,93.02,12.56,0.04,92.32,4.38
555,18.77,83.58,0.24,100.0,93.02,12.56,0.04,92.32,4.38
560,18.77,83.58,0.24,100.0,93.02,12.56,0.04,92.32,4.38
565,18.77,83.58,0.24,100.0,93.02,12.56,0.04,92.32,4.38
570,18.77,83.58,0.24,100.0,93.02,12.56,0.04,92.32,4.38
575,23.26,83.58,0.24,100.0,93.02,12.56,0.04,92.32,4.38
580,24.75,83.58,0.24,100.0,93.02,12.56,0.04,92.32,4.38
585,24.75,83.58,0.24,100.0,93.02,12.56,0.04,92.32,4.38
590,24.75,83.58,0.24,100.0,93.02,12.56,0.04,92.32,4.38
595,24.75,83.58,0.24,100.0,93.02,12.56,0.04,92.32,4.38
600,24.67,83.57,0.36,100.0,93.01,11.18,0.04,92.38,4.13
605,24.66,83.52,0.36,100.0,93.01,11.18,0.04,92.3,4.13
610,24.65,83.5,0.36,100.0,93.01,11.18,0.04,92.27,4.13
615,24.65,83.49,0.36,100.0,93.01,11.18,0.04,92.25,4.13
620,24.65,83.47,0.36,100.0,93.01,11.18,0.04,92.23,4.13
625,24.65,83.46,0.36,100.0,93.01,11.18,0.04,92.22,4.13
630,24.64,83.46,0.36,100.0,93.01,11.18,0.04,92.21,99.69
635,24.64,83.45,0.36,100.0,93.01,11.18,0.04,92.19,52.71
640,24.64,83.44,0.36,100.0,93.01,11.18,0.04,92.19,4.13
645,24.64,83.44,0.36,100.0,93.01,11.18,0.04,92.18,4.13
650,24.64,83.43,0.36,100.0,93.01,11.18,0.04,92.17,4.13
655,24.64,83.43,0.36,100.0,93.01,11.18,0.04,92.16,4.13
660,24.64,83.42,0.36,100.0,93.01,11.18,0.04,92.16,4.13
665,24.64,83.42,0.36,100.0,93.01,11.18,0.04,92.15,4.13
670,24.64,83.42,0.36,100.0,93.01,11.18,0.04,92.15,4.13
675,24.63,83.41,0.36,100.0,93.01,11.18,0.04,92.14,4.13
680,24.63,83.41,0.36,100.0,93.01,11.18,0.92,92.14,4.13
685,24.63,83.41,0.36,100.0,93.01,11.18,1.21,92.13,4.13
690,24.63,83.41,0.36,100.0,93.01,11.18,1.21,92.13,4.13
695,24.63,83.4,0.36,100.0,93.01,11.18,1.21,92.12,4.13
700,24.63,83.4,0.36,100.0,93.01,11.18,1.21,92.12,4.13
705,24.63,83.4,0.36,100.0,93.01,11.18,1.21,92.12,4.13
710,24.63,83.4,0.36,100.0,93.01,11.18,1.21,92.12,4.13
715,24.63,83.4,0.36,100.0,93.01,11.18,1.21,92.11,4.13
720,24.63,83.39,0.36,100.0,93.01,11.18,1.21,92.11,4.13
725,24.63,83.39,0.36,100.0,93.01,11.18,1.21,92.11,4.13
730,24.63,83.39,0.36,100.0,93.01,11.18,1.21,92.11,4.13
735,24.63,83.39,0.36,100.0,93.01,11.18,1.21,92.1,4.13
740,24.63,83.39,0.36,100.0,93.01,11.18,1.21,92.1,4.13
745,24.63,83.39,0.36,100.0,93.01,11.18,1.21,92.1,4.13
750,24.63,83.39,0.36,100.0,93.01,11.18,1.21,92.1,4.13
755,24.63,83.38,0.36,100.0,93.01,11.18,1.21,92.1,4.13
760,24.63,83.38,0.36,100.0,93.01,11.18,1.21,92.09,4.13
765,24.63,83.38,0.36,100.0,93.01,11.18,1.21,92.09,4.13
770,24.63,83.38,0.36,100.0,93.01,11.18,1.21,92.09,4.13
775,24.63,83.38,0.36,100.0,93.01,11.18,1.21,92.09,4.13
780,24.63,83.38,0.36,100.0,93.01,11.18,1.21,92.09,4.13
785,24.63,83.38,0.36,100.0,93.01,11.18,1.21,92.09,4.13
790,24.63,83.38,0.36,100.0,93.01,11.18,1.21,92.09,4.13
795,24.63,83.38,0.36,100.0,93.01,11.18,1.21,92.09,4.13
800,24.63,83.38,0.36,100.0,93.01,11.18,1.21,92.09,4.13
805,24.63,83.38,0.36,100.0,93.01,11.18,1.21,92.08,4.13
810,24.63,83.38,0.36,100.0,93.01,11.18,1.21,92.08,4.13
815,24.63,83.37,0.36,100.0,93.01,11.18,1.21,92.08,4.13
820,24.63,83.37,0.36,100.0,93.01,11.18,1.21,92.08,4.13
825,24.63,83.37,0.36,100.0,93.01,11.18,1.21,92.08,4.13
830,24.63,83.37,0.36,100.0,93.01,11.18,1.21,92.08,4.13
835,24.62,83.37,0.36,100.0,93.01,11.18,1.21,92.08,4.13
840,24.62,83.37,0.36,100.0,93.01,11.18,1.21,92.08,4.13
845,24.62,83.37,0.36,100.0,93.01,11.18,1.21,92.08,4.13
850,24.62,83.37,0.36,99.99,93.01,11.18,1.21,92.08,4.13
855,24.62,83.37,0.36,99.99,93.01,11.18,1.21,92.08,4.13
860,24.62,83.37,0.36,99.99,93.01,11.18,1.21,92.08,4.13
865,24.62,83.37,0.36,99.99,93.01,11.18,1.21,92.08,4.13
870,24.62,83.37,0.36,99.99,93.01,11.18,1.21,92.08,4.13
875,24.62,83.37,0.36,99.98,93.01,11.18,1.21,92.08,4.13
880,24.62,83.37,0.36,99.98,93.01,11.18,1.21,92.07,4.13
885,24.62,83.37,0.36,99.98,93.01,11.18,1.21,92.07,4.13
890,24.62,83.37,0.36,99.98,93.01,11.18,1.21,92.07,4.13
895,24.62,83.37,0.36,99.98,93.01,11.18,1.21,92.07,4.13
900,24.62,83.37,0.36,99.98,93.01,11.18,1.21,92.07,4.13
905,24.62,83.37,0.36,99.98,93.01,11.18,1.21,92.07,4.13
910,24.62,83.37,0.36,99.97,93.01,11.18,1.21,92.07,4.13
915,24.61,83.37,0.36,99.97,93.01,11.18,1.21,92.07,4.13
920,24.61,83.37,0.36,99.97,93.01,11.18,1.21,92.07,4.13
925,24.61,83.37,0.36,99.97,93.01,11.18,1.21,92.07,4.13
930,24.61,83.37,0.36,99.97,93.01,11.18,1.21,92.07,4.13
935,24.61,83.37,0.36,99.97,93.01,11.18,1.21,92.07,4.13
940,24.61,83.37,0.36,99.97,93.01,11.18,1.21,92.07,4.13
945,28.29,83.37,0.36,99.96,93.01,11.18,1.21,92.07,4.13
950,68.41,83.37,0.36,99.96,93.01,11.18,1.21,92.07,4.13
955,68.41,83.37,0.36,99.96,93.01,11.18,1.21,92.07,4.13
960,68.41,83.37,0.36,99.96,93.01,11.18,1.21,92.07,4.13
965,68.41,83.37,0.36,99.96,93.01,11.18,1.21,92.07,4.13
970,68.41,83.37,0.36,99.96,93.01,11.18,1.21,92.07,4.13
975,68.41,83.37,0.36,99.96,93.01,11.18,1.21,92.07,4.13
980,68.41,83.37,0.36,99.96,93.01,11.18,1.21,92.07,4.13
985,68.41,83.37,0.36,99.95,93.01,11.18,1.21,92.07,4.13
990,68.41,83.37,0.36,99.95,93.01,11.18,1.21,92.07,4.13
995,68.41,83.37,0.36,99.95,93.01,11.18,1.21,92.07,4.13
1000,68.41,83.37,0.36,99.95,93.01,11.18,1.21,92.07,4.13
1005,70.53,83.37,0.36,99.95,93.01,11.18,1.21,92.07,4.13
1010,74.39,83.37,0.36,99.95,93.01,11.18,1.21,92.07,4.13
1015,74.39,83.37,0.36,99.95,93.01,11.18,1.21,92.07,4.13
1020,74.39,83.37,0.36,99.95,93.01,11.18,1.21,92.07,4.13
1025,74.39,83.37,0.36,99.94,93.01,11.18,1.21,92.07,4.13
1030,74.39,83.37,0.36,99.94,93.01,11.18,1.21,92.07,4.13
1035,74.39,83.37,0.36,99.94,93.01,11.18,1.21,92.07,4.13
1040,74.39,83.37,0.36,99.94,93.01,11.18,1.21,92.07,4.13
1045,74.39,83.37,0.36,99.94,93.01,11.18,1.21,92.07,4.13
1050,74.39,83.37,0.36,99.94,93.01,11.18,1.21,92.07,4.13
1055,74.39,83.37,0.36,99.94,93.01,11.18,1.21,92.07,4.13
1060,74.38,83.37,0.36,99.94,93.01,11.18,1.21,92.07,4.13
1065,74.38,83.37,0.36,99.94,93.01,11.18,1.21,92.07,4.13
1070,74.38,83.37,0.36,99.94,93.01,11.18,1.21,92.07,4.13
1075,74.38,83.37,0.36,99.93,93.01,11.18,1.21,92.07,4.13
1080,74.38,83.37,0.36,99.93,93.01,11.18,1.21,92.07,4.13
1085,74.38,83.37,0.36,99.93,93.01,11.18,1.21,92.07,4.13
1090,74.38,83.37,0.36,99.93,93.01,11.18,1.21,92.07,4.13
1095,74.38,83.37,0.36,99.93,93.01,11.18,1.21,92.07,4.13
1100,74.38,83.37,0.36,99.93,93.01,11.18,1.21,92.07,4.13
1105,74.38,83.37,0.36,99.93,93.01,11.18,1.21,92.07,4.13
1110,74.38,83.37,0.36,99.93,93.01,11.18,1.21,92.07,4.13
1115,74.38,83.37,0.36,99.93,93.01,11.18,1.21,92.07,4.13
1120,74.38,83.37,0.36,99.93,93.01,11.18,1.21,92.07,4.13
1125,74.38,83.37,0.36,99.92,93.01,11.18,1.21,92.07,4.13
1130,74.38,83.37,0.36,99.92,93.01,11.18,1.21,92.07,4.13
1135,74.38,83.37,0.36,99.92,93.01,11.18,1.21,92.07,4.13
1140,74.38,83.37,0.36,99.92,93.01,11.18,1.21,92.07,4.13
1145,74.38,83.37,0.36,99.92,93.01,11.18,1.21,92.07,4.13
1150,74.38,83.37,0.36,99.92,93.01,11.18,1.21,92.07,4.13
1155,74.38,83.37,0.36,99.92,93.01,11.18,1.21,92.07,4.13
1160,74.38,83.37,0.36,99.92,93.01,11.18,1.21,92.07,4.13
1165,74.38,83.37,0.36,99.92,93.01,11.18,1.21,92.07,4.13
1170,74.38,83.37,0.36,99.92,93.01,11.18,1.21,92.07,4.13
1175,74.38,83.37,0.36,99.92,93.01,11.18,1.21,92.07,4.13
1180,74.38,83.37,0.36,99.92,93.01,11.18,1.21,92.07,4.13
1185,74.38,83.37,0.36,99.91,93.01,11.18,1.21,92.07,4.13
1190,74.38,83.37,0.36,99.91,93.01,11.18,1.21,92.07,4.13
1195,74.38,83.37,0.36,99.91,93.01,11.18,1.21,92.07,4.13
1200,74.36,83.36,0.4,99.33,93.0,9.83,1.21,92.05,4.07
1205,74.35,83.33,0.4,99.32,92.97,9.83,1.21,92.04,4.07
1210,74.35,83.3,0.4,99.31,92.96,9.83,1.21,92.03,4.07
1215,74.35,83.27,0.4,99.31,92.95,9.83,1.21,92.02,4.07
1220,74.35,83.25,0.4,99.3,92.94,9.83,1.21,92.01,4.07
1225,74.35,83.23,0.4,99.29,92.93,9.83,1.21,92.01,4.07
1230,74.35,83.21,0.4,99.29,92.93,9.83,1.21,92.0,4.07
1235,74.35,83.19,0.4,99.28,92.92,9.83,1.21,91.99,4.07
1240,74.35,83.17,0.4,99.28,92.92,9.83,1.21,91.98,4.07
1245,74.35,83.15,0.4,99.27,92.91,9.83,1.21,91.97,4.07
1250,74.35,83.13,0.4,99.27,92.91,9.83,1.21,91.97,4.07
1255,74.35,83.11,0.4,99.26,92.91,9.83,1.21,91.96,4.07
1260,74.35,83.1,0.4,99.26,92.9,9.83,1.21,91.95,4.07
1265,74.35,83.08,0.4,99.25,92.9,9.83,1.21,91.95,4.07
1270,74.34,83.07,0.4,99.25,92.89,9.83,1.21,91.94,4.07
1275,74.34,83.06,0.4,99.25,92.89,9.83,1.21,91.93,4.07
1280,74.34,83.04,0.4,99.24,92.89,9.83,1.21,91.93,4.07
1285,74.34,83.03,0.4,99.24,92.89,9.83,1.21,91.92,4.07
1290,74.34,83.02,0.4,99.24,92.88,9.83,1.21,91.92,4.07
1295,74.34,83.01,0.4,99.23,92.88,9.83,1.21,91.91,4.07
1300,74.34,82.99,0.4,99.23,92.88,9.83,1.21,91.91,4.07
1305,74.34,82.98,0.4,99.23,92.87,9.83,1.21,91.9,4.07
1310,74.34,82.97,0.4,99.22,92.87,9.83,1.21,91.9,4.07
1315,74.34,82.96,0.4,99.22,92.87,9.83,1.21,91.89,4.07
1320,74.34,82.95,0.4,99.22,92.87,9.83,1.21,91.89,4.07
1325,74.34,82.94,0.4,99.21,92.87,9.83,1.21,91.88,4.07
1330,74.34,82.93,0.4,99.21,92.86,9.83,1.21,91.88,4.07
1335,74.34,82.92,0.4,99.21,92.86,9.83,1.21,91.87,4.07
1340,74.34,82.92,0.4,99.21,92.86,9.83,1.21,91.87,4.07
1345,74.33,82.91,0.4,99.2,92.86,9.83,1.21,91.86,4.07
1350,74.33,82.9,0.4,99.2,92.86,9.83,1.21,91.86,4.07
1355,74.33,82.89,0.4,99.2,92.85,9.83,1.21,91.85,4.07
1360,74.33,82.88,0.4,99.2,92.85,9.83,1.21,91.85,4.07
1365,74.33,82.87,0.4,99.19,92.85,9.83,1.21,91.85,4.07
1370,74.33,82.87,0.4,99.19,92.85,9.83,1.21,91.84,4.07
1375,74.33,82.86,0.4,99.19,92.85,9.83,1.21,91.84,4.07
1380,74.33,82.85,0.4,99.19,92.85,9.83,1.21,91.83,4.07
1385,74.33,82.84,0.4,99.18,92.84,9.83,1.21,91.83,4.07
1390,74.33,82.84,0.4,99.18,92.84,9.83,1.21,91.83,4.07
1395,74.33,82.83,0.4,99.18,92.84,9.83,1.21,91.82,4.07
1400,74.33,82.82,0.4,99.18,92.84,9.83,1.21,91.82,4.07
1405,74.33,82.82,0.4,99.18,92.8,9.83,1.21,99.74,4.07
1410,74.33,82.81,0.4,99.17,92.8,9.83,1.21,99.95,4.07
1415,74.33,82.8,0.4,99.17,92.8,9.83,1.2,99.95,4.07
1420,74.33,82.8,0.4,99.17,92.8,9.83,1.2,99.95,4.07
1425,74.33,82.79,0.4,99.17,92.79,9.83,1.2,99.95,4.07
1430,74.33,82.79,0.4,99.17,92.79,9.83,1.2,99.95,4.07
1435,74.32,82.78,0.4,99.17,92.79,9.83,1.2,99.95,4.07
1440,74.32,82.77,0.4,99.16,92.79,9.83,1.2,99.95,4.07
1445,74.32,82.77,0.4,99.16,92.79,9.83,1.2,99.95,4.07
1450,74.32,82.76,0.4,99.16,92.79,9.83,1.2,99.95,4.07
1455,74.32,82.76,0.4,99.16,92.79,9.83,1.2,99.95,4.07
1460,74.32,82.75,0.4,99.16,92.79,9.83,1.2,99.95,4.07
1465,74.32,82.75,0.4,99.16,92.78,9.83,1.2,99.95,4.07
1470,74.32,82.74,0.4,99.15,92.78,9.83,1.2,99.95,4.07
1475,74.32,82.74,0.4,99.15,92.78,9.83,1.2,99.95,4.07
1480,74.32,82.73,0.4,99.15,92.78,9.83,1.2,99.95,4.07
1485,74.32,82.73,0.4,99.15,92.78,9.83,1.2,99.95,4.07
1490,74.32,82.72,0.4,99.15,92.78,9.83,1.2,99.95,4.07
1495,74.32,82.72,0.4,99.15,92.78,9.83,1.2,99.95,4.07
1500,74.32,82.71,0.4,99.15,92.78,9.83,1.2,99.95,4.07
1505,74.32,82.71,0.4,99.14,92.78,9.83,1.2,99.95,4.07
1510,74.32,82.7,0.4,99.14,92.78,9.83,1.2,99.95,4.07
1515,74.32,82.7,0.4,99.14,92.77,9.83,1.2,99.95,4.07
1520,74.32,82.69,0.4,99.14,92.77,9.83,1.2,99.95,4.07
1525,74.32,82.69,0.4,99.14,92.77,9.83,1.2,99.95,4.07
1530,74.31,82.69,0.4,99.14,92.77,9.83,1.2,99.95,4.07
1535,74.31,82.68,0.4,99.14,92.77,9.83,1.2,99.95,4.07
1540,74.31,82.68,0.4,99.13,92.77,9.83,1.2,99.95,4.07
1545,74.31,82.67,0.4,99.13,92.77,9.83,1.2,99.95,4.07
1550,74.31,82.67,0.4,99.13,92.77,9.83,1.2,99.95,4.07
1555,74.31,82.67,0.4,99.13,92.77,9.83,1.2,99.95,4.07
1560,74.31,82.66,0.4,99.13,92.77,9.83,1.2,99.95,4.07
1565,74.31,82.66,0.4,99.13,92.77,9.83,1.2,99.95,4.07
1570,74.31,82.65,0.4,99.13,92.77,9.83,1.2,99.95,4.07
1575,74.31,82.65,0.4,99.13,92.76,9.83,1.2,99.95,4.07
1580,74.31,82.65,0.4,99.13,92.76,9.83,1.2,99.95,4.07
1585,74.31,82.64,0.4,99.12,92.76,9.83,1.2,99.95,4.07
1590,74.31,82.64,0.4,99.12,92.76,9.83,1.2,99.95,4.07
1595,74.31,82.64,0.4,99.12,92.76,9.83,1.2,99.95,4.07
1600,74.31,82.63,0.4,99.12,92.76,9.83,1.2,99.95,4.07
1605,74.31,82.63,0.4,99.12,92.76,9.83,1.2,99.95,4.07
1610,74.31,82.62,0.4,99.12,92.76,9.83,1.2,99.95,4.07
1615,74.31,82.62,0.4,99.12,92.76,9.83,1.2,99.95,4.07
1620,74.31,82.62,0.4,99.12,92.71,9.83,1.2,94.57,77.1
1625,74.31,82.61,0.4,99.12,92.71,9.83,1.2,90.08,99.55
1630,74.31,82.61,0.4,99.11,92.71,9.83,1.2,90.08,99.55
1635,74.31,82.61,0.4,99.11,92.71,9.83,1.2,90.08,99.55
1640,74.3,82.6,0.4,99.11,92.71,9.83,1.2,90.08,99.55
1645,74.3,82.6,0.4,99.11,92.71,9.83,1.2,90.09,99.55
1650,74.3,82.6,0.4,99.11,92.71,9.83,1.2,90.09,99.55
1655,74.3,82.59,0.4,99.11,92.71,9.83,1.2,90.09,99.55
1660,74.3,82.59,0.4,99.11,92.71,9.83,1.2,90.09,99.55
1665,74.3,82.59,0.4,99.11,92.71,9.83,1.2,68.13,99.55
1670,74.3,82.59,0.4,99.11,92.71,9.83,1.2,20.25,99.55
1675,74.3,82.58,0.4,99.11,92.71,9.83,1.2,20.26,99.55
1680,74.3,82.58,0.4,99.1,92.71,9.83,1.2,20.26,99.55
1685,74.3,82.58,0.4,99.1,92.7,9.83,1.2,20.26,99.55
1690,74.3,82.57,0.4,99.1,92.7,9.83,1.2,20.26,99.55
1695,74.3,82.57,0.4,99.1,92.7,9.83,1.2,20.27,99.55
1700,74.3,82.57,0.4,99.1,92.7,9.83,1.2,20.27,99.55
1705,74.3,82.57,0.4,99.1,92.7,9.83,1.2,20.27,99.55
1710,74.3,82.56,0.4,99.1,92.7,9.83,1.2,20.27,99.55
1715,74.3,82.56,0.4,99.1,92.7,9.83,1.2,20.28,99.55
1720,74.3,82.56,0.4,79.18,92.7,9.83,1.2,99.95,99.55
1725,74.3,82.55,0.4,79.18,92.7,9.83,1.2,99.95,99.55
1730,74.3,82.55,0.4,79.18,92.7,9.83,1.2,99.95,99.55
1735,74.3,82.55,0.4,79.18,92.7,9.83,1.2,99.95,99.55
1740,74.3,82.55,0.4,79.18,92.7,9.83,1.2,99.95,99.55
1745,74.3,82.54,0.4,79.18,92.7,9.83,1.2,99.95,99.55
1750,74.3,82.54,0.4,79.18,92.7,9.83,1.2,99.95,99.55
1755,74.3,82.54,0.4,79.18,92.7,9.83,1.2,99.95,99.55
1760,74.3,82.54,0.4,79.18,92.7,9.83,1.2,99.95,99.55
1765,74.29,82.53,0.4,79.18,92.7,9.83,1.2,99.95,99.55
1770,74.29,82.53,0.4,79.18,92.7,9.83,1.2,99.95,99.55
1775,74.29,82.53,0.4,79.18,92.69,9.83,1.2,99.95,99.55
1780,74.29,82.52,0.4,79.18,92.69,9.83,1.2,99.95,99.55
1785,74.29,82.52,0.4,79.18,92.69,9.83,1.2,99.95,99.55
1790,74.29,82.52,0.4,79.18,92.69,9.83,1.2,99.95,99.55
1795,74.29,82.52,0.4,79.18,92.69,9.83,1.2,99.95,99.55
1800,74.27,82.51,0.43,78.59,92.68,8.46,1.2,99.75,99.54
1805,74.27,82.5,0.43,78.59,92.68,8.46,1.2,99.75,99.54
1810,74.27,82.48,0.43,78.59,92.68,8.46,1.2,99.74,99.54
1815,74.26,82.46,0.43,78.59,92.68,8.46,1.2,99.74,99.54
1820,74.26,82.44,0.43,78.59,92.68,8.46,1.2,99.74,99.54
1825,74.26,82.42,0.43,78.59,92.68,8.46,1.2,99.73,99.54
1830,74.25,82.41,0.43,78.59,92.68,8.46,1.2,99.73,99.54
1835,74.25,82.39,0.43,78.59,92.68,8.46,1.2,99.73,99.54
1840,74.25,82.37,0.43,78.59,92.68,8.46,1.2,99.72,99.54
1845,74.24,82.36,0.43,78.59,92.68,8.46,1.2,99.72,99.54
1850,74.24,82.34,0.43,78.59,92.68,8.46,1.2,99.72,99.54
1855,74.24,82.33,0.43,78.59,92.68,8.46,1.2,99.72,99.54
1860,74.24,82.31,0.43,78.59,92.68,8.46,1.2,99.71,99.54
1865,74.23,82.3,0.43,78.6,92.68,8.46,1.2,99.71,99.54
1870,74.23,82.28,0.43,78.6,92.68,8.46,1.2,99.71,99.54
1875,74.23,82.27,0.43,78.6,92.68,8.46,1.2,99.71,99.54
1880,74.23,82.25,0.43,78.6,92.68,8.46,1.2,99.71,99.54
1885,74.22,82.24,0.43,78.6,92.67,8.46,1.2,99.7,99.54
1890,74.22,82.22,0.43,78.6,92.67,8.46,1.2,99.7,99.54
1895,74.22,82.21,0.43,78.6,92.67,8.46,1.2,99.7,99.54
1900,74.22,82.2,0.43,78.6,92.67,8.46,1.2,99.7,99.54
1905,74.22,82.18,0.43,78.6,92.67,8.46,1.2,99.7,99.54
1910,74.21,82.17,0.43,78.6,92.67,8.46,1.2,99.7,99.54
1915,74.21,82.16,0.43,78.6,92.67,8.46,1.2,99.69,99.54
1920,74.21,82.14,0.43,78.6,92.67,8.46,1.2,99.69,99.54
1925,74.21,82.13,0.43,78.6,92.67,8.46,1.2,99.69,99.54
1930,74.21,82.12,0.43,78.6,92.67,8.46,1.2,99.69,99.54
1935,74.2,82.11,0.43,78.6,92.67,8.46,1.2,99.69,99.54
1940,74.2,82.1,0.43,78.6,92.67,8.46,1.2,99.69,99.54
1945,74.2,82.08,0.43,78.6,92.67,8.46,1.2,99.68,99.54
1950,74.2,82.07,0.43,78.6,92.67,8.46,1.2,99.68,99.54
1955,74.2,82.06,0.43,78.6,92.67,8.46,1.2,99.68,99.54
1960,74.2,82.05,0.43,78.6,92.67,8.46,1.2,99.68,99.54
1965,74.19,82.04,0.43,78.6,92.67,8.46,1.2,99.68,99.54
1970,74.19,82.03,0.43,78.6,92.67,8.46,1.2,99.68,99.54
1975,74.19,82.02,0.43,78.6,92.67,8.46,1.2,99.68,99.54
1980,74.19,82.01,0.43,78.6,92.67,8.46,1.2,99.68,99.54
1985,74.19,82.0,0.43,78.6,92.67,8.46,1.2,99.67,99.54
1990,74.19,81.98,0.43,78.6,92.67,8.46,1.2,99.67,99.54
1995,74.18,81.97,0.43,78.6,92.67,8.46,1.2,99.67,99.54
2000,74.18,81.96,0.43,78.61,92.67,8.46,1.2,99.67,99.54
2005,74.18,81.95,0.43,78.61,92.67,8.46,1.2,99.67,99.54
2010,74.18,81.94,0.43,78.61,92.67,8.46,1.2,99.67,99.54
2015,74.18,81.93,0.43,78.61,92.67,8.46,1.2,99.67,99.54
2020,74.18,81.92,0.43,78.61,92.67,8.46,1.2,99.67,99.54
2025,74.18,81.91,0.43,78.61,92.67,8.46,1.2,99.67,99.54
2030,74.18,81.9,0.43,78.61,92.67,8.46,1.2,99.66,99.54
2035,74.17,81.9,0.43,78.61,92.67,8.46,1.2,99.66,99.54
2040,74.17,81.89,0.43,78.61,92.67,8.46,1.2,99.66,99.54
2045,74.17,81.88,0.43,78.61,92.67,8.46,1.2,99.66,99.54
2050,74.17,81.87,0.43,78.61,92.67,8.46,1.2,99.66,99.54
2055,74.17,81.86,0.43,78.61,92.67,8.46,1.2,99.66,99.54
2060,74.17,81.85,0.43,78.61,92.67,8.46,1.2,99.66,99.54
2065,74.17,81.84,0.43,78.61,92.67,8.46,1.2,99.66,99.54
2070,74.16,81.83,0.43,78.61,92.67,8.46,1.2,99.66,99.54
2075,74.16,81.82,0.43,78.61,92.67,8.46,1.2,99.65,99.54
2080,74.16,81.81,0.43,78.61,92.67,8.46,1.2,99.65,99.54
2085,74.16,81.8,0.43,78.61,92.67,8.46,1.2,99.65,99.54
2090,74.16,81.8,0.43,78.61,92.67,8.46,1.2,99.65,99.54
2095,74.16,81.79,0.43,78.61,92.67,8.46,1.2,99.65,99.54
2100,74.16,81.78,0.43,78.61,92.67,8.46,1.2,99.65,99.54
2105,74.16,81.77,0.43,78.61,92.67,8.46,1.2,99.65,99.53
2110,74.16,81.76,0.43,78.61,92.67,8.46,1.2,99.65,99.53
2115,74.15,81.75,0.43,78.61,92.67,8.46,1.2,99.65,99.53
2120,74.15,81.75,0.43,78.61,92.67,8.46,1.2,99.65,99.53
2125,74.15,81.74,0.43,78.61,92.67,8.46,1.2,99.65,99.53
2130,74.15,81.73,0.43,78.61,92.67,8.46,1.2,99.65,99.53
2135,74.15,81.72,0.43,78.61,92.67,8.46,1.2,99.64,99.53
2140,74.15,81.71,0.43,78.61,92.67,8.46,1.2,99.64,99.53
2145,74.15,81.71,0.43,78.61,92.67,8.46,1.2,99.64,99.53
2150,74.15,81.7,0.43,78.61,92.67,8.46,1.2,99.64,99.53
2155,74.15,81.69,0.43,78.61,92.67,8.46,1.2,99.64,99.53
2160,74.14,81.68,0.43,78.61,92.67,8.46,1.2,99.64,99.53
2165,74.14,81.68,0.43,78.61,92.67,8.46,1.2,99.64,99.53
2170,74.14,81.67,0.43,78.61,92.67,8.46,1.2,99.64,99.53
2175,74.14,81.66,0.43,78.61,92.67,8.46,1.2,99.64,99.53
2180,74.14,25.19,0.43,78.61,92.67,8.46,1.2,99.64,99.53
2185,74.14,0.05,0.43,78.61,92.67,8.46,1.2,99.64,99.53
2190,74.14,0.05,0.43,78.61,92.67,8.46,1.2,99.64,99.53
2195,74.14,0.05,0.43,78.61,92.67,8.46,1.2,99.64,99.53
2200,74.14,0.05,0.43,78.61,92.67,8.46,1.2,99.63,99.53
2205,74.14,0.05,0.43,78.61,92.67,8.46,1.2,99.63,99.53
2210,74.14,0.05,0.43,78.61,92.67,8.46,1.2,99.63,99.53
2215,74.13,0.05,0.43,78.61,92.67,8.46,1.2,99.63,99.53
2220,74.13,0.05,0.43,78.61,92.67,8.46,1.2,99.63,99.53
2225,74.13,0.05,0.43,78.61,92.67,8.46,1.2,99.63,99.53
2230,74.13,0.05,0.43,78.61,92.67,8.46,1.2,99.63,99.53
2235,74.13,0.05,0.43,78.61,92.67,8.46,1.2,99.63,99.53
2240,74.13,0.05,0.43,78.61,92.67,8.46,1.2,99.63,99.53
2245,74.13,0.05,0.43,78.61,92.67,8.46,1.2,99.63,99.53
2250,74.13,11.04,0.43,78.61,92.67,8.46,1.2,99.63,99.53
2255,74.13,69.85,0.43,78.61,92.67,8.46,1.2,99.63,99.53
2260,74.13,0.05,0.43,78.61,92.67,8.46,1.2,99.63,99.53
2265,74.13,0.05,0.43,78.61,92.67,8.46,1.2,99.63,99.53
2270,74.12,0.05,0.43,78.61,92.67,8.46,1.2,99.63,99.53
2275,74.12,0.05,0.43,78.61,92.67,8.46,1.2,99.62,99.53
2280,74.12,0.05,0.43,78.62,92.67,8.46,1.2,99.62,99.53
2285,74.12,0.05,0.43,78.62,92.67,8.46,1.2,99.62,99.53
2290,74.12,0.05,0.43,78.62,92.67,8.46,1.2,99.62,99.53
2295,74.12,0.05,0.43,78.62,92.67,8.46,1.2,99.62,99.53
2300,74.12,0.05,0.43,78.62,92.67,8.46,1.2,99.62,99.53
2305,74.12,0.05,0.43,78.62,92.67,8.46,1.2,99.62,99.53
2310,74.12,0.05,0.43,78.62,92.67,8.46,1.2,99.62,99.53
2315,74.12,0.05,0.43,78.62,92.67,8.46,1.2,99.62,99.53
2320,74.12,0.05,0.43,78.62,92.67,8.46,1.2,99.62,99.53
2325,74.12,0.05,0.43,78.62,92.67,8.46,1.2,99.62,99.53
2330,74.11,0.05,0.43,78.62,92.67,8.46,1.2,99.62,99.53
2335,74.11,0.05,0.43,78.62,92.67,8.46,1.2,99.62,99.53
2340,74.11,0.05,0.43,78.62,92.67,8.46,1.2,99.62,99.53
2345,74.11,0.05,0.43,78.62,92.67,8.46,1.2,99.62,99.53
2350,74.11,0.05,0.43,78.62,92.67,8.46,1.2,99.62,99.53
2355,74.11,0.05,0.43,78.62,92.67,8.46,1.2,99.62,99.53
2360,74.11,0.05,0.43,78.62,92.67,8.46,1.2,99.61,99.53
2365,74.11,0.05,0.43,78.62,92.67,8.46,1.2,99.61,99.53
2370,74.11,0.05,0.43,78.62,92.66,8.46,1.2,99.61,99.53
2375,74.11,0.05,0.43,78.62,92.66,8.46,1.2,99.61,99.53
2380,74.11,0.05,0.43,78.62,92.66,8.46,1.2,99.61,99.53
2385,63.77,0.05,0.43,78.62,92.66,43.35,1.2,99.61,99.53
2390,62.9,0.05,0.43,78.62,92.66,93.51,1.22,99.61,99.53
2395,63.47,0.05,0.43,78.62,92.66,93.5,1.2,99.61,99.53
2400,63.44,0.05,0.43,78.22,92.65,92.31,1.2,99.45,99.6
2405,63.44,0.05,0.43,78.22,92.65,92.3,1.2,99.45,99.59
2410,63.44,0.05,0.43,78.22,92.65,92.28,1.2,99.44,99.59
2415,63.44,0.05,0.43,78.22,92.65,92.27,1.2,99.44,99.59
2420,63.44,0.05,0.43,78.22,92.64,92.25,1.2,99.44,99.59
2425,63.44,0.05,0.43,78.22,92.64,92.24,1.2,99.43,99.59
2430,63.44,0.05,0.43,78.22,92.64,92.22,1.2,99.43,99.59
2435,63.44,0.05,0.43,78.22,92.64,92.21,1.2,99.43,99.59
2440,63.43,0.05,0.43,78.22,92.64,92.19,1.2,99.43,99.59
2445,63.43,0.05,0.43,78.22,92.64,92.18,1.2,99.42,99.59
2450,63.43,0.05,0.43,78.22,92.63,92.16,1.2,99.42,99.59
2455,63.43,0.05,0.43,78.22,92.63,92.15,1.2,99.42,99.59
2460,63.43,0.05,0.43,78.22,92.63,92.13,1.2,99.42,99.59
2465,63.43,0.05,0.43,78.22,92.63,92.12,1.2,99.42,99.59
2470,63.43,0.05,0.43,78.22,92.63,92.1,1.2,99.41,99.59
2475,63.43,0.05,0.43,78.22,92.63,92.09,1.2,99.41,99.59
2480,63.43,0.05,0.43,78.22,92.62,92.08,1.2,99.41,99.59
2485,63.43,0.05,0.43,78.21,92.62,92.06,1.2,99.41,99.59
2490,63.43,0.05,0.43,78.21,92.62,92.05,1.2,99.4,99.59
2495,63.43,0.05,0.43,78.21,92.62,92.03,1.2,99.4,99.59
2500,63.42,0.05,0.43,78.21,92.62,92.02,1.2,99.4,99.59
2505,63.42,0.05,0.43,78.21,92.62,92.01,1.2,99.4,99.59
2510,63.42,0.05,0.43,78.21,92.62,92.01,1.2,99.4,99.59
2515,63.42,0.05,0.43,78.21,92.61,92.0,1.2,99.4,99.59
2520,63.42,0.05,0.43,78.21,92.61,92.0,1.2,99.39,99.59
2525,63.42,0.05,0.43,78.21,92.61,91.99,1.2,99.39,99.59
2530,63.42,0.05,0.43,78.21,92.61,91.98,1.2,99.39,99.6
2535,63.42,0.05,0.43,78.21,92.61,91.98,1.2,99.39,99.6
2540,63.42,0.05,0.43,78.21,92.61,91.97,1.2,99.39,99.6
2545,65.93,0.05,0.43,78.21,92.61,71.82,1.2,99.39,99.6
2550,65.87,48.19,0.43,83.33,92.61,7.27,1.2,99.39,99.6
2555,62.11,0.05,0.43,90.1,92.61,7.27,1.2,99.38,99.6
2560,62.11,0.05,0.43,90.1,92.61,7.27,1.2,99.38,99.6
2565,62.11,0.05,0.43,90.1,92.6,7.27,1.2,99.38,99.6
2570,62.11,0.05,0.43,90.1,92.6,7.27,1.2,99.38,99.6
2575,62.11,0.05,0.43,90.1,92.6,7.27,1.2,99.38,99.6
2580,62.11,0.05,0.43,90.1,92.6,7.27,1.2,99.38,99.6
2585,62.1,0.05,0.43,90.1,92.6,7.27,1.2,99.38,99.6
2590,62.1,0.05,0.43,90.1,92.6,7.27,1.2,99.38,99.6
2595,62.1,0.05,0.43,90.09,92.6,7.27,1.2,99.37,99.6
2600,62.1,0.05,0.43,90.09,92.6,7.27,1.2,99.37,99.6
2605,62.1,0.05,0.43,90.09,92.6,7.27,1.2,99.37,99.6
2610,62.1,0.05,0.43,90.09,92.6,7.27,1.2,99.37,99.6
2615,62.1,0.05,0.43,90.09,92.6,7.27,1.2,99.37,99.6
2620,62.1,0.05,0.43,90.09,92.59,7.27,1.2,99.37,99.6
2625,62.1,0.05,0.43,90.09,92.59,7.27,1.2,99.37,99.6
2630,62.1,0.05,0.43,90.09,92.59,7.27,0.31,99.37,99.6
2635,62.1,0.05,0.43,90.09,92.59,7.27,0.04,99.37,99.6
2640,62.1,0.05,0.43,90.09,92.59,7.27,0.04,99.37,99.6
2645,62.1,0.05,0.43,90.08,92.59,7.27,0.04,99.36,99.6
2650,62.1,0.05,0.43,90.08,92.59,7.27,0.04,99.36,99.6
2655,62.1,0.05,0.43,90.08,92.59,7.27,0.04,99.36,99.61
2660,62.1,0.05,0.43,90.08,92.59,7.27,0.04,99.36,99.61
2665,62.1,0.05,0.43,90.08,92.59,7.27,0.04,99.36,99.61
2670,62.1,0.05,0.43,90.08,92.59,7.27,0.04,99.36,18.38
2675,62.1,0.05,0.43,90.08,92.59,7.27,0.04,99.36,4.13
2680,62.1,0.05,0.43,90.08,92.58,7.27,0.04,99.36,4.13
2685,62.1,0.05,0.43,90.08,92.58,7.27,0.04,99.36,4.13
2690,62.1,0.05,0.43,90.08,92.58,7.27,0.04,99.36,4.13
2695,62.1,0.05,0.43,90.08,92.58,7.27,0.04,99.36,4.13
2700,62.1,0.05,0.43,90.08,92.58,7.27,0.04,99.35,4.13
2705,62.1,0.05,0.43,90.07,92.58,7.27,0.04,99.35,4.13
2710,62.1,0.05,0.43,90.07,92.58,7.27,0.04,99.35,4.13
2715,62.1,0.05,0.43,90.07,92.58,7.27,0.04,99.35,4.13
2720,62.1,0.05,0.43,90.07,92.58,7.27,0.04,99.35,4.13
2725,62.09,0.05,0.43,90.07,92.58,7.27,0.04,99.35,4.13
2730,62.09,0.05,0.43,90.07,92.58,7.27,0.04,99.35,4.13
2735,62.09,0.05,0.43,90.07,92.58,7.27,0.04,99.35,4.13
2740,62.09,0.05,0.43,90.07,92.58,7.27,0.04,99.35,4.13
2745,62.09,0.05,0.43,90.07,92.57,7.27,0.04,99.35,4.13
2750,62.09,0.05,0.43,90.07,92.57,7.27,0.04,99.35,4.13
2755,62.09,0.05,0.43,90.07,92.57,7.27,0.04,99.35,4.13
2760,62.09,0.05,0.43,90.07,92.57,7.27,0.04,99.35,4.13
2765,62.09,0.05,0.43,90.07,92.57,7.27,0.04,99.35,4.13
2770,62.09,0.05,0.43,90.07,92.57,7.27,0.04,99.34,4.13
2775,62.09,0.05,0.43,90.07,92.57,7.27,0.04,99.34,4.13
2780,62.09,0.05,0.43,90.07,92.57,7.27,0.04,99.34,4.13
2785,62.09,0.05,0.43,90.06,59.53,7.27,0.04,99.34,4.13
2790,62.13,82.32,99.85,97.39,2.9,91.8,100.0,99.34,99.62
2795,62.09,82.32,99.85,97.38,2.9,91.8,100.0,99.34,99.62
2800,62.09,82.32,99.85,97.38,2.9,91.8,100.0,99.34,99.62
2805,62.09,82.32,99.85,97.38,2.9,91.79,100.0,99.34,99.62
2810,62.09,82.33,99.85,97.38,2.9,91.79,100.0,99.34,99.62
2815,62.09,82.33,99.85,97.38,2.9,91.79,100.0,99.34,99.62
2820,62.09,82.33,99.85,97.38,2.9,91.79,100.0,99.34,99.62
2825,62.09,82.33,99.85,97.38,2.9,91.79,100.0,99.34,99.62
2830,62.09,82.33,99.85,97.38,2.9,91.79,100.0,99.34,99.62
2835,62.09,82.33,99.85,97.38,2.9,91.79,100.0,99.34,99.62
2840,62.09,82.33,99.85,97.38,2.9,91.78,100.0,99.34,99.62
2845,62.09,82.33,99.85,97.38,2.9,91.78,100.0,99.34,99.62
2850,62.09,82.33,99.85,97.38,2.9,91.78,100.0,99.34,99.62
2855,62.09,82.33,99.85,97.37,2.9,91.78,100.0,99.34,99.62
2860,62.09,82.33,99.85,97.37,2.9,91.78,100.0,99.34,99.62
2865,62.09,82.33,99.85,97.37,2.9,91.78,100.0,99.33,99.62
2870,62.09,82.33,99.85,97.37,2.9,91.78,100.0,99.33,99.62
2875,62.09,82.33,99.85,97.37,2.9,91.78,100.0,99.33,99.62
2880,62.09,82.33,99.85,97.37,2.9,91.78,100.0,99.33,99.62
2885,62.09,82.33,99.85,97.37,2.9,91.78,100.0,99.33,99.62
2890,62.09,82.33,99.85,97.37,2.75,91.78,100.0,99.33,99.62
2895,62.09,82.33,99.85,97.37,2.69,91.77,100.0,99.33,99.62
2900,62.09,82.33,99.85,97.37,2.69,91.77,100.0,99.33,99.62
2905,62.09,82.33,99.85,97.37,2.69,91.77,100.0,99.33,99.62
2910,62.09,82.33,99.85,97.37,2.69,91.77,100.0,99.33,99.62
2915,62.09,82.33,99.85,97.37,2.69,91.77,100.0,99.33,99.62
2920,62.09,82.33,99.85,97.37,2.69,91.77,100.0,99.33,99.62
2925,42.75,82.34,99.85,97.37,2.69,91.77,100.0,99.33,99.62
2930,12.32,82.34,99.85,97.37,2.69,91.77,100.0,99.33,99.62
2935,12.32,82.34,99.85,97.37,2.69,91.77,100.0,99.33,99.62
2940,12.32,82.34,99.85,97.36,2.69,91.77,100.0,99.33,99.63
2945,12.32,82.34,99.85,97.36,2.69,91.77,100.0,99.33,99.63
2950,12.32,82.34,99.85,97.36,2.69,91.77,100.0,99.33,99.63
2955,12.32,82.34,99.85,97.36,2.69,91.77,100.0,99.33,99.63
2960,12.32,82.34,99.85,97.36,2.69,91.77,100.0,99.33,99.63
2965,12.32,82.34,99.85,97.36,2.69,91.77,100.0,99.33,99.63
2970,12.32,82.34,99.85,97.36,2.69,91.77,100.0,99.33,99.63
2975,12.32,82.34,99.85,97.36,2.69,91.77,100.0,99.33,99.63
2980,12.32,82.34,99.85,97.36,2.69,91.77,100.0,99.33,99.63
2985,12.32,82.34,99.85,97.36,2.51,91.77,100.0,99.33,99.63
2990,12.32,82.34,99.85,97.36,2.42,91.77,100.0,99.33,99.63
2995,12.32,82.34,99.85,97.36,2.42,91.77,100.0,99.33,99.63
3000,12.31,82.34,99.86,97.12,2.44,90.54,100.0,99.11,99.79
3005,12.31,82.33,99.86,97.12,2.44,90.53,100.0,99.11,99.79
3010,12.31,82.33,99.86,97.12,2.44,90.52,100.0,99.1,99.79
3015,12.31,82.32,99.86,97.11,2.44,90.51,100.0,99.1,99.79
3020,12.31,82.31,99.86,97.11,2.44,90.5,100.0,99.1,99.79
3025,12.31,82.31,99.86,97.11,2.44,90.5,100.0,99.1,99.78
3030,12.31,82.3,99.86,97.11,1.4,90.49,100.0,99.09,99.78
3035,12.3,82.29,99.86,97.11,1.1,90.48,100.0,99.09,99.78
3040,12.3,82.29,99.86,97.11,1.1,90.47,100.0,99.09,99.78
3045,12.3,82.28,99.86,97.1,1.1,90.47,100.0,99.09,99.78
3050,12.3,82.28,99.86,97.1,1.1,90.46,100.0,99.09,99.78
3055,12.3,82.27,99.86,97.1,1.1,90.45,100.0,99.08,99.78
3060,12.3,82.27,99.86,97.1,1.1,90.45,100.0,99.08,99.78
3065,12.3,9.36,99.86,97.1,1.1,90.44,100.0,99.08,99.78
3070,12.3,9.72,99.86,97.1,1.1,90.43,100.0,99.08,99.33
3075,12.3,82.25,99.86,97.09,1.1,90.43,100.0,99.08,8.66
3080,12.3,82.24,99.86,97.09,1.1,90.42,100.0,99.07,8.66
3085,12.3,82.24,99.86,97.09,1.1,90.41,100.0,99.07,8.66
3090,12.3,82.23,99.86,97.09,1.1,90.41,100.0,99.07,8.66
3095,12.3,82.23,99.86,97.09,1.1,90.4,100.0,99.07,8.66
3100,12.3,82.22,99.86,97.09,1.1,90.39,100.0,99.07,8.66
3105,12.3,82.22,99.86,97.09,1.1,90.39,100.0,99.06,8.66
3110,12.3,82.21,99.86,97.08,1.1,90.38,100.0,99.06,8.66
3115,12.3,82.21,99.86,97.08,1.1,90.38,100.0,99.06,8.66
3120,12.29,82.2,99.86,97.08,1.1,90.37,100.0,99.06,8.66
3125,12.29,82.2,99.86,97.08,1.1,90.36,100.0,99.06,8.66
3130,12.29,82.2,99.86,97.08,1.1,90.36,100.0,99.05,8.66
3135,12.29,82.19,99.86,97.08,1.1,90.35,100.0,99.05,8.66
3140,12.29,82.19,99.86,97.08,1.1,90.35,100.0,99.05,8.66
3145,12.29,82.18,99.86,97.08,1.1,90.34,100.0,99.05,8.66
3150,12.29,82.18,99.86,97.08,1.1,90.34,100.0,99.05,8.66
3155,12.29,82.17,99.86,97.07,1.2,90.33,100.0,99.05,8.66
3160,12.29,82.17,99.86,97.07,1.2,90.33,100.0,99.05,8.66
3165,12.29,82.17,99.86,97.07,1.2,90.32,100.0,99.04,8.66
3170,12.29,82.16,99.86,97.07,1.2,90.32,100.0,99.04,8.66
3175,12.29,82.16,99.86,97.07,1.2,90.31,100.0,99.04,8.66
3180,12.29,82.15,99.86,97.07,1.2,90.31,100.0,99.04,8.66
3185,12.29,82.15,99.86,97.07,1.2,90.3,100.0,99.04,8.66
3190,12.29,82.15,99.86,97.07,1.2,90.3,100.0,99.04,8.66
3195,12.29,82.14,99.86,97.07,1.2,90.3,100.0,99.04,8.66
3200,12.29,82.14,99.86,97.07,1.2,90.29,100.0,99.03,8.66
3205,12.29,82.13,99.86,97.06,1.2,90.29,100.0,99.03,8.66
3210,12.29,82.13,99.86,97.06,1.2,90.28,100.0,99.03,8.66
3215,12.28,82.13,99.86,97.06,1.2,90.28,100.0,99.03,8.66
3220,12.28,82.12,99.86,97.06,1.2,90.27,100.0,99.03,8.66
3225,12.28,82.12,99.86,97.06,1.2,90.27,100.0,99.03,8.66
3230,12.28,82.12,99.86,97.06,1.2,90.27,100.0,99.03,8.66
3235,12.28,82.11,99.86,97.06,1.2,90.26,100.0,99.02,8.66
3240,12.28,82.11,99.86,97.06,1.2,90.26,100.0,99.02,8.66
3245,12.28,82.11,99.86,97.06,1.2,90.25,100.0,99.02,8.66
3250,12.28,82.1,99.86,97.06,1.2,90.25,100.0,99.02,8.66
3255,12.28,82.1,99.86,97.06,1.2,90.25,100.0,99.02,8.66
3260,12.28,82.1,99.86,97.06,1.2,90.24,100.0,99.02,8.66
3265,12.28,82.1,99.86,97.06,1.2,90.24,100.0,99.02,8.66
3270,12.28,82.09,99.86,97.05,1.2,90.24,100.0,99.02,8.66
3275,12.28,82.09,99.86,97.05,1.2,90.23,100.0,99.02,8.66
3280,12.28,82.09,99.86,97.05,1.2,90.23,100.0,99.01,8.66
3285,12.28,82.08,99.86,97.05,1.2,90.23,100.0,99.01,8.66
3290,12.28,82.08,99.86,97.05,1.2,90.22,100.0,99.01,8.66
3295,12.28,82.08,99.86,97.05,1.2,90.22,100.0,99.01,8.66
3300,12.28,82.07,99.86,97.05,1.2,90.22,100.0,99.01,8.66
3305,12.28,82.07,99.86,97.05,1.2,90.21,100.0,99.01,8.66
3310,12.28,82.07,99.86,97.05,1.2,90.21,100.0,99.01,8.66
3315,12.28,82.07,99.86,97.05,1.2,90.21,100.0,99.01,8.66
3320,12.28,82.06,99.86,97.05,1.2,90.21,100.0,99.01,8.66
3325,12.27,82.06,99.86,97.05,1.2,90.2,100.0,99.01,8.66
3330,12.27,82.06,99.86,97.05,1.2,90.2,100.0,99.0,8.66
3335,12.27,82.06,99.86,97.05,1.2,90.2,100.0,99.0,8.66
3340,12.27,82.05,99.86,97.05,1.2,90.2,100.0,99.0,8.66
3345,12.27,82.05,99.86,97.05,1.2,90.19,100.0,99.0,8.66
3350,12.27,82.05,99.86,97.05,1.2,90.19,100.0,99.0,8.66
3355,12.27,82.05,99.86,97.05,1.2,90.19,100.0,99.0,8.66
3360,12.27,82.04,99.86,97.05,1.2,90.19,100.0,99.0,8.66
3365,12.27,82.04,99.86,97.04,1.2,90.18,100.0,99.0,8.66
3370,12.27,82.04,99.86,97.04,1.2,90.18,100.0,99.0,8.66
3375,12.27,82.04,99.86,97.04,1.2,90.18,100.0,99.0,8.66
3380,12.27,82.04,99.86,97.04,1.2,90.18,100.0,99.0,8.66
3385,12.27,82.03,99.86,97.04,1.2,90.18,100.0,98.99,8.66
3390,12.27,82.03,99.86,97.04,1.2,90.17,100.0,98.99,8.66
3395,12.27,82.03,99.86,97.04,1.2,90.17,100.0,98.99,8.66
3400,12.27,82.03,99.86,97.04,1.2,90.17,99.99,98.99,8.65
3405,12.27,82.02,99.86,97.04,1.2,90.17,99.99,98.99,8.65
3410,12.27,82.02,99.86,97.04,1.2,90.17,99.99,98.99,8.65
3415,12.27,82.02,99.86,97.04,1.2,90.16,99.99,98.99,8.65
3420,12.27,82.02,99.86,97.04,1.2,90.16,99.99,98.99,8.65
3425,12.27,82.02,99.86,97.04,1.2,90.16,99.99,98.99,8.65
3430,12.27,82.01,99.86,97.04,1.2,90.16,99.99,98.99,8.65
3435,12.27,82.01,99.86,97.04,1.2,90.16,99.99,98.99,8.65
3440,12.27,82.01,99.86,97.04,1.2,90.16,99.99,98.99,8.65
3445,12.27,82.01,99.86,97.04,1.2,90.15,99.99,98.99,8.65
3450,12.27,82.01,99.86,97.04,1.2,90.15,99.99,98.99,8.65
3455,12.27,82.01,99.86,97.04,1.2,90.15,99.99,98.98,8.65
3460,12.26,82.0,99.86,97.04,1.2,90.15,99.99,98.98,8.65
3465,12.26,82.0,99.86,97.04,1.2,90.15,99.99,98.98,8.65
3470,12.26,82.0,99.86,97.04,1.2,90.15,99.99,98.98,8.65
3475,12.26,82.0,99.86,97.04,1.2,90.15,99.99,98.98,8.65
3480,12.26,82.0,99.86,97.04,1.2,90.14,99.99,98.98,8.65
3485,12.26,82.0,99.86,97.04,1.2,90.14,99.99,98.98,8.65
3490,12.26,81.99,99.86,97.04,1.2,90.14,99.99,98.98,8.65
3495,12.26,81.99,99.86,97.04,1.2,90.14,99.99,98.98,8.65
3500,12.26,81.99,99.85,97.04,1.2,90.14,99.99,98.98,8.65
3505,12.26,81.99,99.85,97.04,1.2,90.14,99.99,98.98,8.65
3510,12.26,81.99,99.85,97.04,1.2,90.14,99.99,98.98,8.65
3515,12.26,81.99,99.85,97.04,1.2,90.14,99.99,98.98,8.65
3520,12.26,81.98,99.85,97.04,1.2,90.14,99.99,98.98,8.65
3525,12.26,81.98,99.85,97.04,1.2,90.13,99.99,98.98,8.65
3530,12.26,81.98,99.85,97.04,1.2,90.13,99.99,98.98,8.65
3535,12.26,81.98,99.85,97.04,1.2,90.13,99.99,98.97,8.65
3540,12.26,81.98,99.85,97.04,1.2,90.13,99.99,98.97,8.65
3545,12.26,81.98,99.85,97.04,1.2,90.13,99.99,98.97,8.65
3550,12.26,81.98,99.85,97.04,1.2,90.13,99.99,98.97,8.65
3555,12.26,81.97,99.85,97.04,1.2,90.13,99.98,98.97,8.65
3560,12.26,81.97,99.85,97.04,1.2,90.13,99.98,98.97,8.65
3565,12.26,81.97,99.85,97.04,1.2,90.13,99.98,98.97,8.65
3570,12.26,81.97,99.85,97.04,1.2,90.13,99.98,98.97,8.65
3575,12.26,81.97,99.85,97.04,1.2,90.13,99.98,98.97,8.65
3580,12.26,81.97,99.85,97.04,1.2,90.13,99.98,98.97,8.65
3585,12.26,81.97,99.85,97.04,1.2,90.13,99.98,98.97,8.65
3590,12.26,81.97,99.85,97.04,1.2,90.13,99.98,98.97,8.65
3595,12.26,81.96,99.85,97.04,1.2,90.13,99.98,98.97,8.65
3600,12.25,81.96,99.88,97.24,1.28,89.07,100.0,98.72,8.65
3605,12.25,81.96,99.88,97.24,1.28,89.06,100.0,98.72,8.65
3610,12.25,81.97,99.88,97.24,1.28,89.05,100.0,98.72,8.64
3615,12.25,81.97,99.88,97.24,1.28,89.05,100.0,98.72,8.64
3620,12.25,81.97,99.88,97.24,1.28,89.04,100.0,98.71,8.64
3625,12.25,81.97,99.88,97.24,1.28,89.04,100.0,98.71,8.64
3630,12.25,81.97,99.88,97.24,1.28,89.03,100.0,98.71,8.64
3635,12.25,81.97,99.88,97.24,1.28,89.02,100.0,98.71,8.64
3640,12.25,81.97,99.88,97.24,1.28,89.02,100.0,98.71,8.64
3645,12.25,81.97,99.88,97.24,1.28,89.01,100.0,98.7,8.64
3650,12.25,81.98,99.88,97.24,1.28,89.01,100.0,98.7,8.64
3655,12.25,81.98,99.88,97.24,1.28,89.0,100.0,98.7,8.64
3660,12.25,81.98,99.88,97.25,1.28,89.0,100.0,98.7,8.64
3665,12.25,81.98,99.88,97.25,1.28,88.99,100.0,98.69,8.64
3670,12.25,81.98,99.88,97.25,1.28,88.99,100.0,98.69,8.64
3675,12.25,81.98,99.88,97.25,1.28,88.98,100.0,98.69,8.64
3680,12.25,81.98,99.88,97.25,1.28,88.98,100.0,98.69,8.64
3685,12.25,81.98,99.88,97.25,1.28,88.97,100.0,98.69,8.64
3690,12.25,81.99,99.88,97.25,1.28,88.97,100.0,98.68,8.64
3695,12.25,81.99,99.88,97.25,1.28,88.96,100.0,98.68,8.64
3700,12.25,81.99,99.88,97.25,1.28,88.96,100.0,98.68,8.64
3705,12.25,81.99,99.88,97.25,1.28,88.95,100.0,98.68,8.64
3710,12.25,81.99,99.88,97.25,1.28,88.95,100.0,98.68,8.64
3715,12.25,81.99,99.88,97.25,1.28,88.94,100.0,98.68,8.64
3720,12.25,81.99,99.88,97.26,1.28,88.94,100.0,98.67,8.64
3725,12.25,81.99,99.88,97.26,1.28,88.93,100.0,98.67,4.28
3730,12.25,81.99,99.88,97.26,1.28,88.93,100.0,98.67,4.28
3735,12.25,82.0,99.88,97.26,1.28,88.93,100.0,98.67,4.28
3740,12.25,82.0,99.88,97.26,1.28,88.92,100.0,98.67,4.28
3745,12.25,82.0,99.88,97.26,1.28,88.92,100.0,98.66,4.28
3750,12.25,82.0,99.88,97.26,1.28,88.91,100.0,98.66,4.28
3755,12.25,82.0,99.88,97.26,1.28,88.91,100.0,98.66,4.28
3760,12.25,82.0,99.88,97.26,1.28,88.9,100.0,98.66,4.28
3765,12.25,82.0,99.88,97.26,1.28,88.9,100.0,98.66,4.28
3770,12.25,82.0,99.88,97.26,1.28,88.9,100.0,98.66,4.28
3775,12.25,82.01,99.88,97.26,1.28,88.89,100.0,98.65,4.28
3780,12.25,82.01,99.88,97.27,1.28,88.89,100.0,98.65,4.28
3785,12.25,82.01,99.87,97.27,1.28,88.89,100.0,98.65,4.28
3790,12.25,82.01,99.87,97.27,1.28,88.88,100.0,98.65,4.28
3795,12.25,82.01,99.87,97.27,1.28,88.88,100.0,98.65,4.28
3800,12.25,82.01,99.87,97.27,1.28,88.88,100.0,98.65,4.28
3805,12.25,82.01,99.87,97.27,1.28,88.87,100.0,98.65,4.28
3810,12.25,82.01,99.87,97.27,1.28,88.87,100.0,98.64,4.28
3815,12.25,82.01,99.87,97.27,1.28,88.86,100.0,98.64,4.28
3820,12.25,82.02,99.87,97.27,1.28,88.86,100.0,98.64,4.28
3825,12.25,82.02,99.87,97.27,1.28,88.86,100.0,98.64,4.28
3830,12.25,82.02,99.87,97.27,1.28,88.86,100.0,98.64,4.28
3835,12.25,82.02,99.87,97.28,1.28,88.85,100.0,98.64,4.28
3840,12.25,82.02,99.87,97.28,1.28,88.85,100.0,98.64,4.28
3845,12.25,82.02,99.87,97.28,1.28,88.85,100.0,98.63,4.28
3850,12.25,82.02,99.87,97.28,1.28,88.84,100.0,98.63,4.28
3855,12.25,82.02,99.87,97.28,1.28,88.84,100.0,98.63,4.28
3860,12.25,82.02,99.87,97.28,1.28,88.84,100.0,98.63,4.28
3865,12.25,82.03,99.87,97.28,1.28,88.83,100.0,98.63,4.28
3870,12.25,82.03,99.87,97.28,1.28,88.83,100.0,98.63,4.28
3875,12.25,82.03,99.87,97.28,1.28,88.83,100.0,98.63,4.28
3880,12.25,82.03,99.87,97.28,1.28,88.83,100.0,98.63,4.28
3885,12.25,82.03,99.87,97.28,1.28,88.82,100.0,98.62,4.28
3890,12.25,82.03,99.87,97.28,1.28,88.82,100.0,98.62,4.28
3895,12.25,82.03,99.87,97.29,1.28,88.82,100.0,98.62,4.28
3900,12.25,82.03,99.87,97.29,1.28,88.82,100.0,98.62,4.28
3905,12.25,82.03,99.87,97.29,1.28,88.81,100.0,98.62,4.28
3910,12.25,82.04,99.87,97.29,1.28,88.81,100.0,98.62,4.28
3915,12.25,82.04,99.87,97.29,1.28,88.81,100.0,98.62,4.28
3920,12.25,82.04,99.87,97.29,1.28,88.81,100.0,98.62,4.28
3925,12.25,82.04,99.87,97.29,1.28,88.8,100.0,98.62,4.28
3930,12.25,82.04,99.87,97.29,1.28,88.8,100.0,98.61,4.28
3935,12.25,82.04,99.87,97.29,1.28,88.8,100.0,98.61,4.28
3940,12.25,82.04,99.87,97.29,1.28,88.8,100.0,98.61,4.28
3945,12.25,82.04,99.87,97.29,1.28,88.8,100.0,98.61,4.28
3950,12.25,82.04,99.87,97.3,1.28,88.79,100.0,98.61,4.28
3955,12.25,82.05,99.87,97.3,1.28,88.79,100.0,98.61,4.28
3960,12.25,82.05,99.87,97.3,1.28,88.79,100.0,98.61,4.28
3965,12.24,82.05,5.1,97.3,1.28,88.79,100.0,98.61,4.28
3970,12.24,82.05,5.1,97.3,1.28,88.79,100.0,98.61,4.28
3975,12.24,82.05,5.1,97.3,1.28,88.78,100.0,98.6,4.28
3980,12.24,82.05,5.1,97.3,1.28,88.78,100.0,98.6,4.28
3985,12.24,82.05,29.45,97.3,1.28,88.78,100.0,82.78,4.28
3990,12.24,82.05,99.87,97.3,1.28,88.78,100.0,1.93,4.28
3995,12.24,82.05,99.87,97.3,1.28,88.78,100.0,1.93,4.28
4000,12.24,82.05,99.87,97.3,1.28,88.77,100.0,1.93,4.28
4005,12.24,82.06,99.87,97.31,1.28,88.77,99.99,1.93,4.28
4010,12.24,82.06,99.87,97.31,1.28,88.77,99.99,1.93,4.28
4015,12.24,82.06,99.87,97.31,1.28,88.77,99.98,1.93,4.28
4020,12.24,82.06,99.87,97.31,1.28,88.77,99.98,1.93,4.28
4025,12.24,82.06,99.87,97.31,1.28,88.77,99.98,1.93,4.28
4030,12.24,82.06,99.87,97.31,1.28,88.77,99.97,1.93,4.28
4035,12.24,82.06,99.87,97.31,1.28,88.76,99.97,1.93,4.28
4040,12.24,82.06,99.87,97.31,1.28,88.76,99.96,1.93,4.28
4045,12.24,82.06,99.87,97.31,1.28,88.76,99.96,1.93,4.28
4050,12.24,82.07,99.87,97.31,1.28,88.76,99.95,1.93,4.28
4055,12.24,82.07,99.87,97.31,1.28,88.76,99.95,1.93,4.28
4060,12.24,82.07,99.87,97.32,1.28,88.76,99.95,1.93,4.28
4065,12.24,82.07,99.87,97.32,1.28,88.76,99.94,1.93,4.28
4070,12.24,82.07,99.87,97.32,1.28,88.75,99.94,1.93,4.28
4075,12.24,82.09,99.87,31.05,2.79,88.75,99.93,1.93,4.28
4080,12.24,82.07,99.87,20.88,2.99,88.75,99.93,1.93,4.28
4085,12.24,82.07,99.87,20.87,2.99,88.75,99.93,1.93,4.28
4090,12.24,82.07,99.87,20.87,2.99,88.75,99.92,1.93,4.28
4095,12.24,82.07,99.87,20.87,2.99,88.75,99.92,1.93,4.28
4100,12.24,82.08,99.87,20.87,2.99,88.75,99.92,1.93,4.28
4105,12.24,82.08,99.87,20.86,2.99,88.75,99.91,1.93,4.28
4110,12.24,82.08,99.87,20.86,2.99,88.75,99.91,1.93,4.28
4115,12.24,82.08,99.87,20.86,2.99,88.75,99.9,1.93,4.28
4120,12.24,82.08,99.86,20.86,2.99,88.74,99.9,1.93,4.28
4125,12.24,82.08,99.86,20.85,2.99,88.74,99.9,1.93,4.28
4130,12.24,82.08,99.86,20.85,2.99,88.74,99.89,1.93,4.28
4135,12.24,82.08,99.86,20.85,2.99,88.74,99.89,1.93,4.28
4140,12.24,82.08,99.86,20.85,2.99,88.74,99.89,1.93,4.28
4145,12.24,82.08,99.86,20.84,2.99,88.74,99.88,1.93,4.28
4150,12.24,82.09,99.86,20.84,2.99,88.74,99.88,1.93,4.28
4155,12.24,82.09,99.86,27.24,2.99,88.74,99.88,1.93,4.28
4160,12.24,82.09,99.86,35.04,2.99,88.74,99.87,1.93,4.28
4165,12.24,82.09,99.86,35.03,2.99,88.74,99.87,1.93,4.28
4170,12.24,82.09,99.86,35.03,2.99,88.74,99.87,1.93,4.28
4175,12.24,82.09,99.86,35.03,2.99,88.74,99.86,1.93,4.28
4180,12.24,82.09,99.86,35.03,2.99,88.74,99.86,1.93,4.28
4185,12.24,82.09,99.86,35.03,2.99,88.74,99.86,1.93,4.28
4190,12.24,82.09,99.86,35.02,2.99,88.74,99.85,1.93,4.28
4195,12.24,82.09,99.86,35.02,2.99,88.73,99.85,1.93,4.28
4200,12.22,82.09,99.92,35.07,3.05,87.61,100.0,1.67,4.26
4205,12.22,82.09,99.92,35.06,3.05,87.6,100.0,1.67,4.26
4210,12.22,82.09,99.92,35.05,3.05,87.6,100.0,1.67,4.26
4215,12.22,82.09,99.92,35.05,3.05,87.59,100.0,1.67,4.26
4220,12.22,82.09,99.92,35.04,3.05,87.59,100.0,1.67,4.26
4225,12.22,82.09,99.92,35.03,3.05,87.58,100.0,1.67,4.26
4230,12.22,82.09,99.92,35.02,3.05,87.58,100.0,1.67,4.26
4235,12.22,82.09,99.92,35.02,3.05,87.57,100.0,1.67,4.26
4240,12.22,82.09,99.92,35.01,3.05,87.57,100.0,1.67,4.26
4245,12.22,82.09,99.92,35.0,3.05,87.56,100.0,1.67,4.26
4250,12.22,82.09,99.92,35.0,3.05,87.56,100.0,1.67,4.26
4255,12.22,82.09,99.92,34.99,3.05,87.55,100.0,1.67,4.26
4260,12.22,82.09,99.92,34.98,3.05,87.55,100.0,1.67,4.26
4265,12.22,82.09,99.92,34.98,3.05,87.54,100.0,1.67,4.26
4270,12.22,82.09,99.92,34.97,3.05,87.54,100.0,1.67,4.26
4275,12.22,82.09,99.92,34.97,3.05,87.53,100.0,1.67,4.26
4280,12.22,82.09,99.92,34.96,3.05,87.53,100.0,1.67,4.26
4285,12.22,82.09,99.92,34.95,3.05,87.52,100.0,1.67,4.26
4290,12.22,82.09,99.91,34.95,3.05,87.52,100.0,1.67,4.26
4295,12.22,82.09,99.91,34.94,3.05,87.51,100.0,1.67,4.26
4300,12.22,82.09,99.91,34.93,3.05,87.51,100.0,1.67,4.26
4305,12.22,82.09,99.91,34.93,3.05,87.5,100.0,1.67,4.26
4310,12.22,82.09,99.91,34.92,3.05,87.5,100.0,1.67,4.26
4315,12.22,82.09,99.91,34.92,3.05,87.5,100.0,1.67,4.26
4320,12.22,82.09,99.91,34.91,3.05,87.49,100.0,1.67,4.26
4325,12.22,82.09,99.91,34.91,3.05,87.49,100.0,1.67,4.26
4330,12.22,82.09,99.91,34.9,3.05,87.48,100.0,1.67,4.26
4335,12.22,82.09,99.91,34.9,3.05,87.48,100.0,1.67,4.26
4340,12.22,82.09,99.91,34.89,3.05,87.48,100.0,1.67,4.26
4345,12.22,82.09,99.91,34.88,3.05,87.47,100.0,1.67,4.26
4350,12.22,82.1,99.91,34.88,3.05,87.47,100.0,1.67,4.26
4355,12.22,82.1,99.91,34.87,3.05,87.46,100.0,1.67,4.26
4360,12.22,82.1,99.91,34.87,3.05,87.46,100.0,1.67,4.26
4365,12.22,82.1,99.91,34.86,3.05,87.46,100.0,1.67,4.26
4370,12.22,82.1,99.91,34.86,3.05,87.45,100.0,1.67,4.26
4375,12.22,82.1,99.91,34.85,3.05,87.45,100.0,1.67,4.26
4380,12.22,82.1,99.91,34.85,3.05,87.44,100.0,1.67,4.26
4385,12.22,82.1,99.91,34.84,3.05,87.44,100.0,1.67,4.26
4390,12.22,82.1,99.91,34.84,3.05,87.44,100.0,1.67,4.26
4395,12.22,82.1,99.91,34.83,3.05,87.43,100.0,1.67,4.26
4400,12.22,82.1,99.91,34.83,3.05,87.43,100.0,1.67,4.26
4405,12.22,82.1,99.9,34.83,3.05,87.43,100.0,1.67,4.26
4410,12.22,82.1,99.9,34.82,3.05,87.42,100.0,1.67,4.26
4415,12.22,82.1,99.9,34.82,3.05,87.42,100.0,1.67,4.26
4420,12.22,82.1,99.9,34.81,3.05,87.42,100.0,1.67,4.26
4425,12.22,82.1,99.9,34.81,3.05,87.41,100.0,1.67,4.26
4430,12.22,82.1,99.9,34.8,3.05,87.41,100.0,1.67,4.26
4435,12.22,82.1,99.9,34.8,3.05,87.41,100.0,1.67,4.26
4440,12.22,82.1,99.9,34.79,3.05,87.4,100.0,1.67,4.26
4445,12.22,0.04,99.9,34.79,3.05,87.4,100.0,1.67,4.26
4450,12.22,0.04,99.9,34.79,3.05,87.4,100.0,1.67,4.26
4455,12.22,0.04,99.9,34.78,3.05,87.4,100.0,1.67,4.26
4460,12.22,0.04,99.9,34.78,3.05,87.39,100.0,1.67,4.26
4465,12.22,0.04,99.9,34.77,3.05,87.39,100.0,1.67,4.26
4470,12.22,0.04,99.9,34.77,3.05,87.39,99.99,1.67,4.26
4475,12.22,0.04,99.9,34.76,3.05,87.38,99.98,1.67,4.26
4480,12.22,0.04,99.9,34.76,3.05,87.38,99.98,1.67,4.26
4485,12.22,0.04,99.9,34.76,3.05,87.38,99.97,1.67,4.26
4490,12.22,0.04,99.9,34.75,3.05,87.38,99.96,1.67,4.26
4495,12.22,0.04,99.9,34.75,3.05,87.37,99.96,1.67,4.26
4500,12.22,0.04,99.9,34.75,3.05,87.37,99.95,1.67,4.26
4505,12.22,0.04,99.9,45.18,3.05,3.86,99.94,1.67,4.26
4510,12.22,0.04,99.9,45.18,3.05,3.86,99.94,1.67,4.26
4515,12.22,0.04,99.9,45.17,3.05,3.86,99.93,1.67,4.26
4520,12.22,0.04,99.9,45.17,3.05,3.86,99.92,1.67,4.26
4525,12.22,0.04,99.9,45.16,3.05,3.86,99.92,1.67,4.26
4530,12.22,0.04,99.9,45.16,3.05,3.86,99.91,1.67,4.26
4535,12.21,0.04,99.89,45.16,3.05,3.86,99.91,1.67,4.26
4540,12.21,0.04,99.89,45.15,3.05,3.86,99.9,1.67,4.26
4545,12.21,0.04,99.89,45.15,3.05,3.86,99.89,1.67,4.26
4550,12.21,0.04,99.89,45.14,3.05,3.86,99.89,1.67,4.26
4555,12.21,0.04,99.89,45.14,3.05,3.86,99.88,1.67,4.26
4560,12.21,0.04,99.89,45.14,3.04,3.86,99.88,1.67,4.26
4565,12.21,0.04,99.89,34.64,3.04,3.86,99.87,1.67,4.26
4570,12.21,0.04,99.89,34.64,3.04,3.86,99.86,1.67,4.26
4575,12.21,0.04,99.89,34.64,3.04,3.86,99.86,1.67,4.26
4580,12.21,0.04,99.89,34.64,3.04,3.86,99.85,1.67,4.26
4585,12.21,0.04,99.89,34.64,3.04,3.86,99.85,1.67,4.26
4590,12.21,0.04,99.89,34.64,3.04,3.86,99.84,1.67,4.26
4595,12.21,0.04,99.89,34.64,3.04,3.86,99.83,1.67,4.26
4600,12.21,0.04,99.89,34.64,3.04,3.86,99.83,1.67,4.26
4605,12.21,0.04,99.89,34.64,3.04,3.86,99.82,1.67,4.26
4610,12.21,0.04,99.89,34.64,3.04,3.86,99.82,1.67,4.26
4615,12.21,0.04,99.89,34.64,3.04,3.86,99.81,1.67,4.26
4620,12.21,0.04,99.89,34.64,3.04,3.86,99.81,1.67,4.26
4625,2.3,0.04,99.89,34.64,3.04,3.86,99.8,1.67,4.26
4630,0.53,0.04,99.89,34.64,3.04,3.86,99.8,1.67,4.26
4635,0.53,0.04,99.89,34.64,3.04,3.86,99.79,1.67,4.26
4640,0.53,0.04,99.89,34.64,3.04,3.86,99.79,1.67,4.26
4645,0.53,0.04,99.89,34.64,3.04,3.86,99.78,1.67,4.26
4650,0.53,0.04,99.89,34.64,3.04,3.86,99.77,1.67,4.26
4655,0.53,0.04,99.89,34.64,3.04,3.86,99.77,1.67,4.26
4660,0.53,0.04,99.89,34.64,3.04,3.86,99.76,1.67,4.26
4665,0.53,0.04,99.89,34.64,3.04,3.86,99.76,1.67,4.26
4670,0.53,0.04,99.89,34.64,3.04,3.86,99.75,1.67,4.26
4675,0.53,0.04,99.89,34.64,3.04,3.86,99.75,1.67,4.26
4680,0.53,0.04,99.89,34.64,3.04,3.86,99.74,1.67,4.26
4685,0.53,0.04,99.88,34.64,3.04,3.86,99.74,1.67,4.26
4690,0.53,0.04,99.88,34.64,3.04,3.86,99.73,1.67,4.26
4695,0.53,0.04,99.88,34.64,3.04,3.86,99.73,1.67,4.26
4700,0.53,0.04,99.88,34.64,3.04,3.86,99.72,1.67,4.26
4705,0.53,0.04,99.88,34.64,3.04,3.86,99.72,1.67,4.26
4710,0.53,0.04,99.88,34.64,3.04,3.86,99.71,1.67,4.26
4715,0.53,0.04,99.88,34.64,3.04,3.86,99.71,1.67,4.26
4720,0.53,0.04,99.88,34.64,3.04,3.86,99.7,1.67,4.26
4725,0.53,0.04,99.88,34.64,3.04,3.86,99.7,1.67,4.26
4730,0.53,0.04,99.88,34.64,3.04,3.86,99.69,1.67,4.26
4735,0.53,0.04,99.88,34.64,3.04,3.86,99.69,1.67,4.26
4740,0.53,0.04,99.88,34.64,3.04,3.86,99.69,1.67,4.26
4745,0.53,0.04,99.88,9.98,3.04,3.86,99.68,1.67,4.26
4750,0.53,0.04,99.88,9.98,3.04,3.86,99.68,1.67,4.26
4755,0.53,0.04,99.88,9.98,3.04,3.86,99.67,1.67,4.26
4760,0.53,0.04,99.88,9.98,3.04,3.86,99.67,1.67,4.26
4765,0.53,0.04,99.88,9.98,3.04,3.86,99.66,1.67,4.26
4770,0.53,0.04,99.88,9.98,3.04,3.86,99.66,1.67,4.26
4775,0.53,0.04,99.88,9.98,3.04,3.86,99.65,1.67,4.26
4780,0.53,0.04,99.88,9.98,3.04,3.86,99.65,1.67,4.26
4785,0.53,0.04,99.88,9.98,3.04,3.86,99.64,1.67,4.26
4790,0.53,0.04,99.88,9.98,3.04,3.86,99.64,1.67,4.26
4795,0.53,0.04,99.88,9.98,3.04,3.86,99.63,1.67,4.26
4800,0.49,0.04,99.9,9.02,3.13,2.6,100.0,1.42,4.54
4805,0.49,0.04,99.9,9.02,3.13,2.6,100.0,1.42,4.54
4810,0.49,0.04,99.9,9.02,3.13,2.6,100.0,1.42,4.54
4815,0.49,0.04,99.89,9.02,3.13,2.6,100.0,1.42,4.54
4820,0.49,0.04,99.89,9.02,3.13,2.6,100.0,1.42,4.54
4825,0.49,0.04,99.89,9.02,3.13,2.6,100.0,1.42,4.54
4830,0.49,0.04,99.89,9.02,3.13,2.6,100.0,1.42,4.54
4835,0.49,0.04,99.89,9.02,3.13,2.6,100.0,1.42,4.54
4840,0.49,0.04,99.89,9.02,3.13,2.6,100.0,1.42,4.54
4845,0.49,0.04,99.89,9.02,3.13,2.6,100.0,1.42,4.54
4850,0.49,0.04,99.89,9.02,3.13,2.6,100.0,1.42,4.54
4855,0.49,0.04,99.89,9.02,3.13,2.6,100.0,1.42,4.54
4860,0.49,0.04,99.89,9.02,3.13,2.6,100.0,1.42,4.54
4865,0.49,0.04,99.89,9.02,3.13,2.6,100.0,1.42,4.54
4870,0.49,0.04,99.89,9.02,3.13,2.6,100.0,1.42,4.54
4875,0.49,0.04,99.89,9.02,3.13,2.6,100.0,1.42,4.54
4880,0.49,0.04,99.89,9.02,3.13,2.6,100.0,1.42,4.54
4885,0.49,0.04,99.89,9.02,3.13,2.6,100.0,1.42,4.54
4890,0.49,0.04,99.89,9.02,3.13,2.6,100.0,1.42,4.54
4895,0.49,0.04,99.89,9.02,3.13,2.6,100.0,1.42,4.54
4900,0.49,0.04,99.89,9.02,3.13,2.6,100.0,1.42,4.54
4905,0.49,0.04,99.89,9.02,3.13,2.6,100.0,1.42,4.54
4910,0.49,0.04,99.89,9.02,3.13,2.6,100.0,1.42,4.54
4915,0.49,0.04,99.89,9.02,3.13,2.6,100.0,1.42,4.54
4920,0.49,0.04,99.89,9.02,3.13,2.6,100.0,1.42,4.54
4925,0.49,0.04,99.89,9.02,3.13,2.6,100.0,1.42,4.54
4930,0.49,0.04,99.89,9.02,3.13,2.6,100.0,1.42,4.54
4935,0.49,0.04,99.89,9.02,3.13,2.6,99.99,1.42,4.54
4940,0.49,0.04,99.89,9.02,3.13,2.6,99.98,1.42,4.54
4945,0.49,0.04,99.89,9.02,3.13,2.6,99.97,1.42,4.54
4950,0.49,0.04,99.89,9.02,3.13,2.6,99.96,1.42,4.54
4955,0.49,0.04,99.88,9.02,3.13,2.6,99.95,1.42,4.54
4960,0.49,0.04,99.88,9.02,3.13,2.6,99.95,1.42,4.54
4965,0.49,99.98,99.88,9.02,2.0,2.6,99.94,1.42,4.54
4970,0.49,99.98,99.88,9.02,1.33,2.6,99.93,1.42,4.54
4975,0.49,99.98,99.88,9.02,1.33,2.6,99.92,1.42,4.54
4980,0.49,99.98,99.88,9.02,1.33,2.6,99.91,1.42,4.54
4985,0.49,99.98,99.88,9.02,1.33,2.6,99.91,1.42,4.54
4990,0.49,99.98,99.88,9.02,1.33,2.6,99.9,1.42,4.54
4995,0.49,99.98,99.88,9.02,1.33,2.6,99.89,1.42,4.54
5000,0.49,99.98,99.88,9.02,1.33,2.6,99.88,1.42,4.54
5005,0.49,99.98,99.88,9.02,1.33,2.6,99.87,1.42,4.54
5010,0.49,99.98,99.88,9.02,1.33,2.6,99.87,1.42,4.54
5015,0.49,99.98,99.88,9.02,1.33,2.6,99.86,1.42,4.54
5020,0.49,99.98,99.88,9.02,1.33,2.6,99.85,1.42,4.54
5025,0.49,99.98,99.88,9.02,1.33,2.6,99.84,1.42,4.54
5030,0.49,99.98,99.88,9.02,1.33,2.6,99.84,1.42,4.54
5035,0.49,99.98,99.88,9.02,1.33,2.6,99.83,1.42,4.54
5040,0.49,99.98,99.88,9.02,1.33,2.6,99.82,1.42,4.54
5045,0.49,99.98,99.88,9.02,1.33,2.6,99.81,1.42,4.54
5050,0.49,99.98,99.88,9.02,1.33,2.6,99.81,1.42,4.54
5055,0.49,99.98,99.88,9.02,1.33,2.6,99.8,1.42,4.54
5060,0.49,99.98,99.88,9.02,1.33,2.6,99.79,1.42,4.54
5065,0.49,99.98,99.88,9.02,1.33,2.6,99.78,1.42,4.54
5070,0.49,99.98,99.88,9.02,1.33,2.6,99.78,1.42,4.54
5075,0.49,99.98,99.88,9.02,1.33,2.6,99.77,1.42,4.54
5080,0.49,99.98,99.88,9.02,1.33,2.6,99.76,1.42,4.54
5085,0.49,99.98,99.88,9.02,1.33,2.6,99.76,1.42,4.54
5090,0.49,99.98,99.88,9.02,1.33,2.6,99.75,1.42,4.54
5095,0.49,99.98,99.88,9.02,1.33,2.6,99.74,1.42,4.54
5100,0.49,99.98,99.88,9.02,1.33,2.6,99.73,1.42,4.54
5105,0.49,99.98,99.88,9.02,1.33,2.6,99.73,1.42,4.54
5110,0.49,99.98,99.87,9.02,1.33,2.6,99.72,1.42,4.54
5115,0.49,99.98,99.87,9.02,1.33,2.6,99.71,1.42,4.54
5120,0.49,99.98,99.87,9.02,1.33,2.6,99.71,1.42,4.54
5125,0.49,99.98,99.87,9.02,1.33,2.6,99.7,1.42,4.54
5130,0.49,99.98,99.87,9.02,1.33,2.6,99.69,1.42,4.54
5135,0.49,99.98,99.87,9.02,1.33,2.6,99.69,1.42,4.54
5140,0.49,99.98,99.87,9.02,1.33,2.6,99.68,1.42,4.54
5145,0.49,99.98,99.87,9.02,1.33,2.6,99.67,1.42,4.54
5150,0.49,99.98,99.87,9.02,1.33,2.6,99.67,1.42,4.54
5155,0.49,99.98,99.87,9.02,1.33,2.6,99.66,1.42,4.54
5160,0.49,99.98,99.87,9.02,1.33,2.6,99.65,1.42,4.54
5165,0.49,99.98,99.87,9.02,1.33,2.6,27.91,1.42,4.54
5170,0.49,99.98,99.87,9.02,1.33,2.6,27.91,1.42,4.54
5175,0.49,99.98,99.87,9.02,1.33,2.6,27.91,1.42,4.54
5180,0.49,99.98,99.87,9.02,1.33,2.6,27.9,1.42,4.54
5185,0.49,99.98,99.87,9.02,1.33,2.6,27.9,1.42,4.54
5190,0.49,99.98,99.87,9.02,1.33,2.6,27.9,1.42,4.54
5195,0.49,99.98,99.87,9.02,1.33,2.6,27.9,1.42,4.54
5200,0.49,99.98,99.87,9.02,1.33,2.6,27.9,1.42,4.54
5205,0.49,99.98,99.87,9.02,1.33,2.6,27.9,1.42,4.54
5210,0.49,99.98,99.87,9.02,1.33,2.6,27.89,1.42,4.54
5215,0.49,99.98,99.87,9.02,1.33,2.6,27.89,1.42,4.54
5220,0.49,99.98,99.87,9.02,1.33,2.6,27.89,1.42,4.54
5225,0.49,99.98,99.87,9.02,1.33,2.6,27.89,1.42,4.54
5230,0.49,99.98,99.87,9.02,1.33,2.6,27.89,1.42,4.54
5235,0.49,99.98,99.87,9.02,1.33,2.6,27.89,1.42,4.54
5240,0.49,99.98,99.87,9.02,1.33,2.6,27.89,1.42,4.54
5245,0.49,99.98,99.87,9.02,1.33,2.6,27.88,1.42,4.54
5250,0.49,99.98,99.87,9.02,1.33,2.6,27.88,1.42,4.54
5255,0.49,99.98,99.87,9.02,1.33,2.6,27.88,1.42,4.54
5260,0.49,99.98,99.87,9.02,1.33,2.6,27.88,1.42,4.54
5265,0.49,99.98,99.87,9.02,1.33,2.6,27.88,1.42,4.54
5270,0.49,99.98,99.87,9.02,1.33,2.6,27.88,1.42,4.54
5275,0.49,99.98,99.87,9.02,1.33,2.6,27.88,1.42,4.54
5280,0.49,99.98,99.87,9.02,1.33,2.6,27.87,1.42,4.54
5285,0.49,99.98,0.55,9.02,1.33,2.6,2.07,1.42,4.54
5290,0.49,99.98,0.55,9.02,1.33,2.6,2.07,1.42,4.54
5295,0.49,99.98,0.55,9.02,1.33,2.6,2.07,1.42,4.54
5300,0.49,99.98,0.55,9.02,1.33,2.6,2.07,1.42,4.54
5305,0.49,99.98,0.55,9.02,1.33,2.6,2.07,1.42,4.54
5310,0.49,99.98,0.55,9.02,1.33,2.6,2.07,1.42,4.54
5315,0.49,99.98,0.55,9.02,1.33,2.6,2.07,1.42,4.54
5320,0.49,99.98,0.55,9.02,1.33,2.6,2.07,1.42,4.54
5325,0.49,99.98,0.55,9.02,1.33,2.6,2.07,1.42,4.54
5330,0.49,99.98,0.55,9.02,1.33,2.6,2.07,1.42,4.54
5335,0.49,99.98,0.55,9.02,1.33,2.6,2.07,1.42,4.54
5340,0.49,99.98,0.55,9.02,1.33,2.6,2.07,1.42,4.54
5345,0.49,0.04,0.55,9.02,1.33,2.6,2.07,1.42,4.54
5350,0.49,0.04,0.55,9.02,1.33,2.6,2.07,1.42,4.54
5355,0.49,0.04,0.55,9.02,1.33,2.6,2.07,1.42,4.54
5360,0.49,0.04,0.55,9.02,1.33,2.6,2.07,1.42,4.54
5365,0.49,0.04,0.55,9.02,1.33,2.6,2.07,1.42,4.54
5370,0.49,0.04,0.55,9.02,1.33,2.6,2.07,1.42,4.54
5375,0.49,0.04,0.55,9.02,1.33,2.6,2.07,1.42,4.54
5380,0.49,0.04,0.55,9.02,1.33,2.6,2.07,1.42,4.54
5385,0.49,0.04,0.55,9.02,1.33,2.6,2.07,1.42,4.54
5390,0.49,0.04,0.55,9.02,1.33,2.6,2.07,1.42,4.54
5395,0.49,0.04,0.55,9.02,1.33,2.6,2.07,1.42,4.54
5400,0.46,0.09,0.54,8.51,1.31,1.35,2.62,1.18,4.5
5405,0.46,0.09,0.54,8.51,1.31,1.35,2.62,1.18,4.5
5410,0.46,0.09,0.54,8.51,1.31,1.35,2.62,1.18,4.5
5415,0.46,0.09,0.54,8.51,1.31,1.35,2.62,1.18,4.5
5420,0.46,0.09,0.54,8.51,1.31,1.35,2.62,1.18,4.5
5425,0.46,0.09,0.54,8.51,1.31,1.35,2.62,1.18,4.5
5430,0.46,0.09,0.54,8.51,1.31,1.35,2.62,1.18,4.5
5435,0.46,0.09,0.54,8.51,1.31,1.35,2.62,1.18,4.5
5440,0.46,0.09,0.54,8.51,1.31,1.35,2.62,1.18,4.5
5445,0.46,0.09,0.54,8.51,1.31,1.35,2.62,1.18,4.5
5450,0.46,0.09,0.54,8.51,1.31,1.35,2.62,1.18,4.5
5455,0.46,0.09,0.54,8.51,1.31,1.35,2.62,1.18,4.5
5460,0.46,0.09,0.54,8.51,1.31,1.35,2.62,1.18,4.5
5465,0.46,0.09,0.54,8.51,1.31,1.35,2.62,1.18,4.5
5470,0.46,0.09,0.54,8.51,1.31,1.35,2.62,1.18,4.5
5475,0.46,0.09,0.54,8.51,1.31,1.35,2.62,1.18,4.5
5480,0.46,0.09,0.54,8.51,1.31,1.35,2.62,1.18,4.5
5485,0.46,0.09,0.54,8.51,1.31,1.35,2.62,1.18,4.5
5490,0.46,0.09,0.54,8.51,1.31,1.35,2.62,1.18,4.5
5495,0.46,0.09,0.54,8.51,1.31,1.35,2.62,1.18,4.5
5500,0.46,0.09,0.54,8.51,1.31,1.35,2.62,1.18,4.5
5505,0.46,0.09,0.54,8.51,1.31,1.35,2.62,1.18,4.5
5510,0.46,0.09,0.54,8.51,1.31,1.35,2.62,1.18,4.5
5515,0.46,0.09,0.54,8.51,1.31,1.35,2.62,1.18,4.5
5520,0.46,0.09,0.54,8.51,1.31,1.35,2.62,1.18,4.5
5525,0.46,0.09,0.54,8.51,1.31,1.35,2.62,1.18,4.5
5530,0.46,0.09,0.54,8.51,1.31,1.35,2.62,1.18,4.5
5535,0.46,0.09,0.54,8.51,1.31,1.35,2.62,1.18,4.5
5540,0.46,0.09,0.54,8.51,1.31,1.35,2.62,1.18,4.5
5545,0.46,0.09,0.54,8.51,1.31,1.35,2.62,1.18,4.5
5550,0.46,0.09,0.54,8.51,1.31,1.35,2.62,1.18,4.5
5555,0.46,0.09,0.54,8.51,1.31,1.35,2.62,1.18,4.5
5560,0.46,0.09,0.54,8.51,1.31,1.35,2.62,1.18,4.5
5565,0.46,0.09,0.54,8.51,1.31,1.35,2.62,1.18,4.5
5570,0.46,0.09,0.54,8.51,1.31,1.35,2.62,1.18,4.5
5575,0.46,0.09,0.54,8.51,1.31,1.35,2.62,1.18,4.5
5580,0.46,0.09,0.54,8.51,1.31,1.35,2.62,1.18,4.5
5585,0.46,0.09,0.54,8.51,1.31,1.35,2.62,1.18,4.5
5590,0.46,0.09,0.54,8.51,1.31,1.35,2.62,1.18,4.5
5595,0.46,0.09,0.54,8.51,1.31,1.35,2.62,1.18,4.5
5600,0.46,0.09,0.54,8.51,1.31,1.35,2.62,1.18,4.5
5605,0.46,0.09,0.54,8.51,1.31,1.35,2.62,1.18,4.5
5610,0.46,0.09,0.54,8.51,1.31,1.35,2.62,1.18,4.5
5615,0.46,0.09,0.54,8.51,1.31,1.35,2.62,1.18,4.5
5620,0.46,0.09,0.54,8.51,1.31,1.35,2.62,1.18,4.5
5625,0.46,0.09,0.54,8.51,1.31,1.35,2.62,1.18,4.5
5630,0.46,0.09,0.54,8.51,1.31,1.35,2.62,1.18,4.5
5635,0.46,0.09,0.54,8.51,1.31,1.35,2.62,1.18,4.5
5640,0.46,0.09,0.54,8.51,1.31,1.35,2.62,1.18,4.5
5645,0.46,0.09,0.54,8.51,1.31,1.35,2.62,1.18,4.5
5650,0.46,0.09,0.54,8.51,1.31,1.35,2.62,1.18,4.5
5655,0.46,0.09,0.54,8.51,1.31,1.35,2.62,1.18,4.5
5660,0.46,0.09,0.54,8.51,1.31,1.35,2.62,1.18,4.5
5665,0.46,0.09,0.54,8.51,1.31,1.35,2.62,1.18,4.5
5670,0.46,0.09,0.54,8.51,1.31,1.35,2.62,1.18,4.5
5675,0.46,0.09,0.54,8.51,1.31,1.35,2.62,1.18,4.5
5680,0.46,0.09,0.54,8.51,1.31,1.35,2.62,1.18,4.5
5685,0.46,0.09,0.54,8.51,1.31,1.35,2.62,1.18,4.5
5690,0.46,0.09,0.54,8.51,1.31,1.35,2.62,1.18,4.5
5695,0.46,0.09,0.54,8.51,1.31,1.35,2.62,1.18,4.5
5700,0.46,0.09,0.54,8.51,1.31,1.35,2.62,1.18,4.5
5705,0.46,0.09,0.54,8.51,1.31,1.35,2.62,1.18,4.5
5710,0.46,0.09,0.54,8.51,1.31,1.35,2.62,1.18,4.5
5715,0.46,0.09,0.54,8.51,1.31,1.35,2.62,1.18,4.5
5720,0.46,0.09,0.54,8.51,1.31,1.35,2.62,1.18,4.5
5725,0.46,0.09,0.54,8.51,1.31,1.35,2.62,1.18,4.5
5730,0.46,0.09,0.54,8.51,1.31,1.35,2.62,1.18,4.5
5735,0.46,0.09,0.54,8.51,1.31,1.35,2.62,1.18,4.5
5740,0.46,0.09,0.54,8.51,1.31,1.35,2.62,1.18,4.5
5745,0.46,0.09,0.54,8.51,1.31,1.35,2.62,1.18,4.5
5750,0.46,0.09,0.54,8.51,1.31,1.35,2.62,1.18,4.5
5755,0.46,0.09,0.54,8.51,1.31,1.35,2.62,1.18,4.5
5760,0.46,0.09,0.54,8.51,1.31,1.35,2.62,1.18,4.5
5765,0.46,0.09,0.54,8.51,1.31,1.35,2.62,1.18,4.5
5770,0.46,0.09,0.54,8.51,1.31,1.35,2.62,1.18,4.5
5775,0.46,0.09,0.54,8.51,1.31,1.35,2.62,1.18,4.5
5780,0.46,0.09,0.54,8.51,1.31,1.35,2.62,1.18,4.5
5785,0.46,0.09,0.54,8.51,1.31,1.35,2.62,1.18,4.5
5790,0.46,0.09,0.54,8.51,1.31,1.35,2.62,1.18,4.5
5795,0.46,0.09,0.54,8.51,1.31,1.35,2.62,1.18,4.5
5800,0.46,0.09,0.54,8.51,1.31,1.35,2.62,1.18,4.5
5805,0.46,0.09,0.54,8.51,1.31,1.35,2.62,1.18,4.5
5810,0.46,0.09,0.54,8.51,1.31,1.35,2.62,1.18,4.5
5815,0.46,0.09,0.54,8.51,1.31,1.35,2.62,1.18,4.5
5820,0.46,0.09,0.54,8.51,1.31,1.35,2.62,1.18,4.5
5825,0.46,0.09,0.54,8.51,1.31,1.35,2.62,1.18,4.5
5830,0.46,0.09,0.54,8.51,1.31,1.35,2.62,1.18,4.5
5835,0.46,0.09,0.54,8.51,1.31,1.35,2.62,1.18,4.5
5840,0.46,0.09,0.54,8.51,1.31,1.35,2.62,1.18,4.5
5845,0.46,0.09,0.54,8.51,1.31,1.35,2.62,1.18,4.5
5850,0.46,0.09,0.54,8.51,1.31,1.35,2.62,1.18,4.5
5855,0.46,0.09,0.54,8.51,1.31,1.35,2.62,1.18,4.5
5860,0.46,0.09,0.54,8.51,1.31,1.35,2.62,1.18,4.5
5865,0.46,0.09,0.54,8.51,1.31,1.35,2.62,1.18,4.5
5870,0.46,0.09,0.54,8.51,1.31,1.35,2.62,1.18,4.5
5875,0.46,0.09,0.54,8.51,1.31,1.35,2.62,1.18,4.5
5880,0.46,0.09,0.54,8.51,1.31,1.35,2.62,1.18,4.5
5885,0.46,0.09,0.54,8.51,1.31,1.35,2.62,1.18,4.5
5890,0.46,0.09,0.54,8.51,1.31,1.35,2.62,1.18,4.5
5895,0.46,0.09,0.54,8.51,1.31,1.35,2.62,1.18,4.5
5900,0.46,0.09,0.54,8.51,1.31,1.35,2.62,1.18,4.5
5905,0.46,0.09,0.54,8.51,1.31,1.35,2.62,1.18,4.5
5910,0.46,0.09,0.54,8.51,1.31,1.35,2.62,1.18,4.5
5915,0.46,0.09,0.54,8.51,1.31,1.35,2.62,1.18,4.5
5920,0.46,0.09,0.54,8.51,1.31,1.35,2.62,1.18,4.5
5925,0.46,0.09,0.54,8.51,1.31,1.35,2.62,1.18,4.5
5930,0.46,0.09,0.54,8.51,1.31,1.35,2.62,1.18,4.5
5935,0.46,0.09,0.54,8.51,1.31,1.35,2.62,1.18,4.5
5940,0.46,0.09,0.54,8.51,1.31,1.35,2.62,1.18,4.5
5945,0.46,0.09,0.54,8.51,1.31,1.35,2.62,1.18,4.5
5950,0.46,0.09,0.54,8.51,1.31,1.35,2.62,1.18,4.5
5955,0.46,0.09,0.54,8.51,1.31,1.35,2.62,1.18,4.5
5960,0.46,0.09,0.54,8.51,1.31,1.35,2.62,1.18,4.5
5965,0.46,0.09,0.54,8.51,1.31,1.35,2.62,1.18,4.5
5970,0.46,0.09,0.54,8.51,1.31,1.35,2.62,1.18,4.5
5975,0.46,0.09,0.54,8.51,1.31,1.35,2.62,1.18,4.5
5980,0.46,0.09,0.54,8.51,1.31,1.35,2.62,1.18,4.5
5985,0.46,0.09,0.54,8.51,1.31,1.35,2.62,1.18,4.5
5990,0.46,0.09,0.54,8.51,1.31,1.35,2.62,1.18,4.5
5995,0.46,0.09,0.54,8.51,1.31,1.35,2.62,1.18,4.5
6000,0.43,0.09,0.42,7.46,1.41,1.49,3.27,0.88,4.76
6005,0.43,0.09,0.42,7.46,1.41,1.49,3.27,0.88,4.76
6010,0.43,0.09,0.42,7.46,1.41,1.49,3.27,0.88,4.76
6015,0.43,0.09,0.42,7.46,1.41,1.49,3.27,0.88,4.76
6020,0.43,0.09,0.42,7.46,1.41,1.49,3.27,0.88,4.76
6025,0.43,0.09,0.42,7.46,1.41,1.49,3.27,0.88,4.76
6030,0.43,0.09,0.42,7.46,1.41,1.49,3.27,0.88,4.76
6035,0.43,0.09,0.42,7.46,1.41,1.49,3.27,0.88,4.76
6040,0.43,0.09,0.42,7.46,1.41,1.49,3.27,0.88,4.76
6045,0.43,0.09,0.42,7.46,1.41,1.49,3.27,0.88,4.76
6050,0.43,0.09,0.42,7.46,1.41,1.49,3.27,0.88,4.76
6055,0.43,0.09,0.42,7.46,1.41,1.49,3.27,0.88,4.76
6060,0.43,0.09,0.42,7.46,1.41,1.49,3.27,0.88,4.76
6065,0.43,0.09,0.42,7.46,1.41,1.49,3.27,0.88,4.76
6070,0.43,0.09,0.42,7.46,1.41,1.49,3.27,0.88,4.76
6075,0.43,0.09,0.42,7.46,1.41,1.49,3.27,0.88,4.76
6080,0.43,0.09,0.42,7.46,1.41,1.49,3.27,0.88,4.76
6085,0.43,0.09,0.42,7.46,1.41,1.49,3.27,0.88,4.76
6090,0.43,0.09,0.42,7.46,1.41,1.49,3.27,0.88,4.76
6095,0.43,0.09,0.42,7.46,1.41,1.49,3.27,0.88,4.76
6100,0.43,0.09,0.42,7.46,1.41,1.49,3.27,0.88,4.76
6105,0.43,0.09,0.42,7.46,1.41,1.49,3.27,0.88,4.76
6110,0.43,0.09,0.42,7.46,1.41,1.49,3.27,0.88,4.76
6115,0.43,0.09,0.42,7.46,1.41,1.49,3.27,0.88,4.76
6120,0.43,0.09,0.42,7.46,1.41,1.49,3.27,0.88,4.76
6125,0.43,0.09,0.42,7.46,1.41,1.49,3.27,0.88,4.76
6130,0.43,0.09,0.42,7.46,1.41,1.49,3.27,0.88,4.76
6135,0.43,0.09,0.42,7.46,1.41,1.49,3.27,0.88,4.76
6140,0.43,0.09,0.42,7.46,1.41,1.49,3.27,0.88,4.76
6145,0.43,0.09,0.42,7.46,1.41,1.49,3.27,0.88,4.76
6150,0.43,0.09,0.42,7.46,1.41,1.49,3.27,0.88,4.76
6155,0.43,0.09,0.42,7.46,1.41,1.49,3.27,0.88,4.76
6160,0.43,0.09,0.42,7.46,1.41,1.49,3.27,0.88,4.76
6165,0.43,0.09,0.42,7.46,1.41,1.49,3.27,0.88,4.76
6170,0.43,0.09,0.42,7.46,1.41,1.49,3.27,0.88,4.76
6175,0.43,0.09,0.42,7.46,1.41,1.49,3.27,0.88,4.76
6180,0.43,0.09,0.42,7.46,1.41,1.49,3.27,0.88,4.76
6185,0.43,0.09,0.42,7.46,1.41,1.49,3.27,0.88,4.76
6190,0.43,0.09,0.42,7.46,1.41,1.49,3.27,0.88,4.76
6195,0.43,0.09,0.42,7.46,1.41,1.49,3.27,0.88,4.76
6200,0.43,0.09,0.42,7.46,1.41,1.49,3.27,0.88,4.76
6205,0.43,0.09,0.42,7.46,1.41,1.49,3.27,0.88,4.76
6210,0.43,0.09,0.42,7.46,1.41,1.49,3.27,0.88,4.76
6215,0.43,0.09,0.42,7.46,1.41,1.49,3.27,0.88,4.76
6220,0.43,0.09,0.42,7.46,1.41,1.49,3.27,0.88,4.76
6225,0.43,0.09,0.42,7.46,1.41,1.49,3.27,0.88,4.76
6230,0.43,0.09,0.42,7.46,1.41,1.49,3.27,0.88,4.76
6235,0.43,0.09,0.42,7.46,1.41,1.49,3.27,0.88,4.76
6240,0.43,0.09,0.42,7.46,1.41,1.49,3.27,0.88,4.76
6245,0.43,0.09,0.42,7.46,1.41,1.49,3.27,0.88,4.76
6250,0.43,0.09,0.42,7.46,1.41,1.49,3.27,0.88,4.76
6255,0.43,0.09,0.42,7.46,1.41,1.49,3.27,0.88,4.76
6260,0.43,0.09,0.42,7.46,1.41,1.49,3.27,0.88,4.76
6265,0.43,0.09,0.42,7.46,1.41,1.49,3.27,0.88,4.76
6270,0.43,0.09,0.42,7.46,1.41,1.49,3.27,0.88,4.76
6275,0.43,0.09,0.42,7.46,1.41,1.49,3.27,0.88,4.76
6280,0.43,0.09,0.42,7.46,1.41,1.49,3.27,0.88,4.76
6285,0.43,0.09,0.42,7.46,1.41,1.49,3.27,0.88,4.76
6290,0.43,0.09,0.42,7.46,1.41,1.49,3.27,0.88,4.76
6295,0.43,0.09,0.42,7.46,1.41,1.49,3.27,0.88,4.76
6300,0.43,0.09,0.42,7.46,1.41,1.49,3.27,0.88,4.76
6305,0.43,0.09,0.42,7.46,1.41,1.49,3.27,0.88,4.76
6310,0.43,0.09,0.42,7.46,1.41,1.49,3.27,0.88,4.76
6315,0.43,0.09,0.42,7.46,1.41,1.49,3.27,0.88,4.76
6320,0.43,0.09,0.42,7.46,1.41,1.49,3.27,0.88,4.76
6325,0.43,0.09,0.42,7.46,1.41,1.49,3.27,0.88,4.76
6330,0.43,0.09,0.42,7.46,1.41,1.49,3.27,0.88,4.76
6335,0.43,0.09,0.42,7.46,1.41,1.49,3.27,0.88,4.76
6340,0.43,0.09,0.42,7.46,1.41,1.49,3.27,0.88,4.76
6345,0.43,0.09,0.42,7.46,1.41,1.49,3.27,0.88,4.76
6350,0.43,0.09,0.42,7.46,1.41,1.49,3.27,0.88,4.76
6355,0.43,0.09,0.42,7.46,1.41,1.49,3.27,0.88,4.76
6360,0.43,0.09,0.42,7.46,1.41,1.49,3.27,0.88,4.76
6365,0.43,0.09,0.42,7.46,1.41,1.49,3.27,0.88,4.76
6370,0.43,0.09,0.42,7.46,1.41,1.49,3.27,0.88,4.76
6375,0.43,0.09,0.42,7.46,1.41,1.49,3.27,0.88,4.76
6380,0.43,0.09,0.42,7.46,1.41,1.49,3.27,0.88,4.76
6385,0.43,0.09,0.42,7.46,1.41,1.49,3.27,0.88,4.76
6390,0.43,0.09,0.42,7.46,1.41,1.49,3.27,0.88,4.76
6395,0.43,0.09,0.42,7.46,1.41,1.49,3.27,0.88,4.76
6400,0.43,0.09,0.42,7.46,1.41,1.49,3.27,0.88,4.76
6405,0.43,0.09,0.42,7.46,1.41,1.49,3.27,0.88,4.76
6410,0.43,0.09,0.42,7.46,1.41,1.49,3.27,0.88,4.76
6415,0.43,0.09,0.42,7.46,1.41,1.49,3.27,0.88,4.76
6420,0.43,0.09,0.42,7.46,1.41,1.49,3.27,0.88,4.76
6425,0.43,0.09,0.42,7.46,1.41,1.49,3.27,0.88,4.76
6430,0.43,0.09,0.42,7.46,1.41,1.49,3.27,0.88,4.76
6435,0.43,0.09,0.42,7.46,1.41,1.49,3.27,0.88,4.76
6440,0.43,0.09,0.42,7.46,1.41,1.49,3.27,0.88,4.76
6445,0.43,0.09,0.42,7.46,1.41,1.49,3.27,0.88,4.76
6450,0.43,0.09,0.42,7.46,1.41,1.49,3.27,0.88,4.76
6455,0.43,0.09,0.42,7.46,1.41,1.49,3.27,0.88,4.76
6460,0.43,0.09,0.42,7.46,1.41,1.49,3.27,0.88,4.76
6465,0.43,0.09,0.42,7.46,1.41,1.49,3.27,0.88,4.76
6470,0.43,0.09,0.42,7.46,1.41,1.49,3.27,0.88,4.76
6475,0.43,0.09,0.42,7.46,1.41,1.49,3.27,0.88,4.76
6480,0.43,0.09,0.42,7.46,1.41,1.49,3.27,0.88,4.76
6485,0.43,0.09,0.42,7.46,1.41,1.49,3.27,0.88,4.76
6490,0.43,0.09,0.42,7.46,1.41,1.49,3.27,0.88,4.76
6495,0.43,0.09,0.42,7.46,1.41,1.49,3.27,0.88,4.76
6500,0.43,0.09,0.42,7.46,1.41,1.49,3.27,0.88,4.76
6505,0.43,0.09,0.42,7.46,1.41,1.49,3.27,0.88,4.76
6510,0.43,0.09,0.42,7.46,1.41,1.49,3.27,0.88,4.76
6515,0.43,0.09,0.42,7.46,1.41,1.49,3.27,0.88,4.76
6520,0.43,0.09,0.42,7.46,1.41,1.49,3.27,0.88,4.76
6525,0.43,0.09,0.42,7.46,1.41,1.49,3.27,0.88,4.76
6530,0.43,0.09,0.42,7.46,1.41,1.49,3.27,0.88,4.76
6535,0.43,0.09,0.42,7.46,1.41,1.49,3.27,0.88,4.76
6540,0.43,0.09,0.42,7.46,1.41,1.49,3.27,0.88,4.76
6545,0.43,0.09,0.42,7.46,1.41,1.49,3.27,0.88,4.76
6550,0.43,0.09,0.42,7.46,1.41,1.49,3.27,0.88,4.76
6555,0.43,0.09,0.42,7.46,1.41,1.49,3.27,0.88,4.76
6560,0.43,0.09,0.42,7.46,1.41,1.49,3.27,0.88,4.76
6565,0.43,0.09,0.42,7.46,1.41,1.49,3.27,0.88,4.76
6570,0.43,0.09,0.42,7.46,1.41,1.49,3.27,0.88,4.76
6575,0.43,0.09,0.42,7.46,1.41,1.49,3.27,0.88,4.76
6580,0.43,0.09,0.42,7.46,1.41,1.49,3.27,0.88,4.76
6585,0.43,0.09,0.42,7.46,1.41,1.49,3.27,0.88,4.76
6590,0.43,0.09,0.42,7.46,1.41,1.49,3.27,0.88,4.76
6595,0.43,0.09,0.42,7.46,1.41,1.49,3.27,0.88,4.76
6600,0.39,0.12,0.39,7.66,1.47,1.57,3.91,0.65,5.11
6605,0.39,0.12,0.39,7.66,1.47,1.57,3.91,0.65,5.11
6610,0.39,0.12,0.39,7.66,1.47,1.57,3.91,0.65,5.11
6615,0.39,0.12,0.39,7.66,1.47,1.57,3.91,0.65,5.11
6620,0.39,0.12,0.39,7.66,1.47,1.57,3.91,0.65,5.11
6625,0.39,0.12,0.39,7.66,1.47,1.57,3.91,0.65,5.11
6630,0.39,0.12,0.39,7.66,1.47,1.57,3.91,0.65,5.11
6635,0.39,0.12,0.39,7.66,1.47,1.57,3.91,0.65,5.11
6640,0.39,0.12,0.39,7.66,1.47,1.57,3.91,0.65,5.11
6645,0.39,0.12,0.39,7.66,1.47,1.57,3.91,0.65,5.11
6650,0.39,0.12,0.39,7.66,1.47,1.57,3.91,0.65,5.11
6655,0.39,0.12,0.39,7.66,1.47,1.57,3.91,0.65,5.11
6660,0.39,0.12,0.39,7.66,1.47,1.57,3.91,0.65,5.11
6665,0.39,0.12,0.39,7.66,1.47,1.57,3.91,0.65,5.11
6670,0.39,0.12,0.39,7.66,1.47,1.57,3.91,0.65,5.11
6675,0.39,0.12,0.39,7.66,1.47,1.57,3.91,0.65,5.11
6680,0.39,0.12,0.39,7.66,1.47,1.57,3.91,0.65,5.11
6685,0.39,0.12,0.39,7.66,1.47,1.57,3.91,0.65,5.11
6690,0.39,0.12,0.39,7.66,1.47,1.57,3.91,0.65,5.11
6695,0.39,0.12,0.39,7.66,1.47,1.57,3.91,0.65,5.11
6700,0.39,0.12,0.39,7.66,1.47,1.57,3.91,0.65,5.11
6705,0.39,0.12,0.39,7.66,1.47,1.57,3.91,0.65,5.11
6710,0.39,0.12,0.39,7.66,1.47,1.57,3.91,0.65,5.11
6715,0.39,0.12,0.39,7.66,1.47,1.57,3.91,0.65,5.11
6720,0.39,0.12,0.39,7.66,1.47,1.57,3.91,0.65,5.11
6725,0.39,0.12,0.39,7.66,1.47,1.57,3.91,0.65,5.11
6730,0.39,0.12,0.39,7.66,1.47,1.57,3.91,0.65,5.11
6735,0.39,0.12,0.39,7.66,1.47,1.57,3.91,0.65,5.11
6740,0.39,0.12,0.39,7.66,1.47,1.57,3.91,0.65,5.11
6745,0.39,0.12,0.39,7.66,1.47,1.57,3.91,0.65,5.11
6750,0.39,0.12,0.39,7.66,1.47,1.57,3.91,0.65,5.11
6755,0.39,0.12,0.39,7.66,1.47,1.57,3.91,0.65,5.11
6760,0.39,0.12,0.39,7.66,1.47,1.57,3.91,0.65,5.11
6765,0.39,0.12,0.39,7.66,1.47,1.57,3.91,0.65,5.11
6770,0.39,0.12,0.39,7.66,1.47,1.57,3.91,0.65,5.11
6775,0.39,0.12,0.39,7.66,1.47,1.57,3.91,0.65,5.11
6780,0.39,0.12,0.39,7.66,1.47,1.57,3.91,0.65,5.11
6785,0.39,0.12,0.39,7.66,1.47,1.57,3.91,0.65,5.11
6790,0.39,0.12,0.39,7.66,1.47,1.57,3.91,0.65,5.11
6795,0.39,0.12,0.39,7.66,1.47,1.57,3.91,0.65,5.11
6800,0.39,0.12,0.39,7.66,1.47,1.57,3.91,0.65,5.11
6805,0.39,0.12,0.39,7.66,1.47,1.57,3.91,0.65,5.11
6810,0.39,0.12,0.39,7.66,1.47,1.57,3.91,0.65,5.11
6815,0.39,0.12,0.39,7.66,1.47,1.57,3.91,0.65,5.11
6820,0.39,0.12,0.39,7.66,1.47,1.57,3.91,0.65,5.11
6825,0.39,0.12,0.39,7.66,1.47,1.57,3.91,0.65,5.11
6830,0.39,0.12,0.39,7.66,1.47,1.57,3.91,0.65,5.11
6835,0.39,0.12,0.39,7.66,1.47,1.57,3.91,0.65,5.11
6840,0.39,0.12,0.39,7.66,1.47,1.57,3.91,0.65,5.11
6845,0.39,0.12,0.39,7.66,1.47,1.57,3.91,0.65,5.11
6850,0.39,0.12,0.39,7.66,1.47,1.57,3.91,0.65,5.11
6855,0.39,0.12,0.39,7.66,1.47,1.57,3.91,0.65,5.11
6860,0.39,0.12,0.39,7.66,1.47,1.57,3.91,0.65,5.11
6865,0.39,0.12,0.39,7.66,1.47,1.57,3.91,0.65,5.11
6870,0.39,0.12,0.39,7.66,1.47,1.57,3.91,0.65,5.11
6875,0.39,0.12,0.39,7.66,1.47,1.57,3.91,0.65,5.11
6880,0.39,0.12,0.39,7.66,1.47,1.57,3.91,0.65,5.11
6885,0.39,0.12,0.39,7.66,1.47,1.57,3.91,0.65,5.11
6890,0.39,0.12,0.39,7.66,1.47,1.57,3.91,0.65,5.11
6895,0.39,0.12,0.39,7.66,1.47,1.57,3.91,0.65,5.11
6900,0.39,0.12,0.39,7.66,1.47,1.57,3.91,0.65,5.11
6905,0.39,0.12,0.39,7.66,1.47,1.57,3.91,0.65,5.11
6910,0.39,0.12,0.39,7.66,1.47,1.57,3.91,0.65,5.11
6915,0.39,0.12,0.39,7.66,1.47,1.57,3.91,0.65,5.11
6920,0.39,0.12,0.39,7.66,1.47,1.57,3.91,0.65,5.11
6925,0.39,0.12,0.39,7.66,1.47,1.57,3.91,0.65,5.11
6930,0.39,0.12,0.39,7.66,1.47,1.57,3.91,0.65,5.11
6935,0.39,0.12,0.39,7.66,1.47,1.57,3.91,0.65,5.11
6940,0.39,0.12,0.39,7.66,1.47,1.57,3.91,0.65,5.11
6945,0.39,0.12,0.39,7.66,1.47,1.57,3.91,0.65,5.11
6950,0.39,0.12,0.39,7.66,1.47,1.57,3.91,0.65,5.11
6955,0.39,0.12,0.39,7.66,1.47,1.57,3.91,0.65,5.11
6960,0.39,0.12,0.39,7.66,1.47,1.57,3.91,0.65,5.11
6965,0.39,0.12,0.39,7.66,1.47,1.57,3.91,0.65,5.11
6970,0.39,0.12,0.39,7.66,1.47,1.57,3.91,0.65,5.11
6975,0.39,0.12,0.39,7.66,1.47,1.57,3.91,0.65,5.11
6980,0.39,0.12,0.39,7.66,1.47,1.57,3.91,0.65,5.11
6985,0.39,0.12,0.39,7.66,1.47,1.57,3.91,0.65,5.11
6990,0.39,0.12,0.39,7.66,1.47,1.57,3.91,0.65,5.11
6995,0.39,0.12,0.39,7.66,1.47,1.57,3.91,0.65,5.11
7000,0.39,0.12,0.39,7.66,1.47,1.57,3.91,0.65,5.11
7005,0.39,0.12,0.39,7.66,1.47,1.57,3.91,0.65,5.11
7010,0.39,0.12,0.39,7.66,1.47,1.57,3.91,0.65,5.11
7015,0.39,0.12,0.39,7.66,1.47,1.57,3.91,0.65,5.11
7020,0.39,0.12,0.39,7.66,1.47,1.57,3.91,0.65,5.11
7025,0.39,0.12,0.39,7.66,1.47,1.57,3.91,0.65,5.11
7030,0.39,0.12,0.39,7.66,1.47,1.57,3.91,0.65,5.11
7035,0.39,0.12,0.39,7.66,1.47,1.57,3.91,0.65,5.11
7040,0.39,0.12,0.39,7.66,1.47,1.57,3.91,0.65,5.11
7045,0.39,0.12,0.39,7.66,1.47,1.57,3.91,0.65,5.11
7050,0.39,0.12,0.39,7.66,1.47,1.57,3.91,0.65,5.11
7055,0.39,0.12,0.39,7.66,1.47,1.57,3.91,0.65,5.11
7060,0.39,0.12,0.39,7.66,1.47,1.57,3.91,0.65,5.11
7065,0.39,0.12,0.39,7.66,1.47,1.57,3.91,0.65,5.11
7070,0.39,0.12,0.39,7.66,1.47,1.57,3.91,0.65,5.11
7075,0.39,0.12,0.39,7.66,1.47,1.57,3.91,0.65,5.11
7080,0.39,0.12,0.39,7.66,1.47,1.57,3.91,0.65,5.11
7085,0.39,0.12,0.39,7.66,1.47,1.57,3.91,0.65,5.11
7090,0.39,0.12,0.39,7.66,1.47,1.57,3.91,0.65,5.11
7095,0.39,0.12,0.39,7.66,1.47,1.57,3.91,0.65,5.11
7100,0.39,0.12,0.39,7.66,1.47,1.57,3.91,0.65,5.11
7105,0.39,0.12,0.39,7.66,1.47,1.57,3.91,0.65,5.11
7110,0.39,0.12,0.39,7.66,1.47,1.57,3.91,0.65,5.11
7115,0.39,0.12,0.39,7.66,1.47,1.57,3.91,0.65,5.11
7120,0.39,0.12,0.39,7.66,1.47,1.57,3.91,0.65,5.11
7125,0.39,0.12,0.39,7.66,1.47,1.57,3.91,0.65,5.11
7130,0.39,0.12,0.39,7.66,1.47,1.57,3.91,0.65,5.11
7135,0.39,0.12,0.39,7.66,1.47,1.57,3.91,0.65,5.11
7140,0.39,0.12,0.39,7.66,1.47,1.57,3.91,0.65,5.11
7145,0.39,0.12,0.39,7.66,1.47,1.57,3.91,0.65,5.11
7150,0.39,0.12,0.39,7.66,1.47,1.57,3.91,0.65,5.11
7155,0.39,0.12,0.39,7.66,1.47,1.57,3.91,0.65,5.11
7160,0.39,0.12,0.39,7.66,1.47,1.57,3.91,0.65,5.11
7165,0.39,0.12,0.39,7.66,1.47,1.57,3.91,0.65,5.11
7170,0.39,0.12,0.39,7.66,1.47,1.57,3.91,0.65,5.11
7175,0.39,0.12,0.39,7.66,1.47,1.57,3.91,0.65,5.11
7180,0.39,0.12,0.39,7.66,1.47,1.57,3.91,0.65,5.11
7185,0.39,0.12,0.39,7.66,1.47,1.57,3.91,0.65,5.11
7190,0.39,0.12,0.39,7.66,1.47,1.57,3.91,0.65,5.11
7195,0.39,0.12,0.39,7.66,1.47,1.57,3.91,0.65,5.11
7200,0.36,0.13,0.38,7.22,1.57,1.57,4.56,0.58,4.99
7205,0.36,0.13,0.38,7.22,1.57,1.57,4.56,0.58,4.99
7210,0.36,0.13,0.38,7.22,1.57,1.57,4.56,0.58,4.99
7215,0.36,0.13,0.38,7.22,1.57,1.57,4.56,0.58,4.99
7220,0.36,0.13,0.38,7.22,1.57,1.57,4.56,0.58,4.99
7225,0.36,0.13,0.38,7.22,1.57,1.57,4.56,0.58,4.99
7230,0.36,0.13,0.38,7.22,1.57,1.57,4.56,0.58,4.99
7235,0.36,0.13,0.38,7.22,1.57,1.57,4.56,0.58,4.99
7240,0.36,0.13,0.38,7.22,1.57,1.57,4.56,0.58,4.99
7245,0.36,0.13,0.38,7.22,1.57,1.57,4.56,0.58,4.99
7250,0.36,0.13,0.38,7.22,1.57,1.57,4.56,0.58,4.99
7255,0.36,0.13,0.38,7.22,1.57,1.57,4.56,0.58,4.99
7260,0.36,0.13,0.38,7.22,1.57,1.57,4.56,0.58,4.99
7265,0.36,0.13,0.38,7.22,1.57,1.57,4.56,0.58,4.99
7270,0.36,0.13,0.38,7.22,1.57,1.57,4.56,0.58,4.99
7275,0.36,0.13,0.38,7.22,1.57,1.57,4.56,0.58,4.99
7280,0.36,0.13,0.38,7.22,1.57,1.57,4.56,0.58,4.99
7285,0.36,0.13,0.38,7.22,1.57,1.57,4.56,0.58,4.99
7290,0.36,0.13,0.38,7.22,1.57,1.57,4.56,0.58,4.99
7295,0.36,0.13,0.38,7.22,1.57,1.57,4.56,0.58,4.99
7300,0.36,0.13,0.38,7.22,1.57,1.57,4.56,0.58,4.99
7305,0.36,0.13,0.38,7.22,1.57,1.57,4.56,0.58,4.99
7310,0.36,0.13,0.38,7.22,1.57,1.57,4.56,0.58,4.99
7315,0.36,0.13,0.38,7.22,1.57,1.57,4.56,0.58,4.99
7320,0.36,0.13,0.38,7.22,1.57,1.57,4.56,0.58,4.99
7325,0.36,0.13,0.38,7.22,1.57,1.57,4.56,0.58,4.99
7330,0.36,0.13,0.38,7.22,1.57,1.57,4.56,0.58,4.99
7335,0.36,0.13,0.38,7.22,1.57,1.57,4.56,0.58,4.99
7340,0.36,0.13,0.38,7.22,1.57,1.57,4.56,0.58,4.99
7345,0.36,0.13,0.38,7.22,1.57,1.57,4.56,0.58,4.99
7350,0.36,0.13,0.38,7.22,1.57,1.57,4.56,0.58,4.99
7355,0.36,0.13,0.38,7.22,1.57,1.57,4.56,0.58,4.99
7360,0.36,0.13,0.38,7.22,1.57,1.57,4.56,0.58,4.99
7365,0.36,0.13,0.38,7.22,1.57,1.57,4.56,0.58,4.99
7370,0.36,0.13,0.38,7.22,1.57,1.57,4.56,0.58,4.99
7375,0.36,0.13,0.38,7.22,1.57,1.57,4.56,0.58,4.99
7380,0.36,0.13,0.38,7.22,1.57,1.57,4.56,0.58,4.99
7385,0.36,0.13,0.38,7.22,1.57,1.57,4.56,0.58,4.99
7390,0.36,0.13,0.38,7.22,1.57,1.57,4.56,0.58,4.99
7395,0.36,0.13,0.38,7.22,1.57,1.57,4.56,0.58,4.99
7400,0.36,0.13,0.38,7.22,1.57,1.57,4.56,0.58,4.99
7405,0.36,0.13,0.38,7.22,1.57,1.57,4.56,0.58,4.99
7410,0.36,0.13,0.38,7.22,1.57,1.57,4.56,0.58,4.99
7415,0.36,0.13,0.38,7.22,1.57,1.57,4.56,0.58,4.99
7420,0.36,0.13,0.38,7.22,1.57,1.57,4.56,0.58,4.99
7425,0.36,0.13,0.38,7.22,1.57,1.57,4.56,0.58,4.99
7430,0.36,0.13,0.38,7.22,1.57,1.57,4.56,0.58,4.99
7435,0.36,0.13,0.38,7.22,1.57,1.57,4.56,0.58,4.99
7440,0.36,0.13,0.38,7.22,1.57,1.57,4.56,0.58,4.99
7445,0.36,0.13,0.38,7.22,1.57,1.57,4.56,0.58,4.99
7450,0.36,0.13,0.38,7.22,1.57,1.57,4.56,0.58,4.99
7455,0.36,0.13,0.38,7.22,1.57,1.57,4.56,0.58,4.99
7460,0.36,0.13,0.38,7.22,1.57,1.57,4.56,0.58,4.99
7465,0.36,0.13,0.38,7.22,1.57,1.57,4.56,0.58,4.99
7470,0.36,0.13,0.38,7.22,1.57,1.57,4.56,0.58,4.99
7475,0.36,0.13,0.38,7.22,1.57,1.57,4.56,0.58,4.99
7480,0.36,0.13,0.38,7.22,1.57,1.57,4.56,0.58,4.99
7485,0.36,0.13,0.38,7.22,1.57,1.57,4.56,0.58,4.99
7490,0.36,0.13,0.38,7.22,1.57,1.57,4.56,0.58,4.99
7495,0.36,0.13,0.38,7.22,1.57,1.57,4.56,0.58,4.99
7500,0.36,0.13,0.38,7.22,1.57,1.57,4.56,0.58,4.99
7505,0.36,0.13,0.38,7.22,1.57,1.57,4.56,0.58,4.99
7510,0.36,0.13,0.38,7.22,1.57,1.57,4.56,0.58,4.99
7515,0.36,0.13,0.38,7.22,1.57,1.57,4.56,0.58,4.99
7520,0.36,0.13,0.38,7.22,1.57,1.57,4.56,0.58,4.99
7525,0.36,0.13,0.38,7.22,1.57,1.57,4.56,0.58,4.99
7530,0.36,0.13,0.38,7.22,1.57,1.57,4.56,0.58,4.99
7535,0.36,0.13,0.38,7.22,1.57,1.57,4.56,0.58,4.99
7540,0.36,0.13,0.38,7.22,1.57,1.57,4.56,0.58,4.99
7545,0.36,0.13,0.38,7.22,1.57,1.57,4.56,0.58,4.99
7550,0.36,0.13,0.38,7.22,1.57,1.57,4.56,0.58,4.99
7555,0.36,0.13,0.38,7.22,1.57,1.57,4.56,0.58,4.99
7560,0.36,0.13,0.38,7.22,1.57,1.57,4.56,0.58,4.99
7565,0.36,0.13,0.38,7.22,1.57,1.57,4.56,0.58,4.99
7570,0.36,0.13,0.38,7.22,1.57,1.57,4.56,0.58,4.99
7575,0.36,0.13,0.38,7.22,1.57,1.57,4.56,0.58,4.99
7580,0.36,0.13,0.38,7.22,1.57,1.57,4.56,0.58,4.99
7585,0.36,0.13,0.38,7.22,1.57,1.57,4.56,0.58,4.99
7590,0.36,0.13,0.38,7.22,1.57,1.57,4.56,0.58,4.99
7595,0.36,0.13,0.38,7.22,1.57,1.57,4.56,0.58,4.99
7600,0.36,0.13,0.38,7.22,1.57,1.57,4.56,0.58,4.99
7605,0.36,0.13,0.38,7.22,1.57,1.57,4.56,0.58,4.99
7610,0.36,0.13,0.38,7.22,1.57,1.57,4.56,0.58,4.99
7615,0.36,0.13,0.38,7.22,1.57,1.57,4.56,0.58,4.99
7620,0.36,0.13,0.38,7.22,1.57,1.57,4.56,0.58,4.99
7625,0.36,0.13,0.38,7.22,1.57,1.57,4.56,0.58,4.99
7630,0.36,0.13,0.38,7.22,1.57,1.57,4.56,0.58,4.99
7635,0.36,0.13,0.38,7.22,1.57,1.57,4.56,0.58,4.99
7640,0.36,0.13,0.38,7.22,1.57,1.57,4.56,0.58,4.99
7645,0.36,0.13,0.38,7.22,1.57,1.57,4.56,0.58,4.99
7650,0.36,0.13,0.38,7.22,1.57,1.57,4.56,0.58,4.99
7655,0.36,0.13,0.38,7.22,1.57,1.57,4.56,0.58,4.99
7660,0.36,0.13,0.38,7.22,1.57,1.57,4.56,0.58,4.99
7665,0.36,0.13,0.38,7.22,1.57,1.57,4.56,0.58,4.99
7670,0.36,0.13,0.38,7.22,1.57,1.57,4.56,0.58,4.99
7675,0.36,0.13,0.38,7.22,1.57,1.57,4.56,0.58,4.99
7680,0.36,0.13,0.38,7.22,1.57,1.57,4.56,0.58,4.99
7685,0.36,0.13,0.38,7.22,1.57,1.57,4.56,0.58,4.99
7690,0.36,0.13,0.38,7.22,1.57,1.57,4.56,0.58,4.99
7695,0.36,0.13,0.38,7.22,1.57,1.57,4.56,0.58,4.99
7700,0.36,0.13,0.38,7.22,1.57,1.57,4.56,0.58,4.99
7705,0.36,0.13,0.38,7.22,1.57,1.57,4.56,0.58,4.99
7710,0.36,0.13,0.38,7.22,1.57,1.57,4.56,0.58,4.99
7715,0.36,0.13,0.38,7.22,1.57,1.57,4.56,0.58,4.99
7720,0.36,0.13,0.38,7.22,1.57,1.57,4.56,0.58,4.99
7725,0.36,0.13,0.38,7.22,1.57,1.57,4.56,0.58,4.99
7730,0.36,0.13,0.38,7.22,1.57,1.57,4.56,0.58,4.99
7735,0.36,0.13,0.38,7.22,1.57,1.57,4.56,0.58,4.99
7740,0.36,0.13,0.38,7.22,1.57,1.57,4.56,0.58,4.99
7745,0.36,0.13,0.38,7.22,1.57,1.57,4.56,0.58,4.99
7750,0.36,0.13,0.38,7.22,1.57,1.57,4.56,0.58,4.99
7755,0.36,0.13,0.38,7.22,1.57,1.57,4.56,0.58,4.99
7760,0.36,0.13,0.38,7.22,1.57,1.57,4.56,0.58,4.99
7765,0.36,0.13,0.38,7.22,1.57,1.57,4.56,0.58,4.99
7770,0.36,0.13,0.38,7.22,1.57,1.57,4.56,0.58,4.99
7775,0.36,0.13,0.38,7.22,1.57,1.57,4.56,0.58,4.99
7780,0.36,0.13,0.38,7.22,1.57,1.57,4.56,0.58,4.99
7785,0.36,0.13,0.38,7.22,1.57,1.57,4.56,0.58,4.99
7790,0.36,0.13,0.38,7.22,1.57,1.57,4.56,0.58,4.99
7795,0.36,0.13,0.38,7.22,1.57,1.57,4.56,0.58,4.99
7800,0.34,0.13,0.37,7.21,1.65,1.36,5.2,0.48,4.76
7805,0.34,0.13,0.37,7.21,1.65,1.36,5.2,0.48,4.76
7810,0.34,0.13,0.37,7.21,1.65,1.36,5.2,0.48,4.76
7815,0.34,0.13,0.37,7.21,1.65,1.36,5.2,0.48,4.76
7820,0.34,0.13,0.37,7.21,1.65,1.36,5.2,0.48,4.76
7825,0.34,0.13,0.37,7.21,1.65,1.36,5.2,0.48,4.76
7830,0.34,0.13,0.37,7.21,1.65,1.36,5.2,0.48,4.76
7835,0.34,0.13,0.37,7.21,1.65,1.36,5.2,0.48,4.76
7840,0.34,0.13,0.37,7.21,1.65,1.36,5.2,0.48,4.76
7845,0.34,0.13,0.37,7.21,1.65,1.36,5.2,0.48,4.76
7850,0.34,0.13,0.37,7.21,1.65,1.36,5.2,0.48,4.76
7855,0.34,0.13,0.37,7.21,1.65,1.36,5.2,0.48,4.76
7860,0.34,0.13,0.37,7.21,1.65,1.36,5.2,0.48,4.76
7865,0.34,0.13,0.37,7.21,1.65,1.36,5.2,0.48,4.76
7870,0.34,0.13,0.37,7.21,1.65,1.36,5.2,0.48,4.76
7875,0.34,0.13,0.37,7.21,1.65,1.36,5.2,0.48,4.76
7880,0.34,0.13,0.37,7.21,1.65,1.36,5.2,0.48,4.76
7885,0.34,0.13,0.37,7.21,1.65,1.36,5.2,0.48,4.76
7890,0.34,0.13,0.37,7.21,1.65,1.36,5.2,0.48,4.76
7895,0.34,0.13,0.37,7.21,1.65,1.36,5.2,0.48,4.76
7900,0.34,0.13,0.37,7.21,1.65,1.36,5.2,0.48,4.76
7905,0.34,0.13,0.37,7.21,1.65,1.36,5.2,0.48,4.76
7910,0.34,0.13,0.37,7.21,1.65,1.36,5.2,0.48,4.76
7915,0.34,0.13,0.37,7.21,1.65,1.36,5.2,0.48,4.76
7920,0.34,0.13,0.37,7.21,1.65,1.36,5.2,0.48,4.76
7925,0.34,0.13,0.37,7.21,1.65,1.36,5.2,0.48,4.76
7930,0.34,0.13,0.37,7.21,1.65,1.36,5.2,0.48,4.76
7935,0.34,0.13,0.37,7.21,1.65,1.36,5.2,0.48,4.76
7940,0.34,0.13,0.37,7.21,1.65,1.36,5.2,0.48,4.76
7945,0.34,0.13,0.37,7.21,1.65,1.36,5.2,0.48,4.76
7950,0.34,0.13,0.37,7.21,1.65,1.36,5.2,0.48,4.76
7955,0.34,0.13,0.37,7.21,1.65,1.36,5.2,0.48,4.76
7960,0.34,0.13,0.37,7.21,1.65,1.36,5.2,0.48,4.76
7965,0.34,0.13,0.37,7.21,1.65,1.36,5.2,0.48,4.76
7970,0.34,0.13,0.37,7.21,1.65,1.36,5.2,0.48,4.76
7975,0.34,0.13,0.37,7.21,1.65,1.36,5.2,0.48,4.76
7980,0.34,0.13,0.37,7.21,1.65,1.36,5.2,0.48,4.76
7985,0.34,0.13,0.37,7.21,1.65,1.36,5.2,0.48,4.76
7990,0.34,0.13,0.37,7.21,1.65,1.36,5.2,0.48,4.76
7995,0.34,0.13,0.37,7.21,1.65,1.36,5.2,0.48,4.76
8000,0.34,0.13,0.37,7.21,1.65,1.36,5.2,0.48,4.76
8005,0.34,0.13,0.37,7.21,1.65,1.36,5.2,0.48,4.76
8010,0.34,0.13,0.37,7.21,1.65,1.36,5.2,0.48,4.76
8015,0.34,0.13,0.37,7.21,1.65,1.36,5.2,0.48,4.76
8020,0.34,0.13,0.37,7.21,1.65,1.36,5.2,0.48,4.76
8025,0.34,0.13,0.37,7.21,1.65,1.36,5.2,0.48,4.76
8030,0.34,0.13,0.37,7.21,1.65,1.36,5.2,0.48,4.76
8035,0.34,0.13,0.37,7.21,1.65,1.36,5.2,0.48,4.76
8040,0.34,0.13,0.37,7.21,1.65,1.36,5.2,0.48,4.76
8045,0.34,0.13,0.37,7.21,1.65,1.36,5.2,0.48,4.76
8050,0.34,0.13,0.37,7.21,1.65,1.36,5.2,0.48,4.76
8055,0.34,0.13,0.37,7.21,1.65,1.36,5.2,0.48,4.76
8060,0.34,0.13,0.37,7.21,1.65,1.36,5.2,0.48,4.76
8065,0.34,0.13,0.37,7.21,1.65,1.36,5.2,0.48,4.76
8070,0.34,0.13,0.37,7.21,1.65,1.36,5.2,0.48,4.76
8075,0.34,0.13,0.37,7.21,1.65,1.36,5.2,0.48,4.76
8080,0.34,0.13,0.37,7.21,1.65,1.36,5.2,0.48,4.76
8085,0.34,0.13,0.37,7.21,1.65,1.36,5.2,0.48,4.76
8090,0.34,0.13,0.37,7.21,1.65,1.36,5.2,0.48,4.76
8095,0.34,0.13,0.37,7.21,1.65,1.36,5.2,0.48,4.76
8100,0.34,0.13,0.37,7.21,1.65,1.36,5.2,0.48,4.76
8105,0.34,0.13,0.37,7.21,1.65,1.36,5.2,0.48,4.76
8110,0.34,0.13,0.37,7.21,1.65,1.36,5.2,0.48,4.76
8115,0.34,0.13,0.37,7.21,1.65,1.36,5.2,0.48,4.76
8120,0.34,0.13,0.37,7.21,1.65,1.36,5.2,0.48,4.76
8125,0.34,0.13,0.37,7.21,1.65,1.36,5.2,0.48,4.76
8130,0.34,0.13,0.37,7.21,1.65,1.36,5.2,0.48,4.76
8135,0.34,0.13,0.37,7.21,1.65,1.36,5.2,0.48,4.76
8140,0.34,0.13,0.37,7.21,1.65,1.36,5.2,0.48,4.76
8145,0.34,0.13,0.37,7.21,1.65,1.36,5.2,0.48,4.76
8150,0.34,0.13,0.37,7.21,1.65,1.36,5.2,0.48,4.76
8155,0.34,0.13,0.37,7.21,1.65,1.36,5.2,0.48,4.76
8160,0.34,0.13,0.37,7.21,1.65,1.36,5.2,0.48,4.76
8165,0.34,0.13,0.37,7.21,1.65,1.36,5.2,0.48,4.76
8170,0.34,0.13,0.37,7.21,1.65,1.36,5.2,0.48,4.76
8175,0.34,0.13,0.37,7.21,1.65,1.36,5.2,0.48,4.76
8180,0.34,0.13,0.37,7.21,1.65,1.36,5.2,0.48,4.76
8185,0.34,0.13,0.37,7.21,1.65,1.36,5.2,0.48,4.76
8190,0.34,0.13,0.37,7.21,1.65,1.36,5.2,0.48,4.76
8195,0.34,0.13,0.37,7.21,1.65,1.36,5.2,0.48,4.76
8200,0.34,0.13,0.37,7.21,1.65,1.36,5.2,0.48,4.76
8205,0.34,0.13,0.37,7.21,1.65,1.36,5.2,0.48,4.76
8210,0.34,0.13,0.37,7.21,1.65,1.36,5.2,0.48,4.76
8215,0.34,0.13,0.37,7.21,1.65,1.36,5.2,0.48,4.76
8220,0.34,0.13,0.37,7.21,1.65,1.36,5.2,0.48,4.76
8225,0.34,0.13,0.37,7.21,1.65,1.36,5.2,0.48,4.76
8230,0.34,0.13,0.37,7.21,1.65,1.36,5.2,0.48,4.76
8235,0.34,0.13,0.37,7.21,1.65,1.36,5.2,0.48,4.76
8240,0.34,0.13,0.37,7.21,1.65,1.36,5.2,0.48,4.76
8245,0.34,0.13,0.37,7.21,1.65,1.36,5.2,0.48,4.76
8250,0.34,0.13,0.37,7.21,1.65,1.36,5.2,0.48,4.76
8255,0.34,0.13,0.37,7.21,1.65,1.36,5.2,0.48,4.76
8260,0.34,0.13,0.37,7.21,1.65,1.36,5.2,0.48,4.76
8265,0.34,0.13,0.37,7.21,1.65,1.36,5.2,0.48,4.76
8270,0.34,0.13,0.37,7.21,1.65,1.36,5.2,0.48,4.76
8275,0.34,0.13,0.37,7.21,1.65,1.36,5.2,0.48,4.76
8280,0.34,0.13,0.37,7.21,1.65,1.36,5.2,0.48,4.76
8285,0.34,0.13,0.37,7.21,1.65,1.36,5.2,0.48,4.76
8290,0.34,0.13,0.37,7.21,1.65,1.36,5.2,0.48,4.76
8295,0.34,0.13,0.37,7.21,1.65,1.36,5.2,0.48,4.76
8300,0.34,0.13,0.37,7.21,1.65,1.36,5.2,0.48,4.76
8305,0.34,0.13,0.37,7.21,1.65,1.36,5.2,0.48,4.76
8310,0.34,0.13,0.37,7.21,1.65,1.36,5.2,0.48,4.76
8315,0.34,0.13,0.37,7.21,1.65,1.36,5.2,0.48,4.76
8320,0.34,0.13,0.37,7.21,1.65,1.36,5.2,0.48,4.76
8325,0.34,0.13,0.37,7.21,1.65,1.36,5.2,0.48,4.76
8330,0.34,0.13,0.37,7.21,1.65,1.36,5.2,0.48,4.76
8335,0.34,0.13,0.37,7.21,1.65,1.36,5.2,0.48,4.76
8340,0.34,0.13,0.37,7.21,1.65,1.36,5.2,0.48,4.76
8345,0.34,0.13,0.37,7.21,1.65,1.36,5.2,0.48,4.76
8350,0.34,0.13,0.37,7.21,1.65,1.36,5.2,0.48,4.76
8355,0.34,0.13,0.37,7.21,1.65,1.36,5.2,0.48,4.76
8360,0.34,0.13,0.37,7.21,1.65,1.36,5.2,0.48,4.76
8365,0.34,0.13,0.37,7.21,1.65,1.36,5.2,0.48,4.76
8370,0.34,0.13,0.37,7.21,1.65,1.36,5.2,0.48,4.76
8375,0.34,0.13,0.37,7.21,1.65,1.36,5.2,0.48,4.76
8380,0.34,0.13,0.37,7.21,1.65,1.36,5.2,0.48,4.76
8385,0.34,0.13,0.37,7.21,1.65,1.36,5.2,0.48,4.76
8390,0.34,0.13,0.37,7.21,1.65,1.36,5.2,0.48,4.76
8395,0.34,0.13,0.37,7.21,1.65,1.36,5.2,0.48,4.76
8400,0.31,0.13,0.4,6.48,1.74,1.22,5.79,0.43,4.41
8405,0.31,0.13,0.4,6.48,1.74,1.22,5.79,0.43,4.41
8410,0.31,0.13,0.4,6.48,1.74,1.22,5.79,0.43,4.41
8415,0.31,0.13,0.4,6.48,1.74,1.22,5.79,0.43,4.41
8420,0.31,0.13,0.4,6.48,1.74,1.22,5.79,0.43,4.41
8425,0.31,0.13,0.4,6.48,1.74,1.22,5.79,0.43,4.41
8430,0.31,0.13,0.4,6.48,1.74,1.22,5.79,0.43,4.41
8435,0.31,0.13,0.4,6.48,1.74,1.22,5.79,0.43,4.41
8440,0.31,0.13,0.4,6.48,1.74,1.22,5.79,0.43,4.41
8445,0.31,0.13,0.4,6.48,1.74,1.22,5.79,0.43,4.41
8450,0.31,0.13,0.4,6.48,1.74,1.22,5.79,0.43,4.41
8455,0.31,0.13,0.4,6.48,1.74,1.22,5.79,0.43,4.41
8460,0.31,0.13,0.4,6.48,1.74,1.22,5.79,0.43,4.41
8465,0.31,0.13,0.4,6.48,1.74,1.22,5.79,0.43,4.41
8470,0.31,0.13,0.4,6.48,1.74,1.22,5.79,0.43,4.41
8475,0.31,0.13,0.4,6.48,1.74,1.22,5.79,0.43,4.41
8480,0.31,0.13,0.4,6.48,1.74,1.22,5.79,0.43,4.41
8485,0.31,0.13,0.4,6.48,1.74,1.22,5.79,0.43,4.41
8490,0.31,0.13,0.4,6.48,1.74,1.22,5.79,0.43,4.41
8495,0.31,0.13,0.4,6.48,1.74,1.22,5.79,0.43,4.41
8500,0.31,0.13,0.4,6.48,1.74,1.22,5.79,0.43,4.41
8505,0.31,0.13,0.4,6.48,1.74,1.22,5.79,0.43,4.41
8510,0.31,0.13,0.4,6.48,1.74,1.22,5.79,0.43,4.41
8515,0.31,0.13,0.4,6.48,1.74,1.22,5.79,0.43,4.41
8520,0.31,0.13,0.4,6.48,1.74,1.22,5.79,0.43,4.41
8525,0.31,0.13,0.4,6.48,1.74,1.22,5.79,0.43,4.41
8530,0.31,0.13,0.4,6.48,1.74,1.22,5.79,0.43,4.41
8535,0.31,0.13,0.4,6.48,1.74,1.22,5.79,0.43,4.41
8540,0.31,0.13,0.4,6.48,1.74,1.22,5.79,0.43,4.41
8545,0.31,0.13,0.4,6.48,1.74,1.22,5.79,0.43,4.41
8550,0.31,0.13,0.4,6.48,1.74,1.22,5.79,0.43,4.41
8555,0.31,0.13,0.4,6.48,1.74,1.22,5.79,0.43,4.41
8560,0.31,0.13,0.4,6.48,1.74,1.22,5.79,0.43,4.41
8565,0.31,0.13,0.4,6.48,1.74,1.22,5.79,0.43,4.41
8570,0.31,0.13,0.4,6.48,1.74,1.22,5.79,0.43,4.41
8575,0.31,0.13,0.4,6.48,1.74,1.22,5.79,0.43,4.41
8580,0.31,0.13,0.4,6.48,1.74,1.22,5.79,0.43,4.41
8585,0.31,0.13,0.4,6.48,1.74,1.22,5.79,0.43,4.41
8590,0.31,0.13,0.4,6.48,1.74,1.22,5.79,0.43,4.41
8595,0.31,0.13,0.4,6.48,1.74,1.22,5.79,0.43,4.41
8600,0.31,0.13,0.4,6.48,1.74,1.22,5.79,0.43,4.41
8605,0.31,0.13,0.4,6.48,1.74,1.22,5.79,0.43,4.41
8610,0.31,0.13,0.4,6.48,1.74,1.22,5.79,0.43,4.41
8615,0.31,0.13,0.4,6.48,1.74,1.22,5.79,0.43,4.41
8620,0.31,0.13,0.4,6.48,1.74,1.22,5.79,0.43,4.41
8625,0.31,0.13,0.4,6.48,1.74,1.22,5.79,0.43,4.41
8630,0.31,0.13,0.4,6.48,1.74,1.22,5.79,0.43,4.41
8635,0.31,0.13,0.4,6.48,1.74,1.22,5.79,0.43,4.41
8640,0.31,0.13,0.4,6.48,1.74,1.22,5.79,0.43,4.41
8645,0.31,0.13,0.4,6.48,1.74,1.22,5.79,0.43,4.41
8650,0.31,0.13,0.4,6.48,1.74,1.22,5.79,0.43,4.41
8655,0.31,0.13,0.4,6.48,1.74,1.22,5.79,0.43,4.41
8660,0.31,0.13,0.4,6.48,1.74,1.22,5.79,0.43,4.41
8665,0.31,0.13,0.4,6.48,1.74,1.22,5.79,0.43,4.41
8670,0.31,0.13,0.4,6.48,1.74,1.22,5.79,0.43,4.41
8675,0.31,0.13,0.4,6.48,1.74,1.22,5.79,0.43,4.41
8680,0.31,0.13,0.4,6.48,1.74,1.22,5.79,0.43,4.41
8685,0.31,0.13,0.4,6.48,1.74,1.22,5.79,0.43,4.41
8690,0.31,0.13,0.4,6.48,1.74,1.22,5.79,0.43,4.41
8695,0.31,0.13,0.4,6.48,1.74,1.22,5.79,0.43,4.41
8700,0.31,0.13,0.4,6.48,1.74,1.22,5.79,0.43,4.41
8705,0.31,0.13,0.4,6.48,1.74,1.22,5.79,0.43,4.41
8710,0.31,0.13,0.4,6.48,1.74,1.22,5.79,0.43,4.41
8715,0.31,0.13,0.4,6.48,1.74,1.22,5.79,0.43,4.41
8720,0.31,0.13,0.4,6.48,1.74,1.22,5.79,0.43,4.41
8725,0.31,0.13,0.4,6.48,1.74,1.22,5.79,0.43,4.41
8730,0.31,0.13,0.4,6.48,1.74,1.22,5.79,0.43,4.41
8735,0.31,0.13,0.4,6.48,1.74,1.22,5.79,0.43,4.41
8740,0.31,0.13,0.4,6.48,1.74,1.22,5.79,0.43,4.41
8745,0.31,0.13,0.4,6.48,1.74,1.22,5.79,0.43,4.41
8750,0.31,0.13,0.4,6.48,1.74,1.22,5.79,0.43,4.41
8755,0.31,0.13,0.4,6.48,1.74,1.22,5.79,0.43,4.41
8760,0.31,0.13,0.4,6.48,1.74,1.22,5.79,0.43,4.41
8765,0.31,0.13,0.4,6.48,1.74,1.22,5.79,0.43,4.41
8770,0.31,0.13,0.4,6.48,1.74,1.22,5.79,0.43,4.41
8775,0.31,0.13,0.4,6.48,1.74,1.22,5.79,0.43,4.41
8780,0.31,0.13,0.4,6.48,1.74,1.22,5.79,0.43,4.41
8785,0.31,0.13,0.4,6.48,1.74,1.22,5.79,0.43,4.41
8790,0.31,0.13,0.4,6.48,1.74,1.22,5.79,0.43,4.41
8795,0.31,0.13,0.4,6.48,1.74,1.22,5.79,0.43,4.41
8800,0.31,0.13,0.4,6.48,1.74,1.22,5.79,0.43,4.41
8805,0.31,0.13,0.4,6.48,1.74,1.22,5.79,0.43,4.41
8810,0.31,0.13,0.4,6.48,1.74,1.22,5.79,0.43,4.41
8815,0.31,0.13,0.4,6.48,1.74,1.22,5.79,0.43,4.41
8820,0.31,0.13,0.4,6.48,1.74,1.22,5.79,0.43,4.41
8825,0.31,0.13,0.4,6.48,1.74,1.22,5.79,0.43,4.41
8830,0.31,0.13,0.4,6.48,1.74,1.22,5.79,0.43,4.41
8835,0.31,0.13,0.4,6.48,1.74,1.22,5.79,0.43,4.41
8840,0.31,0.13,0.4,6.48,1.74,1.22,5.79,0.43,4.41
8845,0.31,0.13,0.4,6.48,1.74,1.22,5.79,0.43,4.41
8850,0.31,0.13,0.4,6.48,1.74,1.22,5.79,0.43,4.41
8855,0.31,0.13,0.4,6.48,1.74,1.22,5.79,0.43,4.41
8860,0.31,0.13,0.4,6.48,1.74,1.22,5.79,0.43,4.41
8865,0.31,0.13,0.4,6.48,1.74,1.22,5.79,0.43,4.41
8870,0.31,0.13,0.4,6.48,1.74,1.22,5.79,0.43,4.41
8875,0.31,0.13,0.4,6.48,1.74,1.22,5.79,0.43,4.41
8880,0.31,0.13,0.4,6.48,1.74,1.22,5.79,0.43,4.41
8885,0.31,0.13,0.4,6.48,1.74,1.22,5.79,0.43,4.41
8890,0.31,0.13,0.4,6.48,1.74,1.22,5.79,0.43,4.41
8895,0.31,0.13,0.4,6.48,1.74,1.22,5.79,0.43,4.41
8900,0.31,0.13,0.4,6.48,1.74,1.22,5.79,0.43,4.41
8905,0.31,0.13,0.4,6.48,1.74,1.22,5.79,0.43,4.41
8910,0.31,0.13,0.4,6.48,1.74,1.22,5.79,0.43,4.41
8915,0.31,0.13,0.4,6.48,1.74,1.22,5.79,0.43,4.41
8920,0.31,0.13,0.4,6.48,1.74,1.22,5.79,0.43,4.41
8925,0.31,0.13,0.4,6.48,1.74,1.22,5.79,0.43,4.41
8930,0.31,0.13,0.4,6.48,1.74,1.22,5.79,0.43,4.41
8935,0.31,0.13,0.4,6.48,1.74,1.22,5.79,0.43,4.41
8940,0.31,0.13,0.4,6.48,1.74,1.22,5.79,0.43,4.41
8945,0.31,0.13,0.4,6.48,1.74,1.22,5.79,0.43,4.41
8950,0.31,0.13,0.4,6.48,1.74,1.22,5.79,0.43,4.41
8955,0.31,0.13,0.4,6.48,1.74,1.22,5.79,0.43,4.41
8960,0.31,0.13,0.4,6.48,1.74,1.22,5.79,0.43,4.41
8965,0.31,0.13,0.4,6.48,1.74,1.22,5.79,0.43,4.41
8970,0.31,0.13,0.4,6.48,1.74,1.22,5.79,0.43,4.41
8975,0.31,0.13,0.4,6.48,1.74,1.22,5.79,0.43,4.41
8980,0.31,0.13,0.4,6.48,1.74,1.22,5.79,0.43,4.41
8985,0.31,0.13,0.4,6.48,1.74,1.22,5.79,0.43,4.41
8990,0.31,0.13,0.4,6.48,1.74,1.22,5.79,0.43,4.41
8995,0.31,0.13,0.4,6.48,1.74,1.22,5.79,0.43,4.41
9000,0.26,0.13,0.38,5.68,1.75,0.91,5.7,0.42,4.19
9005,0.26,0.13,0.38,5.68,1.75,0.91,5.7,0.42,4.19
9010,0.26,0.13,0.38,5.68,1.75,0.91,5.7,0.42,4.19
9015,0.26,0.13,0.38,5.68,1.75,0.91,5.7,0.42,4.19
9020,0.26,0.13,0.38,5.68,1.75,0.91,5.7,0.42,4.19
9025,0.26,0.13,0.38,5.68,1.75,0.91,5.7,0.42,4.19
9030,0.26,0.13,0.38,5.68,1.75,0.91,5.7,0.42,4.19
9035,0.26,0.13,0.38,5.68,1.75,0.91,5.7,0.42,4.19
9040,0.26,0.13,0.38,5.68,1.75,0.91,5.7,0.42,4.19
9045,0.26,0.13,0.38,5.68,1.75,0.91,5.7,0.42,4.19
9050,0.26,0.13,0.38,5.68,1.75,0.91,5.7,0.42,4.19
9055,0.26,0.13,0.38,5.68,1.75,0.91,5.7,0.42,4.19
9060,0.26,0.13,0.38,5.68,1.75,0.91,5.7,0.42,4.19
9065,0.26,0.13,0.38,5.68,1.75,0.91,5.7,0.42,4.19
9070,0.26,0.13,0.38,5.68,1.75,0.91,5.7,0.42,4.19
9075,0.26,0.13,0.38,5.68,1.75,0.91,5.7,0.42,4.19
9080,0.26,0.13,0.38,5.68,1.75,0.91,5.7,0.42,4.19
9085,0.26,0.13,0.38,5.68,1.75,0.91,5.7,0.42,4.19
