ts,changsha,foshan,fuzhou,guangzhou,guiyang,kunming,nanchang,nanning,xiamen
50,100.0,100.0,100.0,4.46,100.0,10.0,100.0,100.0,4.66
55,100.0,100.0,100.0,4.46,100.0,10.0,100.0,100.0,4.66
60,43.33,100.0,2.78,9.48,100.0,13.48,100.0,100.0,4.66
65,43.33,100.0,2.78,9.48,100.0,10.0,100.0,100.0,4.66
70,43.33,100.0,2.78,9.48,100.0,10.0,100.0,100.0,4.66
75,43.33,100.0,2.78,9.48,100.0,10.0,100.0,100.0,4.66
80,43.33,100.0,2.78,9.48,100.0,10.0,100.0,100.0,4.66
85,43.33,100.0,2.78,9.48,100.0,10.0,100.0,100.0,4.66
90,43.33,100.0,2.78,9.48,100.0,10.0,100.0,100.0,4.66
95,43.33,100.0,2.78,9.48,100.0,10.0,100.0,100.0,4.66
100,42.81,100.0,2.78,9.48,100.0,12.38,100.0,100.0,4.66
105,38.68,100.0,2.78,9.48,100.0,42.02,100.0,100.0,13.17
110,38.68,84.85,2.78,9.48,100.0,10.0,100.0,100.0,93.23
115,38.68,0.02,2.78,9.48,100.0,10.0,100.0,100.0,93.23
120,38.68,100.0,2.87,9.47,100.0,10.0,100.0,100.0,94.21
125,38.68,100.0,2.78,9.48,100.0,10.0,100.0,100.0,97.64
130,38.68,100.0,2.78,9.48,100.0,10.0,100.0,100.0,97.64
135,38.68,62.56,2.78,9.48,100.0,10.0,100.0,100.0,97.64
140,38.68,0.02,2.78,9.48,100.0,10.0,100.0,100.0,97.64
145,38.68,0.02,2.78,9.48,100.0,10.0,100.0,100.0,97.64
150,38.68,0.02,2.78,9.48,100.0,10.0,11.72,100.0,97.64
155,38.68,0.02,2.78,9.48,100.0,10.0,1.59,100.0,97.64
160,38.68,0.02,2.78,9.48,100.0,10.0,1.59,100.0,97.64
165,38.68,0.02,2.78,9.48,100.0,10.0,1.59,100.0,100.0
170,38.68,0.02,49.77,9.48,100.0,10.0,1.59,100.0,100.0
175,38.68,0.02,49.77,9.48,100.0,10.0,1.59,100.0,100.0
180,38.68,100.0,100.0,9.48,100.0,10.0,1.59,100.0,100.0
185,38.68,100.0,100.0,9.48,100.0,10.0,1.59,100.0,97.64
190,38.68,100.0,100.0,9.48,100.0,10.0,1.59,100.0,97.64
195,38.68,100.0,100.0,9.48,100.0,10.0,1.59,100.0,97.64
200,38.68,100.0,100.0,9.48,100.0,10.0,1.59,100.0,97.64
205,38.68,100.0,100.0,9.48,100.0,10.0,1.59,100.0,97.64
210,38.68,100.0,100.0,9.48,100.0,10.0,1.59,100.0,97.64
215,38.68,100.0,100.0,9.48,100.0,10.0,1.59,100.0,97.64
220,38.68,100.0,100.0,9.48,100.0,10.0,1.59,100.0,97.64
225,38.68,100.0,100.0,9.48,100.0,10.0,1.59,100.0,97.64
230,100.0,100.0,100.0,9.48,100.0,100.0,1.59,100.0,100.0
235,100.0,100.0,100.0,9.48,100.0,100.0,1.59,100.0,100.0
240,100.0,1.16,9.71,28.82,100.0,100.0,100.0,100.0,96.21
245,100.0,0.02,55.4,28.83,100.0,40.83,100.0,100.0,97.64
250,100.0,0.02,79.1,28.83,100.0,10.0,100.0,100.0,97.64
255,100.0,0.02,79.1,28.83,100.0,10.0,100.0,100.0,97.64
260,100.0,0.02,79.1,28.83,100.0,10.0,100.0,100.0,97.64
265,100.0,0.02,79.1,28.83,100.0,10.0,100.0,100.0,97.64
270,100.0,0.02,79.1,28.83,100.0,10.0,100.0,100.0,97.64
275,100.0,0.02,79.1,28.83,100.0,10.0,100.0,100.0,97.64
280,100.0,0.02,79.1,28.83,100.0,10.0,100.0,100.0,97.64
285,100.0,0.02,79.1,28.83,100.0,10.0,100.0,100.0,97.64
290,100.0,100.0,91.45,28.83,100.0,10.0,100.0,100.0,97.64
295,100.0,100.0,100.0,28.83,100.0,10.0,100.0,100.0,97.64
300,73.38,100.0,100.0,9.48,100.0,100.0,100.0,100.0,100.0
305,76.96,100.0,100.0,9.48,100.0,100.0,100.0,100.0,100.0
310,78.15,100.0,100.0,9.48,100.0,100.0,100.0,100.0,100.0
315,78.15,100.0,100.0,9.48,100.0,100.0,100.0,100.0,100.0
320,78.15,100.0,100.0,9.48,100.0,100.0,100.0,100.0,100.0
325,78.15,100.0,100.0,9.48,100.0,100.0,100.0,100.0,100.0
330,78.15,100.0,100.0,9.48,100.0,100.0,100.0,100.0,100.0
335,78.15,100.0,100.0,9.48,100.0,100.0,100.0,100.0,100.0
340,78.15,100.0,100.0,9.48,100.0,100.0,100.0,100.0,100.0
345,78.15,100.0,100.0,9.48,100.0,100.0,100.0,100.0,100.0
350,78.15,100.0,100.0,9.48,100.0,100.0,100.0,100.0,100.0
355,78.15,100.0,100.0,9.48,100.0,100.0,100.0,100.0,100.0
360,78.15,100.0,100.0,9.48,100.0,100.0,100.0,100.0,100.0
365,78.15,100.0,100.0,9.48,100.0,100.0,100.0,100.0,100.0
370,78.15,100.0,100.0,9.48,100.0,100.0,100.0,100.0,100.0
375,78.15,100.0,100.0,9.48,100.0,100.0,100.0,100.0,100.0
380,58.62,100.0,100.0,29.0,100.0,100.0,100.0,100.0,100.0
385,58.48,100.0,100.0,29.14,100.0,100.0,100.0,100.0,100.0
390,58.48,100.0,100.0,32.57,100.0,100.0,100.0,100.0,100.0
395,55.08,13.89,100.0,34.37,100.0,100.0,100.0,100.0,97.64
400,55.08,0.02,100.0,34.37,100.0,100.0,100.0,77.02,4.66
405,55.08,0.02,100.0,34.37,100.0,100.0,100.0,76.84,4.66
410,56.65,100.0,100.0,34.37,100.0,100.0,100.0,45.59,4.66
415,58.48,100.0,100.0,34.37,100.0,100.0,100.0,22.27,84.6
420,58.48,100.0,100.0,34.37,100.0,100.0,100.0,22.27,84.6
425,58.48,100.0,100.0,34.37,100.0,100.0,100.0,22.27,84.6
430,58.48,100.0,100.0,34.37,100.0,100.0,100.0,22.27,84.6
435,58.48,100.0,100.0,34.37,100.0,100.0,100.0,22.27,84.6
440,66.57,100.0,100.0,34.37,100.0,46.38,100.0,22.27,56.95
445,84.79,100.0,100.0,34.37,100.0,10.0,41.02,22.27,4.66
450,84.79,100.0,100.0,34.37,100.0,10.0,41.02,22.27,4.66
455,84.79,100.0,100.0,34.37,100.0,10.0,41.02,22.27,4.66
460,84.79,100.0,100.0,34.37,100.0,10.0,41.02,22.27,4.66
465,84.79,100.0,100.0,34.37,100.0,10.0,41.02,22.27,4.66
470,85.92,100.0,100.0,52.62,100.0,10.0,41.02,22.27,4.66
475,84.79,100.0,100.0,77.97,100.0,10.0,41.02,22.27,4.66
480,84.79,100.0,100.0,77.97,100.0,10.0,41.02,22.27,4.66
485,84.79,100.0,100.0,77.97,100.0,10.0,41.02,22.27,4.66
490,84.79,100.0,100.0,77.97,100.0,10.0,41.02,22.27,4.66
495,84.79,100.0,100.0,77.97,100.0,10.0,41.02,22.27,4.66
500,84.79,100.0,100.0,77.97,100.0,10.0,41.02,22.27,4.66
505,88.18,100.0,100.0,77.97,100.0,10.0,5.46,22.27,70.07
510,88.18,100.0,100.0,77.97,100.0,10.0,1.59,22.27,84.6
515,88.18,100.0,100.0,77.97,100.0,10.0,1.59,22.27,84.6
520,88.18,100.0,100.0,77.97,100.0,10.0,1.59,22.27,84.6
525,88.18,100.0,100.0,77.97,100.0,10.0,1.59,22.27,84.6
530,88.18,100.0,100.0,77.97,100.0,10.0,1.59,22.27,84.6
535,88.18,100.0,100.0,77.97,100.0,10.0,1.59,22.27,83.7
540,88.18,100.0,100.0,77.97,100.0,10.0,1.59,22.27,4.66
545,88.18,100.0,100.0,77.97,100.0,10.0,1.59,22.27,4.66
550,88.18,100.0,100.0,77.97,100.0,10.0,1.59,22.27,4.66
555,88.18,100.0,100.0,77.97,100.0,10.0,1.59,22.27,4.66
560,88.18,100.0,100.0,77.97,100.0,10.0,1.59,22.27,4.66
565,88.18,100.0,100.0,77.97,100.0,10.0,1.59,22.27,4.66
570,88.18,100.0,100.0,77.97,100.0,10.0,1.59,22.27,4.66
575,88.18,100.0,100.0,77.97,100.0,10.0,1.59,22.27,4.66
580,88.18,100.0,100.0,77.97,100.0,10.0,1.59,22.27,4.66
585,88.18,100.0,100.0,77.97,100.0,10.0,1.59,22.27,4.66
590,88.18,100.0,100.0,77.97,100.0,10.0,1.59,22.27,4.66
595,88.18,100.0,100.0,77.97,100.0,10.0,1.59,22.27,4.66
600,88.13,100.0,100.0,77.98,100.0,8.95,1.93,22.19,4.61
605,88.13,100.0,100.0,77.96,100.0,8.95,1.93,22.19,4.61
610,88.13,100.0,100.0,77.96,100.0,8.95,1.93,22.19,4.61
615,88.14,100.0,100.0,77.95,100.0,8.95,1.93,22.19,4.61
620,88.14,100.0,100.0,77.95,100.0,8.95,1.93,22.19,4.61
625,88.14,100.0,100.0,77.95,100.0,8.95,1.93,22.19,4.61
630,88.14,100.0,100.0,77.95,100.0,8.95,1.93,22.19,4.61
635,84.77,100.0,100.0,34.37,86.82,8.95,1.93,15.78,4.61
640,99.95,100.0,100.0,100.0,18.02,10.85,100.0,99.89,99.94
645,99.95,100.0,100.0,100.0,18.02,10.85,100.0,99.89,99.94
650,99.95,100.0,100.0,100.0,18.02,10.85,100.0,99.89,99.94
655,99.95,100.0,100.0,100.0,18.02,10.85,100.0,99.89,99.94
660,99.95,100.0,100.0,100.0,18.02,10.85,100.0,99.89,99.94
665,99.95,100.0,100.0,100.0,18.02,10.85,100.0,99.89,99.94
670,99.95,100.0,100.0,100.0,18.02,10.85,100.0,99.89,99.94
675,99.95,100.0,100.0,100.0,18.02,10.85,100.0,99.89,99.94
680,99.95,100.0,100.0,100.0,18.02,10.85,100.0,99.89,99.94
685,99.95,100.0,100.0,100.0,17.91,10.85,100.0,99.89,99.94
690,99.95,100.0,100.0,100.0,17.9,10.85,100.0,99.89,99.94
695,99.95,100.0,100.0,100.0,17.9,10.85,100.0,99.89,99.94
700,99.95,100.0,100.0,100.0,17.9,10.85,100.0,99.89,99.94
705,99.95,100.0,100.0,100.0,17.9,10.85,100.0,99.89,99.94
710,99.95,100.0,100.0,100.0,17.9,42.67,100.0,99.89,99.94
715,99.95,100.0,100.0,100.0,17.9,58.69,100.0,99.89,99.93
720,99.95,100.0,100.0,100.0,17.9,58.69,100.0,99.89,99.93
725,99.95,100.0,100.0,100.0,18.08,98.53,100.0,99.88,99.93
730,99.95,100.0,100.0,100.0,18.08,98.52,100.0,99.88,99.93
735,99.95,100.0,100.0,100.0,18.08,98.52,100.0,99.88,99.93
740,99.95,100.0,100.0,100.0,18.08,98.52,100.0,99.88,99.93
745,99.95,100.0,100.0,100.0,18.08,98.52,100.0,99.88,99.93
750,99.95,100.0,100.0,100.0,18.08,98.51,100.0,99.88,99.93
755,99.95,100.0,100.0,100.0,18.08,98.51,100.0,99.88,99.93
760,99.95,100.0,100.0,100.0,18.08,98.51,100.0,99.88,99.93
765,99.95,100.0,100.0,100.0,18.08,98.51,100.0,99.88,99.93
770,99.95,100.0,100.0,100.0,18.08,98.5,100.0,99.88,99.93
775,99.95,100.0,100.0,100.0,18.08,98.5,100.0,99.88,99.93
780,99.95,100.0,100.0,100.0,18.03,98.5,100.0,99.88,99.93
785,99.95,100.0,100.0,100.0,17.9,98.5,100.0,99.88,99.93
790,99.95,100.0,100.0,100.0,17.9,98.5,100.0,99.88,99.93
795,99.95,100.0,100.0,100.0,17.9,98.49,100.0,99.88,99.93
800,99.95,100.0,100.0,100.0,17.9,98.49,100.0,99.88,99.93
805,99.95,100.0,100.0,100.0,17.9,98.49,100.0,99.88,99.93
810,99.95,100.0,100.0,100.0,17.9,98.49,100.0,99.88,99.93
815,99.95,100.0,100.0,100.0,17.9,98.49,100.0,99.88,99.93
820,99.95,100.0,100.0,100.0,17.9,98.49,100.0,99.88,99.93
825,99.95,100.0,100.0,100.0,17.9,98.49,100.0,99.88,99.93
830,99.95,100.0,100.0,100.0,17.9,98.48,100.0,99.88,99.93
835,99.95,100.0,100.0,100.0,17.9,98.48,100.0,99.88,99.93
840,99.95,100.0,100.0,100.0,17.9,98.48,99.99,99.88,99.93
845,99.95,100.0,100.0,100.0,17.9,75.13,99.99,99.88,99.93
850,99.95,100.0,99.99,100.0,17.9,75.13,99.99,99.88,99.93
855,99.95,100.0,99.99,100.0,17.9,75.13,99.99,99.88,99.93
860,99.95,100.0,99.99,100.0,17.9,75.13,99.98,99.88,99.93
865,99.95,100.0,99.99,100.0,17.9,75.14,99.98,99.88,99.93
870,99.95,100.0,99.99,100.0,17.9,75.14,99.98,99.88,99.93
875,99.95,100.0,99.99,100.0,17.9,75.14,99.97,99.88,99.93
880,99.95,100.0,99.98,100.0,17.9,75.14,99.97,99.88,99.93
885,99.95,100.0,99.98,100.0,17.9,75.14,99.97,99.88,99.93
890,99.95,100.0,99.98,100.0,17.9,75.15,99.96,99.88,99.93
895,99.95,100.0,99.98,100.0,17.9,75.15,99.96,99.88,99.93
900,99.95,100.0,99.98,100.0,17.9,75.15,99.96,99.88,99.93
905,99.95,100.0,99.98,100.0,17.9,75.15,99.96,99.88,99.93
910,99.95,100.0,99.98,100.0,17.9,74.7,99.95,99.88,99.93
915,99.95,100.0,99.98,100.0,17.9,36.46,99.95,99.88,99.93
920,99.95,100.0,99.97,100.0,17.9,25.41,99.95,99.88,99.93
925,99.95,100.0,99.97,100.0,17.9,25.41,99.95,99.88,99.93
930,99.95,100.0,99.97,100.0,17.9,25.41,99.94,99.88,99.93
935,99.95,100.0,99.97,100.0,17.9,25.42,99.94,99.88,99.93
940,99.95,100.0,99.97,100.0,17.9,25.42,99.94,99.88,99.93
945,99.95,100.0,99.97,100.0,17.9,25.42,99.94,99.88,99.93
950,99.95,100.0,99.97,100.0,17.9,25.42,99.93,99.88,99.93
955,99.95,100.0,99.97,100.0,17.9,25.42,99.93,99.88,99.93
960,99.95,100.0,99.96,100.0,17.9,25.42,99.93,99.88,99.93
965,99.95,100.0,99.96,100.0,17.9,25.43,99.93,99.88,99.93
970,99.95,100.0,99.96,100.0,17.9,25.43,99.93,99.88,99.93
975,99.95,100.0,99.96,100.0,17.9,98.47,99.92,99.88,99.93
980,99.95,100.0,99.96,100.0,17.9,98.47,99.92,99.88,99.93
985,99.95,100.0,99.96,100.0,17.9,98.47,99.92,99.88,99.93
990,99.95,100.0,99.96,100.0,17.9,98.47,99.92,99.88,99.93
995,88.14,100.0,99.96,100.0,17.9,98.47,99.91,63.36,99.93
1000,88.14,100.0,99.95,100.0,17.9,98.47,99.91,63.36,99.93
1005,88.14,100.0,99.95,100.0,17.9,98.47,99.91,63.36,99.93
1010,88.14,100.0,99.95,100.0,17.9,98.47,99.91,48.5,99.93
1015,88.14,100.0,99.95,100.0,17.9,98.47,99.91,22.19,99.93
1020,88.14,100.0,99.95,100.0,17.9,98.47,99.9,22.19,99.93
1025,88.14,100.0,99.95,100.0,17.9,98.47,99.9,22.19,99.93
1030,88.14,100.0,99.95,100.0,17.9,98.47,99.9,22.19,99.93
1035,88.14,100.0,99.95,100.0,17.9,98.47,99.9,22.19,99.93
1040,88.14,100.0,99.95,100.0,17.9,98.47,99.9,22.19,99.93
1045,88.14,100.0,99.95,100.0,17.9,98.47,99.89,22.19,99.93
1050,88.14,100.0,99.94,100.0,17.9,98.47,99.89,22.19,99.93
1055,92.94,100.0,99.94,100.0,17.9,98.47,99.89,22.19,99.93
1060,93.13,100.0,99.94,100.0,17.9,98.47,99.89,22.19,99.93
1065,93.13,100.0,99.94,100.0,17.9,98.47,99.89,22.19,99.93
1070,91.44,100.0,99.94,100.0,17.93,98.47,99.89,22.19,99.93
1075,88.14,100.0,99.94,100.0,18.0,98.47,99.88,22.19,99.93
1080,88.14,100.0,99.94,100.0,18.0,98.47,99.88,22.19,99.93
1085,88.14,100.0,99.94,100.0,18.0,98.47,99.88,22.19,99.93
1090,88.13,100.0,99.94,100.0,18.0,98.47,99.88,22.19,99.93
1095,88.13,100.0,99.94,100.0,18.0,98.47,99.88,22.19,99.93
1100,88.13,100.0,99.94,100.0,18.0,98.47,99.87,22.19,99.93
1105,88.13,100.0,99.93,100.0,18.0,98.47,99.87,22.19,99.93
1110,88.13,100.0,99.93,100.0,18.0,98.47,99.87,22.19,99.93
1115,88.13,100.0,99.93,100.0,18.0,98.47,99.87,22.19,99.93
1120,88.13,100.0,99.93,100.0,18.0,98.47,99.87,22.19,99.93
1125,88.13,100.0,99.93,100.0,18.0,98.47,99.87,22.19,99.93
1130,88.13,100.0,99.93,100.0,18.0,98.47,99.86,22.19,99.93
1135,88.13,100.0,99.93,100.0,18.0,98.47,99.86,22.19,99.93
1140,88.13,100.0,99.93,100.0,18.0,98.47,99.86,22.19,99.93
1145,88.13,100.0,99.93,100.0,18.0,98.47,99.86,22.19,99.93
1150,88.13,100.0,99.93,100.0,18.0,98.47,99.86,22.19,99.93
1155,88.13,100.0,99.93,100.0,18.0,98.47,99.86,22.19,99.93
1160,88.13,100.0,99.93,100.0,18.0,98.47,99.86,22.19,99.93
1165,88.13,100.0,99.92,100.0,18.0,98.47,99.85,22.19,99.93
1170,88.13,100.0,99.92,100.0,18.0,98.47,99.85,22.19,99.93
1175,88.13,100.0,99.92,100.0,18.0,98.47,99.85,22.19,99.93
1180,88.13,100.0,99.92,99.99,18.0,98.47,99.85,22.19,99.93
1185,88.13,100.0,99.92,99.99,18.0,98.47,99.85,22.19,99.93
1190,88.13,100.0,99.92,99.99,18.0,98.47,99.85,22.19,99.93
1195,88.13,100.0,99.92,99.99,18.0,98.47,99.84,22.19,99.93
1200,87.73,100.0,100.0,99.66,17.71,97.52,99.93,22.02,99.95
1205,87.73,100.0,100.0,99.64,17.71,97.51,99.93,22.01,99.95
1210,87.73,100.0,100.0,99.62,17.71,97.5,99.93,22.0,99.95
1215,87.79,100.0,100.0,99.61,17.66,97.49,99.92,22.0,99.95
1220,87.73,100.0,100.0,99.6,17.62,97.48,99.92,22.0,99.95
1225,87.73,100.0,100.0,99.59,17.62,97.47,99.92,22.0,99.95
1230,87.73,100.0,100.0,99.59,17.61,97.46,99.92,22.0,99.95
1235,87.73,100.0,100.0,99.58,17.61,97.45,99.91,21.99,99.95
1240,87.73,100.0,100.0,99.57,17.61,97.45,99.91,21.99,99.95
1245,87.73,100.0,100.0,99.57,17.61,97.44,99.91,21.99,99.95
1250,87.73,100.0,100.0,99.56,17.61,97.43,99.91,21.99,99.95
1255,87.73,100.0,100.0,99.56,17.61,97.42,99.9,21.99,99.95
1260,87.73,100.0,100.0,99.55,17.61,97.42,99.9,21.99,99.95
1265,87.73,100.0,100.0,99.55,17.61,97.41,99.9,21.99,99.95
1270,87.73,100.0,100.0,99.55,17.61,97.4,99.9,21.99,99.95
1275,87.73,100.0,100.0,99.54,17.61,97.39,99.89,21.99,99.95
1280,87.73,100.0,100.0,99.54,17.61,97.39,99.89,21.98,99.95
1285,87.73,100.0,100.0,99.54,17.61,97.38,99.89,21.98,99.95
1290,87.73,100.0,100.0,99.53,17.61,97.37,99.89,21.98,99.95
1295,87.73,100.0,100.0,99.53,17.61,97.37,99.88,21.98,99.95
1300,87.73,100.0,100.0,99.53,17.61,97.36,99.88,21.98,99.95
1305,87.73,100.0,100.0,99.52,17.61,97.36,99.88,21.98,99.95
1310,87.73,100.0,100.0,99.52,17.61,97.35,99.88,21.98,99.95
1315,87.73,100.0,100.0,99.52,17.61,97.34,99.88,21.98,99.95
1320,87.73,100.0,100.0,99.52,17.61,97.34,99.87,21.98,99.95
1325,87.73,100.0,100.0,99.51,17.61,97.33,99.87,21.98,99.95
1330,87.73,100.0,100.0,99.51,17.61,97.33,99.87,21.98,99.95
1335,87.73,100.0,100.0,99.51,17.61,97.32,99.87,21.98,99.95
1340,87.73,100.0,100.0,99.51,17.61,97.32,99.87,21.98,99.95
1345,87.73,100.0,100.0,99.5,17.61,97.31,99.86,21.98,99.95
1350,87.73,100.0,100.0,99.5,17.61,97.31,99.86,21.98,99.95
1355,87.73,100.0,100.0,99.5,17.61,97.3,99.86,21.97,99.95
1360,87.73,100.0,100.0,99.5,17.61,97.3,99.86,21.97,99.95
1365,87.73,100.0,100.0,99.5,17.61,97.29,99.86,21.97,99.95
1370,87.73,100.0,100.0,99.49,17.61,97.29,99.85,21.97,99.95
1375,87.73,100.0,100.0,99.49,17.61,97.28,99.85,21.97,99.95
1380,87.73,100.0,100.0,99.49,17.61,97.28,99.85,21.97,99.95
1385,87.74,100.0,100.0,99.49,17.61,97.27,99.85,21.97,99.95
1390,86.35,100.0,100.0,99.49,17.61,97.27,99.85,21.97,99.95
1395,84.44,100.0,100.0,99.49,17.61,97.27,99.84,21.97,99.95
1400,84.44,100.0,100.0,99.48,17.61,97.26,99.84,21.97,99.95
1405,84.44,100.0,100.0,99.48,17.61,97.26,99.84,21.97,99.95
1410,84.44,100.0,100.0,99.48,17.61,97.25,99.84,21.97,99.95
1415,84.44,100.0,100.0,99.48,17.61,97.25,99.84,21.97,99.95
1420,84.44,100.0,100.0,99.48,17.61,97.25,99.83,21.97,99.95
1425,84.44,100.0,100.0,99.48,17.61,97.24,99.83,21.97,99.95
1430,84.44,100.0,100.0,99.48,17.61,97.24,99.83,21.97,99.95
1435,84.44,100.0,100.0,99.47,17.61,97.23,99.83,21.97,99.95
1440,84.44,100.0,99.99,99.47,17.61,97.23,99.83,21.97,99.95
1445,84.45,100.0,99.99,99.47,17.61,97.23,99.83,21.97,99.95
1450,84.45,100.0,99.98,99.47,17.61,97.22,99.82,21.97,99.95
1455,84.45,100.0,99.98,99.47,17.61,97.22,99.82,21.97,99.95
1460,84.45,100.0,99.97,99.47,17.61,97.22,99.82,21.97,99.95
1465,84.45,100.0,99.97,99.47,17.61,97.21,99.82,21.97,99.95
1470,84.45,100.0,99.96,99.47,17.61,97.21,99.82,21.97,99.95
1475,84.45,100.0,99.96,99.46,17.61,97.21,99.82,21.97,99.95
1480,84.45,100.0,99.95,99.46,17.61,97.2,99.81,21.97,99.95
1485,84.45,100.0,99.95,99.46,17.61,97.2,99.81,21.97,99.95
1490,84.45,100.0,99.94,99.46,17.61,97.2,99.81,21.96,99.95
1495,84.45,100.0,99.94,99.46,17.61,97.19,99.81,21.96,99.95
1500,84.45,100.0,99.93,99.46,17.61,97.19,99.81,21.96,99.95
1505,84.46,100.0,99.93,99.46,17.61,97.19,80.22,21.96,99.95
1510,84.46,100.0,99.92,99.46,17.61,97.18,3.27,21.96,99.95
1515,84.46,100.0,99.92,99.46,17.61,97.18,3.27,21.96,99.95
1520,84.46,100.0,99.92,99.45,17.61,97.18,3.27,21.96,99.95
1525,84.46,100.0,99.91,99.45,17.61,97.17,3.27,21.96,99.95
1530,84.46,100.0,99.91,99.45,17.61,97.17,3.27,21.96,99.95
1535,84.46,100.0,99.9,99.45,17.61,97.17,3.27,21.96,99.95
1540,84.46,100.0,99.9,99.45,17.61,97.16,3.27,21.96,99.95
1545,84.46,100.0,99.89,99.45,17.61,97.16,3.27,21.96,99.95
1550,84.46,100.0,99.89,99.45,17.61,97.16,3.27,21.96,99.95
1555,84.46,100.0,99.88,99.45,17.61,97.16,3.27,21.96,99.95
1560,87.43,100.0,99.88,99.45,17.61,97.15,3.27,21.96,99.95
1565,87.74,100.0,99.88,99.45,17.61,97.15,3.27,21.96,99.95
1570,87.74,100.0,99.87,99.44,17.61,97.15,3.27,21.96,99.95
1575,87.74,100.0,99.87,99.44,17.61,97.15,3.27,21.96,99.95
1580,87.74,100.0,99.86,99.44,17.61,97.14,3.27,21.96,99.95
1585,87.74,100.0,99.86,99.44,17.61,97.14,3.27,21.96,99.95
1590,87.74,100.0,99.86,99.44,17.61,97.14,3.27,21.96,99.95
1595,87.74,100.0,99.85,99.44,17.61,97.14,3.27,21.96,99.95
1600,87.74,100.0,99.85,99.44,17.61,97.13,3.27,21.96,99.95
1605,87.74,100.0,99.84,99.44,17.61,97.13,3.27,21.96,99.95
1610,87.74,100.0,99.84,99.44,17.61,97.13,3.27,21.96,99.95
1615,87.74,100.0,99.84,99.44,17.61,97.13,3.27,21.96,99.95
1620,87.74,100.0,99.83,99.44,17.61,97.12,3.27,21.96,99.95
1625,87.74,100.0,99.83,99.44,17.61,97.12,3.27,21.96,99.95
1630,87.74,100.0,99.82,99.44,17.61,97.12,3.27,21.96,99.95
1635,87.74,100.0,99.82,99.43,17.61,97.12,3.27,21.96,99.95
1640,87.74,99.99,99.82,99.43,17.61,97.11,3.27,21.96,99.95
1645,87.74,99.99,99.81,99.43,17.61,97.11,3.27,21.96,99.95
1650,87.74,99.99,99.81,99.43,17.61,97.11,3.27,21.96,99.95
1655,87.74,99.99,99.81,99.43,17.61,97.11,3.27,21.96,99.95
1660,87.74,99.99,99.8,99.43,17.61,97.1,3.27,21.96,99.95
1665,87.74,99.99,99.8,99.43,17.61,97.1,3.26,21.96,99.95
1670,87.74,99.99,99.8,99.43,17.61,67.05,3.26,21.96,99.95
1675,87.74,99.99,99.79,99.43,17.61,67.06,3.26,21.96,99.95
1680,87.74,99.99,99.79,99.43,17.61,67.06,3.26,21.96,99.95
1685,87.74,99.99,99.78,99.43,17.61,67.06,3.26,21.96,99.95
1690,87.74,99.99,99.78,99.43,17.61,67.07,3.26,21.96,99.95
1695,87.74,99.99,99.78,99.43,17.61,67.07,3.26,21.96,99.95
1700,87.74,99.99,99.77,99.43,17.61,67.07,3.26,21.96,99.95
1705,87.74,99.99,99.77,99.42,17.61,67.08,3.26,21.96,99.95
1710,87.74,99.99,99.77,99.42,17.61,67.08,3.26,21.96,99.95
1715,87.74,99.99,99.76,99.42,17.61,67.08,3.26,21.96,99.95
1720,87.74,99.99,99.76,99.42,17.61,67.09,3.26,21.96,99.95
1725,87.74,99.99,99.76,99.42,17.61,67.09,3.26,21.96,99.95
1730,87.74,99.99,99.75,99.42,17.61,67.09,3.26,21.96,99.95
1735,87.74,99.99,99.75,99.42,17.61,67.1,3.26,21.96,99.95
1740,87.74,99.99,99.75,99.42,17.61,67.1,3.26,21.96,99.95
1745,87.74,99.99,99.74,99.42,17.61,67.1,3.26,21.95,99.95
1750,87.74,99.99,99.74,99.42,17.61,67.1,3.26,21.95,99.95
1755,87.74,99.99,99.74,99.42,17.61,67.11,3.26,21.95,99.95
1760,87.74,99.99,99.73,99.42,17.61,67.11,3.26,21.95,99.95
1765,87.74,99.99,99.73,99.42,17.61,67.11,3.26,21.95,99.95
1770,87.74,99.99,99.73,99.42,17.61,67.12,3.26,21.95,99.95
1775,87.74,99.99,99.73,99.42,17.61,67.12,3.26,21.95,99.95
1780,87.74,99.99,99.72,99.42,17.61,67.12,3.26,21.95,99.95
1785,87.74,99.99,99.72,99.42,17.61,67.13,3.26,21.95,99.95
1790,87.74,99.99,99.72,99.41,17.61,67.13,3.26,21.95,99.95
1795,87.74,99.99,99.71,99.41,17.61,67.13,3.26,21.95,99.95
1800,87.24,100.0,100.0,99.16,17.42,66.17,3.31,22.29,100.0
1805,87.24,100.0,100.0,99.16,17.42,66.19,3.31,22.29,100.0
1810,87.24,100.0,100.0,99.15,17.42,66.22,3.31,22.28,100.0
1815,87.24,100.0,100.0,99.15,17.42,66.24,3.31,22.28,100.0
1820,87.24,100.0,100.0,99.15,17.42,66.26,3.31,22.28,100.0
1825,87.24,100.0,100.0,99.14,17.42,66.28,3.31,22.28,100.0
1830,87.24,100.0,100.0,99.14,17.42,66.31,3.31,22.28,100.0
1835,87.24,100.0,100.0,99.14,17.42,66.33,3.31,22.28,100.0
1840,87.24,100.0,99.99,99.13,17.41,66.35,3.31,22.27,100.0
1845,87.24,100.0,99.98,99.13,17.41,66.37,3.31,22.27,100.0
1850,87.24,100.0,99.98,99.13,17.41,66.39,3.31,22.27,100.0
1855,87.24,100.0,99.97,99.13,17.41,66.41,3.31,22.27,100.0
1860,87.24,100.0,99.96,99.12,17.41,66.43,3.31,22.27,100.0
1865,87.24,100.0,99.95,99.12,17.41,66.45,3.31,22.27,100.0
1870,87.24,100.0,99.95,99.12,17.41,66.47,3.31,22.27,100.0
1875,87.24,100.0,99.94,99.11,17.41,66.49,3.31,22.26,100.0
1880,87.24,100.0,99.93,99.11,17.41,66.51,3.31,22.26,100.0
1885,98.63,100.0,99.92,99.11,17.41,66.53,3.31,39.69,100.0
1890,98.62,100.0,99.92,99.11,17.41,66.54,3.31,75.56,100.0
1895,98.62,100.0,99.91,99.1,17.41,66.56,3.31,75.58,100.0
1900,98.61,100.0,99.9,99.1,17.41,66.58,3.31,75.6,100.0
1905,98.61,100.0,99.9,99.1,17.41,66.6,3.31,75.62,100.0
1910,98.6,100.0,99.89,99.1,17.41,66.61,3.31,75.64,100.0
1915,98.6,100.0,99.88,99.09,17.41,66.63,3.31,75.66,100.0
1920,98.59,100.0,99.87,99.09,17.41,66.65,3.31,75.68,100.0
1925,98.59,100.0,99.87,99.09,17.41,66.66,3.31,75.69,100.0
1930,98.58,100.0,99.86,99.09,17.41,66.68,3.31,75.71,100.0
1935,98.58,100.0,99.85,99.08,17.41,66.7,3.31,75.73,100.0
1940,98.57,100.0,99.85,99.08,17.41,66.71,3.31,75.75,100.0
1945,98.57,100.0,99.84,99.08,17.41,66.73,3.31,75.76,100.0
1950,98.56,100.0,99.83,99.08,17.41,66.74,3.31,75.78,100.0
1955,98.56,100.0,99.83,99.07,17.41,66.76,3.31,75.8,99.99
1960,98.55,100.0,99.82,99.07,17.41,66.77,3.31,75.81,99.99
1965,98.55,100.0,99.82,99.07,17.41,66.79,3.31,75.83,99.99
1970,98.55,100.0,99.81,99.07,17.41,66.8,3.31,75.85,99.99
1975,98.54,100.0,99.8,99.07,17.41,66.82,3.31,75.86,99.99
1980,98.54,100.0,99.8,99.06,17.41,66.83,3.31,75.88,99.99
1985,98.53,100.0,99.79,99.06,17.41,66.85,3.31,75.89,99.99
1990,98.53,100.0,99.79,99.06,17.41,66.86,3.31,75.91,99.99
1995,98.53,100.0,99.78,99.06,17.41,66.87,3.31,75.92,99.99
2000,98.52,100.0,99.77,99.06,17.41,66.89,3.31,75.94,99.99
2005,98.52,100.0,99.77,99.05,17.41,66.9,3.31,75.95,99.99
2010,98.51,100.0,99.76,99.05,17.41,66.91,3.31,75.96,99.99
2015,98.51,100.0,99.76,99.05,17.41,66.93,3.31,75.98,99.99
2020,98.51,100.0,99.75,99.05,17.41,66.94,3.31,75.99,99.99
2025,98.5,100.0,99.74,99.05,17.41,66.95,3.31,76.01,99.99
2030,98.5,100.0,99.74,99.04,17.41,66.97,3.31,76.02,99.99
2035,98.5,100.0,99.73,99.04,17.41,66.98,3.31,76.03,99.99
2040,98.49,100.0,99.73,99.04,17.41,66.99,3.31,76.05,99.98
2045,98.49,100.0,99.72,99.04,17.41,67.0,3.31,76.06,99.98
2050,98.49,100.0,99.72,99.04,17.41,67.02,3.31,76.07,99.98
2055,98.48,100.0,99.71,99.04,17.41,67.03,3.31,76.08,99.98
2060,98.48,100.0,99.7,99.03,17.41,67.04,3.31,76.1,99.98
2065,98.48,100.0,99.7,99.03,17.41,67.05,3.31,76.11,99.98
2070,98.47,100.0,99.69,99.03,17.41,67.06,3.31,76.12,99.98
2075,98.47,100.0,99.69,99.03,17.41,67.08,3.31,76.13,99.98
2080,98.47,100.0,99.68,99.03,17.41,67.09,3.3,76.15,99.98
2085,98.46,99.99,99.68,99.03,17.41,67.1,3.3,76.16,99.98
2090,98.46,99.99,99.67,99.02,17.41,67.11,3.3,76.17,99.98
2095,98.46,99.99,99.67,99.02,17.41,67.12,3.3,76.18,99.98
2100,98.45,99.99,99.66,99.02,17.41,67.13,3.3,76.19,99.98
2105,98.45,99.99,99.66,99.02,17.41,67.15,3.3,76.2,99.98
2110,98.45,99.99,99.65,99.02,17.41,67.16,3.3,76.22,99.98
2115,98.44,99.99,99.65,99.02,17.41,67.17,3.3,76.23,99.98
2120,98.44,99.99,99.64,99.01,17.41,67.18,3.3,76.24,99.98
2125,98.44,99.99,99.64,99.01,17.41,67.19,3.3,76.25,99.98
2130,98.44,99.99,99.63,99.01,17.41,67.2,3.3,76.26,99.98
2135,98.43,99.99,99.63,99.01,17.41,67.21,3.3,76.27,99.98
2140,98.43,99.99,99.62,99.01,17.41,67.22,3.3,76.28,99.97
2145,98.43,99.99,99.62,99.01,17.41,67.23,3.3,76.29,99.97
2150,98.42,99.99,99.61,99.0,17.41,67.24,3.3,76.3,99.97
2155,98.42,99.98,99.61,99.0,17.41,67.25,3.3,76.31,99.97
2160,98.42,99.98,99.6,99.0,17.41,67.26,3.3,76.32,99.97
2165,98.42,99.98,99.6,99.0,17.41,67.27,3.3,76.33,99.97
2170,98.41,99.98,99.59,99.0,17.41,67.28,3.01,76.34,99.97
2175,98.41,99.98,99.59,99.0,17.41,67.29,2.06,76.35,99.97
2180,98.41,99.98,99.58,99.0,17.41,67.3,2.06,76.36,99.97
2185,98.41,99.98,99.58,98.99,17.41,67.31,2.06,76.37,99.97
2190,98.4,99.98,99.57,98.99,17.41,67.32,2.06,76.38,99.97
2195,98.4,99.98,99.57,98.99,17.41,67.33,2.06,76.39,99.97
2200,98.4,99.98,99.56,98.99,17.41,67.34,2.06,76.4,99.97
2205,98.4,99.98,99.56,98.99,17.41,67.35,2.06,76.41,99.97
2210,98.39,99.98,99.55,98.99,17.41,67.36,2.06,76.42,99.97
2215,98.39,99.98,99.55,98.99,17.41,67.37,2.06,76.43,99.97
2220,98.39,99.98,99.54,98.98,17.41,67.38,2.06,76.44,99.97
2225,98.39,99.98,99.54,98.98,17.41,67.39,2.06,76.45,99.97
2230,98.38,99.97,99.54,98.98,17.41,67.4,2.06,76.46,99.97
2235,98.38,99.97,99.53,98.98,17.41,67.41,2.06,76.47,99.97
2240,98.38,99.97,99.53,98.98,17.41,67.42,2.06,76.48,99.97
2245,98.38,99.97,99.52,98.98,17.41,67.42,2.06,76.49,99.97
2250,98.37,99.97,99.52,98.98,17.41,67.43,2.06,76.49,99.96
2255,98.37,99.97,99.51,98.98,17.41,67.44,2.06,76.5,99.96
2260,98.37,99.97,99.51,98.97,17.41,67.45,2.06,76.51,99.96
2265,98.37,99.97,99.5,98.97,17.41,67.46,2.06,76.52,99.96
2270,98.36,99.97,99.5,98.97,17.41,67.47,2.06,76.53,99.96
2275,98.36,99.97,99.5,98.97,17.41,67.48,2.06,76.54,99.96
2280,98.36,99.97,99.49,98.97,17.41,67.49,2.06,76.55,99.96
2285,98.36,99.97,99.49,98.97,17.41,67.5,2.06,76.56,99.96
2290,98.35,99.97,99.48,98.97,17.41,67.5,2.06,76.56,99.96
2295,98.35,99.97,99.48,98.97,17.41,67.51,2.06,76.57,99.96
2300,98.35,99.97,99.47,98.96,17.41,67.52,2.06,76.58,99.96
2305,98.35,99.97,99.47,98.96,17.41,67.53,2.06,76.59,99.96
2310,98.35,99.97,99.47,98.96,17.41,67.54,2.06,76.6,99.96
2315,98.34,99.96,99.46,98.96,17.41,67.55,2.06,76.61,99.96
2320,98.34,99.96,99.46,98.96,17.41,67.55,2.06,76.61,99.96
2325,98.34,99.96,99.45,98.96,17.41,67.56,2.06,76.62,99.96
2330,98.34,99.96,99.45,98.96,17.41,67.57,2.06,76.63,99.96
2335,98.34,99.96,99.45,98.96,17.41,67.58,2.06,76.64,99.96
2340,98.33,99.96,99.44,98.95,17.41,67.59,2.06,76.65,99.96
2345,98.33,93.32,99.44,98.95,17.43,67.59,2.06,76.65,99.96
2350,98.33,3.83,99.43,98.95,17.54,67.6,2.06,76.66,99.96
2355,98.33,3.83,99.43,98.95,17.54,67.61,2.06,76.67,99.96
2360,98.32,3.83,99.43,98.95,17.54,67.62,2.06,76.68,99.96
2365,98.32,3.83,99.42,98.95,17.54,67.63,2.06,76.68,99.96
2370,98.32,3.83,99.42,98.95,17.54,67.63,2.06,76.69,99.96
2375,98.32,3.83,99.41,98.95,17.54,67.64,2.06,76.7,99.96
2380,98.32,3.83,99.41,98.95,17.54,67.65,2.06,76.71,99.95
2385,98.31,3.83,99.41,98.94,17.54,67.66,2.06,76.71,99.95
2390,98.31,3.83,99.4,98.94,17.54,67.67,2.06,76.72,99.95
2395,98.31,3.83,99.4,98.94,17.54,67.67,2.06,76.73,99.95
2400,97.14,3.83,99.46,98.75,17.17,66.8,1.97,76.83,100.0
2405,97.12,3.83,99.46,98.74,17.17,66.83,1.97,76.91,100.0
2410,97.1,3.83,99.45,98.74,17.17,66.85,1.97,76.99,100.0
2415,97.08,3.83,99.45,98.74,17.17,66.88,1.97,77.07,100.0
2420,97.06,3.83,99.44,98.74,17.17,66.91,1.97,77.14,100.0
2425,97.04,3.83,99.44,98.73,17.17,66.93,1.97,77.22,100.0
2430,97.02,3.83,99.43,98.73,17.17,66.96,1.97,77.29,100.0
2435,97.0,3.83,99.43,98.73,17.17,66.98,1.97,77.36,100.0
2440,96.99,3.83,99.43,98.73,17.17,67.01,1.97,77.43,100.0
2445,96.97,3.83,99.42,98.72,17.17,67.03,1.97,77.5,100.0
2450,96.95,3.83,99.42,98.72,17.17,67.06,1.97,77.56,100.0
2455,96.93,3.83,99.41,98.72,17.17,67.08,1.97,77.63,100.0
2460,96.92,3.97,99.41,98.72,17.17,67.11,24.58,77.69,100.0
2465,96.9,3.83,99.4,98.71,17.17,67.13,68.09,77.76,100.0
2470,96.89,3.83,99.4,98.71,17.17,67.15,68.09,77.82,100.0
2475,96.87,3.83,99.4,98.71,17.17,67.18,68.09,77.88,100.0
2480,96.86,3.83,99.39,98.71,17.17,67.2,68.09,77.94,100.0
2485,96.84,3.83,99.39,98.7,17.17,67.22,68.09,77.99,100.0
2490,96.83,3.83,99.38,98.7,17.17,67.25,68.09,78.05,100.0
2495,96.81,3.83,99.38,98.7,17.17,67.27,68.09,78.11,100.0
2500,96.8,3.83,99.37,98.7,17.17,67.29,68.09,78.16,99.99
2505,96.79,3.83,99.37,98.69,17.17,67.3,68.09,78.21,99.99
2510,96.77,3.83,99.37,98.69,17.17,67.32,68.09,78.25,99.99
2515,96.76,3.83,99.37,98.69,17.17,67.33,68.09,78.3,99.99
2520,96.75,3.83,99.36,98.69,17.17,67.35,68.09,78.34,99.99
2525,96.74,3.83,99.36,98.69,17.17,67.36,68.09,78.38,99.99
2530,96.73,3.83,99.36,98.69,17.17,67.37,68.09,78.42,99.99
2535,96.72,3.83,99.36,98.69,17.17,67.39,68.09,78.47,99.99
2540,96.71,3.83,99.35,98.69,17.17,67.4,68.09,78.51,99.99
2545,96.7,3.83,99.35,98.68,17.17,67.41,68.08,78.54,99.98
2550,96.69,3.83,99.35,98.68,17.17,67.42,68.08,78.58,99.98
2555,96.68,3.83,99.35,98.68,17.17,67.44,68.08,78.62,99.98
2560,96.67,3.83,99.35,98.68,17.17,67.45,68.08,78.66,99.98
2565,96.66,3.83,99.34,98.68,17.17,67.46,68.08,78.69,99.98
2570,96.65,3.83,99.34,98.68,17.17,67.47,68.08,78.73,99.98
2575,96.64,3.83,99.34,98.68,17.17,67.48,68.08,78.76,99.98
2580,96.64,3.83,99.34,98.68,17.17,67.49,68.08,78.8,99.98
2585,96.63,3.81,99.33,98.68,17.17,67.39,68.08,78.83,9.84
2590,96.62,3.83,99.33,98.67,17.17,67.51,68.08,78.86,4.76
2595,96.61,3.83,99.33,98.67,17.17,67.52,68.08,78.89,4.76
2600,96.6,3.83,99.33,98.67,17.17,67.53,68.08,78.92,4.76
2605,96.59,3.83,99.33,98.67,17.17,67.54,68.08,78.96,4.76
2610,96.59,3.83,99.32,98.67,17.17,67.55,68.08,78.99,4.76
2615,96.58,3.83,99.32,98.67,17.17,67.56,68.08,79.02,4.76
2620,96.57,3.83,99.32,98.67,17.17,67.57,68.08,79.04,4.76
2625,96.56,3.83,99.32,98.67,17.17,67.58,68.08,79.07,4.76
2630,96.56,3.83,99.32,98.67,17.17,67.59,68.08,78.43,4.76
2635,96.55,3.83,99.31,98.67,17.17,67.6,68.08,78.26,4.76
2640,96.54,3.83,99.31,98.67,17.17,67.61,68.08,78.28,4.76
2645,96.54,3.83,99.31,98.67,17.17,67.62,68.08,59.93,96.65
2650,96.53,3.83,99.31,98.66,17.17,67.63,68.08,59.96,96.65
2655,96.52,3.83,99.31,98.66,17.17,67.64,68.08,59.98,96.65
2660,96.52,3.83,99.3,98.66,17.17,67.64,68.08,60.01,96.64
2665,96.51,3.83,99.3,98.66,17.17,67.65,68.08,60.04,96.64
2670,96.5,3.83,99.3,98.66,17.17,35.17,68.08,60.06,96.64
2675,96.5,3.83,99.3,98.66,17.17,29.48,68.08,60.08,96.64
2680,96.49,3.83,99.3,98.66,17.17,29.49,68.08,60.11,96.63
2685,96.49,3.83,99.29,98.66,17.17,29.49,68.08,60.13,96.63
2690,96.48,3.83,99.29,98.66,17.17,29.5,68.08,60.16,96.63
2695,96.47,3.83,99.29,98.66,17.17,29.51,68.08,60.33,96.62
2700,96.47,3.83,99.29,98.66,17.17,29.51,68.08,61.08,96.62
2705,96.46,3.83,99.29,98.66,17.17,29.52,68.08,61.1,96.62
2710,96.46,3.83,99.29,98.66,17.17,29.53,68.08,61.12,96.62
2715,96.45,3.83,99.28,98.66,17.17,29.53,68.08,61.14,96.61
2720,96.45,3.83,99.28,98.66,17.17,29.54,68.07,61.16,96.61
2725,96.44,3.83,99.28,98.66,17.17,29.55,68.07,61.18,96.61
2730,96.44,3.83,99.28,98.66,17.17,29.55,68.07,61.2,96.61
2735,96.43,3.83,99.28,98.65,17.17,29.56,68.07,61.22,96.6
2740,96.43,3.83,99.28,98.65,17.17,29.56,68.07,61.24,96.6
2745,96.42,3.83,99.27,98.65,17.17,29.57,68.07,61.26,96.6
2750,96.42,3.83,99.27,98.65,17.17,29.58,68.07,61.28,96.6
2755,96.41,3.83,99.27,98.65,17.17,29.58,68.07,61.3,96.6
2760,96.41,3.83,99.27,98.65,17.17,29.59,68.07,61.32,96.59
2765,96.4,3.83,99.27,98.65,17.17,29.59,68.07,61.34,96.59
2770,96.4,3.83,99.27,98.65,17.17,29.6,68.07,61.35,96.59
2775,96.4,3.83,99.26,98.65,17.17,29.6,68.07,61.37,96.59
2780,96.39,3.83,99.26,98.65,17.17,29.61,68.07,61.39,96.59
2785,96.39,3.83,99.26,98.65,17.17,29.61,68.07,61.41,96.58
2790,96.38,3.83,99.26,98.65,17.17,29.62,68.07,61.42,96.58
2795,96.38,3.83,99.26,98.65,17.17,29.62,68.07,61.44,96.58
2800,96.37,3.83,99.26,98.65,17.17,29.63,68.07,61.45,96.58
2805,96.37,3.83,99.25,98.65,17.17,29.63,68.07,61.47,96.58
2810,96.37,3.83,99.25,98.65,17.17,29.64,68.07,61.49,96.57
2815,96.36,3.83,99.25,98.65,17.17,29.64,68.07,61.5,96.57
2820,96.36,3.83,99.25,98.65,17.17,29.64,68.07,61.52,96.57
2825,96.36,3.83,99.25,98.65,17.17,29.65,68.07,61.53,96.57
2830,96.35,3.83,99.25,98.65,17.17,29.65,68.07,61.55,96.57
2835,96.35,3.83,99.25,98.65,17.17,29.66,68.07,61.56,96.57
2840,96.34,3.83,99.24,98.65,17.17,29.66,68.07,61.57,96.56
2845,96.34,3.83,99.24,98.65,17.17,29.66,68.07,61.59,96.56
2850,96.34,3.83,99.24,98.65,17.17,29.67,68.07,61.6,96.56
2855,96.33,3.83,99.24,98.65,17.17,29.67,68.07,61.62,96.56
2860,96.33,3.83,99.24,98.65,17.17,29.68,68.07,61.63,96.56
2865,96.33,3.83,99.24,98.65,17.17,29.68,68.07,61.64,96.56
2870,96.32,3.83,99.24,98.64,17.17,29.68,68.07,61.65,96.55
2875,96.32,3.83,99.23,98.64,17.17,29.69,68.07,61.67,96.55
2880,96.32,3.83,99.23,98.64,17.17,29.69,68.07,61.68,96.55
2885,96.32,3.83,99.23,98.64,17.17,29.69,68.07,61.69,96.55
2890,96.31,3.83,99.23,98.64,17.17,29.7,68.07,61.7,96.55
2895,96.31,3.83,99.23,98.64,17.17,29.7,68.07,61.72,96.55
2900,96.31,3.83,99.23,98.64,17.17,29.7,68.07,61.73,96.55
2905,96.3,3.83,99.23,98.64,17.17,29.7,68.07,61.74,96.55
2910,96.3,3.83,99.22,98.64,17.17,29.71,68.07,61.75,96.54
2915,96.3,3.83,99.22,98.64,17.17,29.71,68.07,61.76,96.54
2920,96.3,3.83,99.22,98.64,17.17,29.71,68.07,61.77,96.54
2925,96.29,3.83,99.22,98.64,17.17,29.71,68.07,61.78,96.54
2930,96.29,3.83,99.22,98.64,17.17,29.72,68.07,61.79,96.54
2935,96.29,3.83,99.22,98.64,17.17,29.72,68.07,61.8,96.54
2940,96.29,3.83,99.22,98.64,17.17,29.72,68.07,61.81,96.54
2945,96.28,3.83,99.22,98.64,17.17,29.72,68.07,61.82,96.54
2950,96.28,3.83,99.21,98.64,17.17,29.73,68.07,61.83,96.54
2955,96.28,3.83,99.21,98.64,17.17,29.73,68.07,61.84,96.53
2960,96.28,3.83,99.21,98.64,17.17,29.73,68.07,61.85,96.53
2965,96.27,66.99,99.21,98.64,17.17,29.73,68.06,45.58,96.53
2970,96.27,99.93,99.21,98.64,17.17,29.73,68.06,3.85,99.93
2975,96.27,99.93,99.21,98.64,17.17,29.74,68.06,3.85,99.93
2980,96.27,99.93,99.21,98.64,17.17,29.74,68.06,3.85,99.93
2985,96.26,99.93,99.21,98.64,17.17,29.74,68.06,3.85,99.93
2990,96.26,99.93,99.21,98.64,17.17,29.74,68.06,3.85,99.93
2995,96.26,99.93,99.2,98.64,17.17,29.74,68.06,3.85,99.93
3000,95.27,99.93,99.29,98.46,16.74,28.82,67.96,3.91,100.0
3005,95.26,99.93,99.29,98.45,16.74,28.84,67.96,3.91,100.0
3010,95.25,99.93,99.29,98.45,16.74,28.85,67.96,3.91,100.0
3015,95.23,99.93,99.29,98.45,16.74,28.87,67.96,3.91,100.0
3020,95.22,99.93,99.29,98.45,16.74,28.88,67.96,3.91,100.0
3025,95.21,99.93,99.28,98.45,16.74,28.9,67.96,3.91,100.0
3030,95.2,99.93,99.28,98.45,16.74,28.91,67.96,3.91,100.0
3035,95.19,99.93,99.28,98.45,16.74,28.93,67.96,3.91,100.0
3040,95.18,99.93,99.28,98.45,16.74,28.94,67.96,3.91,100.0
3045,95.17,99.93,99.28,98.44,16.74,28.96,67.96,3.91,100.0
3050,95.16,99.93,99.27,98.44,16.74,28.97,67.96,3.91,100.0
3055,95.15,99.93,99.27,98.44,16.74,28.98,67.96,3.91,100.0
3060,95.14,99.93,99.27,98.44,16.74,29.0,67.96,3.91,100.0
3065,95.13,99.93,99.27,98.44,16.74,29.01,67.96,3.91,100.0
3070,95.12,99.93,99.27,98.44,16.74,29.02,67.96,3.91,100.0
3075,95.11,99.93,99.27,98.44,16.74,29.04,67.96,3.91,100.0
3080,95.1,99.93,99.26,98.44,16.74,29.05,67.96,3.91,100.0
3085,95.09,99.93,99.26,98.44,16.74,29.06,67.96,3.91,100.0
3090,95.08,99.93,99.26,98.43,16.74,29.07,67.96,3.91,100.0
3095,95.07,99.93,99.26,98.43,16.74,29.09,67.96,3.91,100.0
3100,95.06,99.93,99.26,98.43,16.74,29.1,67.96,3.91,100.0
3105,95.05,99.93,99.26,98.43,16.74,29.11,67.96,3.91,100.0
3110,95.04,99.93,99.26,98.43,16.74,29.12,67.96,3.91,100.0
3115,95.03,99.93,99.25,98.43,16.74,29.13,67.96,3.91,100.0
3120,95.02,99.93,99.25,98.43,16.74,29.14,67.95,3.91,100.0
3125,95.02,99.93,99.25,98.43,16.74,29.16,67.95,3.91,100.0
3130,95.01,99.93,99.25,98.43,16.74,29.17,67.95,3.91,100.0
3135,95.0,99.93,99.25,98.43,16.74,29.18,67.95,3.91,100.0
3140,94.99,99.93,99.25,98.43,16.74,29.19,67.95,3.91,100.0
3145,94.98,99.93,99.24,98.42,16.74,29.2,67.95,3.91,100.0
3150,94.98,99.93,99.24,98.42,16.74,29.21,67.95,3.91,100.0
3155,94.97,99.93,99.24,98.42,16.74,29.22,67.95,3.91,100.0
3160,94.96,99.93,99.24,98.42,16.74,29.23,67.95,3.91,100.0
3165,94.95,99.93,99.24,98.42,16.74,29.24,67.95,3.91,100.0
3170,94.95,99.93,99.24,98.42,16.74,29.25,67.95,3.91,100.0
3175,94.94,99.93,99.24,98.42,16.74,29.26,67.95,3.91,100.0
3180,94.93,99.93,99.23,98.42,16.69,29.27,67.95,3.91,100.0
3185,94.92,99.93,99.23,98.42,16.47,29.28,67.95,3.91,100.0
3190,94.92,99.93,99.23,98.42,16.47,29.29,67.95,3.91,100.0
3195,94.91,99.93,99.23,98.42,16.47,29.29,67.95,3.91,100.0
3200,94.9,99.93,99.23,98.42,16.47,29.3,67.95,3.91,100.0
3205,94.9,99.93,99.23,98.42,16.47,29.31,67.95,3.91,100.0
3210,94.89,99.93,99.23,98.41,16.47,29.32,67.95,3.91,100.0
3215,94.88,99.93,99.22,98.41,16.47,29.33,67.95,3.91,100.0
3220,94.88,99.93,99.22,98.41,16.47,29.34,67.95,3.91,100.0
3225,94.87,99.93,99.22,98.41,16.47,29.35,67.95,3.91,100.0
3230,94.87,99.93,99.22,98.41,16.47,29.35,67.95,3.91,100.0
3235,94.86,99.93,99.22,98.41,16.47,29.36,67.95,3.91,100.0
3240,94.85,99.93,99.22,98.41,16.47,29.37,67.95,3.91,100.0
3245,94.85,99.93,99.22,98.41,16.47,29.38,67.95,3.91,100.0
3250,94.84,99.92,99.22,98.41,16.47,29.38,67.95,3.91,100.0
3255,94.84,99.92,99.21,98.41,16.47,29.39,67.95,3.91,100.0
3260,94.83,99.92,99.21,98.41,16.47,29.4,67.95,3.91,100.0
3265,94.83,99.92,99.21,98.41,16.47,29.41,67.95,3.91,100.0
3270,94.82,99.92,99.21,98.41,16.47,29.41,67.95,3.91,100.0
3275,94.81,99.92,99.21,98.41,16.47,29.42,67.95,3.91,100.0
3280,94.81,99.92,99.21,98.41,16.47,29.43,67.95,3.91,100.0
3285,94.8,99.92,99.21,98.41,16.47,29.43,67.95,3.91,100.0
3290,94.8,99.92,99.2,98.41,16.47,29.44,67.95,3.91,100.0
3295,94.79,99.92,99.2,98.41,16.47,29.45,67.95,3.91,100.0
3300,94.79,99.92,99.2,98.4,16.47,29.45,67.95,3.91,100.0
3305,94.78,99.92,99.2,98.4,16.47,29.46,67.95,3.91,99.99
3310,94.78,99.92,99.2,98.4,16.47,29.47,67.95,3.91,99.99
3315,94.77,99.92,99.2,98.4,16.47,29.47,67.95,3.91,99.99
3320,94.77,99.92,99.2,98.4,16.47,29.48,67.95,3.91,99.98
3325,94.76,99.92,99.2,98.4,16.47,29.48,67.95,3.91,99.98
3330,94.76,99.92,99.2,98.4,16.47,29.49,67.95,3.91,99.98
3335,94.75,99.92,99.19,98.4,16.47,29.5,67.95,3.91,99.97
3340,94.75,99.92,99.19,98.4,16.47,29.5,67.95,3.91,99.97
3345,94.75,99.92,99.19,98.4,16.47,29.51,67.95,3.91,99.97
3350,94.74,99.92,99.19,98.4,16.47,29.51,67.95,3.91,99.96
3355,94.74,99.92,99.19,98.4,16.47,29.52,67.95,3.91,99.96
3360,94.73,99.92,99.19,98.4,16.47,29.52,67.95,3.91,99.96
3365,94.73,99.92,99.19,98.4,16.47,29.53,67.95,3.91,99.95
3370,94.72,99.92,99.19,98.4,16.47,29.53,67.95,3.91,99.95
3375,94.72,99.92,99.19,98.4,16.47,29.54,67.95,3.91,99.95
3380,94.72,99.92,99.18,98.4,16.47,29.54,67.95,3.91,99.94
3385,94.71,99.92,99.18,98.4,16.47,29.55,67.95,3.91,99.94
3390,94.71,99.92,99.18,98.4,16.47,29.55,67.95,3.91,99.94
3395,94.7,99.92,99.18,98.4,16.47,29.56,67.95,3.91,99.94
3400,94.7,99.92,99.18,98.4,16.47,29.56,68.14,3.91,99.93
3405,94.7,99.92,99.18,98.4,16.47,29.57,91.19,3.91,99.93
3410,94.69,99.92,99.18,98.4,16.47,29.57,91.19,3.91,99.93
3415,94.69,99.92,99.18,98.4,16.47,29.58,91.19,3.91,99.92
3420,94.69,99.92,99.18,98.4,16.47,29.58,91.19,3.91,99.92
3425,94.68,99.92,99.17,98.4,16.47,29.58,91.19,3.91,99.92
3430,94.68,99.92,99.17,98.4,16.47,29.59,91.19,3.91,99.92
3435,94.68,99.92,99.17,98.39,16.47,29.59,91.19,3.91,99.91
3440,94.67,99.92,99.17,98.39,16.47,29.6,91.19,3.91,99.91
3445,94.67,99.92,99.17,98.39,16.47,29.6,91.19,3.91,99.91
3450,94.67,99.92,99.17,98.39,16.47,29.6,91.19,3.91,99.9
3455,94.66,99.92,99.17,98.39,16.47,29.61,91.19,3.91,99.9
3460,94.66,99.92,99.17,98.39,16.47,29.61,91.19,3.91,99.9
3465,94.66,99.92,99.17,98.39,16.47,29.62,91.19,3.91,99.9
3470,94.65,99.92,99.17,98.39,16.47,29.62,91.18,3.91,99.89
3475,94.65,99.92,99.16,98.39,16.47,29.62,91.18,3.91,99.89
3480,94.65,99.92,99.16,98.39,16.47,29.63,91.18,3.91,99.89
3485,94.64,99.92,3.93,31.45,16.47,5.23,91.18,3.91,99.89
3490,94.64,99.92,3.93,31.45,16.47,5.23,91.18,3.91,99.88
3495,94.64,99.92,3.93,31.45,16.47,5.23,91.18,3.91,99.88
3500,94.63,99.92,3.93,31.45,16.47,5.23,91.18,3.91,99.88
3505,94.63,99.92,3.93,31.45,16.47,5.23,91.18,3.91,99.88
3510,94.63,99.92,3.93,31.45,16.47,5.23,91.18,3.91,99.87
3515,94.63,99.92,3.93,31.45,16.47,5.23,91.18,3.91,99.87
3520,94.62,99.92,3.93,31.45,16.47,5.23,91.18,3.91,99.87
3525,94.62,99.92,3.93,31.45,16.47,5.23,91.18,3.91,99.87
3530,94.62,99.92,3.93,31.45,16.47,5.23,91.18,3.91,99.86
3535,94.62,99.92,3.93,31.45,16.47,5.23,91.18,3.91,99.86
3540,94.61,99.92,3.93,31.45,16.47,5.23,91.18,3.91,99.86
3545,94.61,99.92,3.93,31.45,16.47,5.23,91.18,3.91,99.86
3550,94.61,99.92,3.93,31.45,16.47,5.23,91.18,3.91,99.85
3555,94.61,99.92,3.93,31.45,16.47,5.23,91.18,3.91,99.85
3560,94.6,99.92,3.93,31.45,16.47,5.23,91.18,3.91,99.85
3565,94.6,99.92,3.93,31.45,16.47,5.23,91.18,3.91,99.85
3570,94.6,99.92,3.93,31.45,16.47,5.23,91.18,3.91,99.84
3575,94.6,99.92,3.93,31.45,16.47,5.23,91.18,3.91,99.84
3580,94.59,99.92,3.93,31.46,16.47,5.23,91.18,3.91,99.84
3585,94.59,99.92,3.93,31.46,16.47,5.23,91.18,3.91,99.84
3590,94.59,99.92,3.93,31.46,16.47,5.23,91.18,3.91,99.84
3595,94.59,99.92,3.93,31.46,16.47,5.23,91.18,3.91,99.83
3600,93.71,99.92,4.27,31.25,16.36,5.04,91.09,3.97,99.95
3605,93.7,99.92,4.27,31.26,16.36,37.13,69.7,3.97,99.94
3610,93.69,99.92,4.27,31.26,16.36,39.87,67.87,3.97,99.94
3615,93.68,99.92,4.27,31.26,16.36,39.87,67.87,3.97,99.94
3620,93.67,99.92,4.27,31.26,16.36,39.87,67.87,3.97,99.93
3625,93.66,99.92,4.27,31.26,16.36,39.87,67.87,3.97,99.93
3630,93.66,99.92,4.27,31.26,16.36,39.87,67.87,3.97,99.93
3635,93.65,99.92,4.27,31.26,16.36,39.86,67.87,3.97,99.92
3640,93.64,99.92,4.27,31.27,16.36,39.86,67.87,3.97,99.92
3645,93.63,99.92,4.27,31.27,16.36,39.86,67.87,3.97,99.92
3650,93.62,99.92,4.27,31.27,16.36,39.86,67.87,3.97,99.91
3655,93.62,99.92,4.27,31.27,16.36,39.86,67.87,3.97,99.91
3660,93.61,99.92,4.27,31.27,16.36,39.86,67.87,3.97,99.91
3665,93.6,99.92,4.27,31.27,16.36,39.85,67.87,3.97,99.9
3670,93.6,99.92,4.27,31.27,16.36,39.85,67.87,3.97,99.9
3675,93.59,99.92,4.27,31.27,16.36,39.85,67.87,3.97,99.9
3680,93.58,99.92,4.27,31.28,16.36,39.85,67.87,3.97,99.89
3685,93.57,99.92,4.27,31.28,16.36,39.85,67.87,3.97,99.89
3690,93.57,99.92,4.27,31.28,16.36,39.85,67.87,3.97,99.89
3695,93.56,99.92,4.27,31.28,16.36,39.84,67.87,3.97,99.88
3700,93.55,99.92,4.27,31.28,16.36,39.84,67.87,3.97,99.88
3705,93.55,99.92,4.27,31.28,16.36,39.84,67.87,3.97,99.88
3710,93.54,99.92,4.27,31.28,16.36,39.84,67.87,3.97,99.88
3715,93.53,99.92,4.27,31.28,16.36,39.84,67.87,3.97,99.87
3720,93.53,99.92,4.27,31.29,16.36,39.84,67.87,3.97,99.87
3725,93.52,99.92,4.27,31.29,16.36,38.09,67.87,3.97,99.87
3730,93.51,99.92,4.27,31.29,16.36,22.96,67.87,3.97,99.86
3735,93.51,99.92,4.27,31.29,16.36,70.41,24.29,3.97,99.86
3740,93.5,99.92,4.27,32.63,16.36,92.6,1.78,3.97,99.86
3745,93.5,99.92,4.27,31.29,16.39,92.6,1.78,3.97,99.86
3750,93.49,99.92,4.27,31.29,16.39,92.6,1.78,3.97,99.85
3755,93.48,99.92,4.27,31.29,16.39,92.6,1.78,3.97,99.85
3760,93.48,99.92,4.27,31.29,16.39,92.6,1.78,3.97,99.85
3765,93.47,99.92,4.27,31.29,16.39,92.59,1.78,3.97,99.84
3770,93.47,99.91,4.27,31.3,16.39,92.59,1.78,3.97,99.84
3775,93.46,99.91,4.27,31.3,16.39,92.59,1.78,3.97,99.84
3780,93.45,99.91,4.27,31.3,16.39,92.59,1.78,3.97,99.84
3785,93.45,99.91,4.27,31.3,16.39,92.59,1.78,3.97,99.83
3790,93.44,99.91,4.27,31.3,16.39,92.59,1.78,3.97,99.83
3795,93.44,99.91,4.27,31.3,16.39,92.59,1.78,3.97,99.83
3800,93.43,99.91,4.27,31.3,16.39,92.59,1.78,3.97,99.83
3805,93.43,99.91,4.27,31.3,16.39,92.59,1.78,3.97,99.82
3810,93.42,99.91,4.27,31.3,16.39,92.59,1.78,3.97,99.82
3815,93.42,99.91,4.27,30.17,16.39,92.59,1.78,3.97,99.82
3820,93.41,99.91,4.27,28.2,16.39,92.59,1.78,3.97,99.82
3825,93.41,99.91,4.27,28.2,16.39,92.59,1.78,3.97,99.81
3830,93.4,99.91,4.27,28.2,16.39,92.59,1.78,3.97,99.81
3835,93.4,99.91,4.27,28.2,16.39,92.59,1.78,3.97,99.81
3840,93.39,99.91,4.27,28.2,16.39,92.59,1.78,3.97,99.81
3845,93.39,99.91,4.27,28.2,16.39,92.59,1.78,3.97,99.8
3850,93.38,99.91,4.27,28.2,16.39,92.59,1.78,3.97,99.8
3855,93.38,99.91,4.27,28.2,16.39,92.59,1.78,3.97,99.8
3860,93.37,99.91,4.27,28.2,16.39,92.59,1.78,3.97,99.8
3865,93.37,99.91,4.27,28.2,16.39,92.59,1.78,3.97,99.79
3870,93.37,99.91,4.27,28.2,16.39,92.59,1.78,3.97,99.79
3875,93.36,99.91,4.27,28.2,16.39,92.59,1.78,3.97,99.79
3880,93.36,99.91,4.27,28.2,16.39,92.59,1.78,3.97,99.79
3885,93.35,99.91,4.27,28.2,16.39,92.59,1.78,3.97,99.78
3890,93.35,99.91,4.27,28.2,16.39,92.59,1.78,3.97,99.78
3895,93.34,99.91,4.27,28.2,16.39,92.59,1.78,3.97,99.78
3900,93.34,99.91,4.27,28.2,16.39,92.59,1.78,3.97,99.78
3905,93.34,99.91,4.27,71.66,15.54,92.59,1.78,3.97,99.78
3910,93.33,99.91,4.27,72.17,15.53,92.59,1.78,3.97,99.77
3915,93.33,99.91,4.27,73.11,15.51,92.59,1.78,3.97,99.77
3920,93.32,99.91,4.27,73.11,15.51,92.59,1.78,3.97,99.77
3925,93.32,99.91,4.27,73.11,15.51,92.59,1.78,3.97,99.77
3930,93.32,99.91,4.27,73.11,15.51,92.59,1.78,3.97,99.76
3935,93.31,99.91,4.27,73.11,15.51,92.59,1.78,3.97,99.76
3940,93.31,99.91,4.27,73.11,15.51,92.59,1.78,3.97,99.76
3945,93.3,99.91,4.27,73.11,15.51,92.59,1.78,3.97,99.76
3950,93.3,99.91,4.27,73.11,15.51,92.59,1.78,3.97,99.76
3955,93.3,99.91,4.27,73.11,15.51,92.59,1.78,3.97,99.75
3960,93.29,99.91,4.27,73.11,15.51,92.59,1.78,3.97,99.75
3965,93.29,99.91,4.27,73.11,15.51,92.59,1.78,3.97,99.75
3970,93.29,99.91,4.27,58.91,15.51,92.59,1.78,3.97,99.75
3975,93.28,99.91,4.27,58.91,15.51,92.59,1.78,3.97,99.75
3980,93.28,99.91,4.27,58.91,15.51,92.6,1.78,3.97,99.74
3985,93.28,99.91,4.27,58.91,15.51,92.6,1.78,3.97,99.74
3990,93.27,99.91,4.27,58.91,15.51,92.6,1.78,3.97,99.74
3995,93.27,99.91,4.27,58.91,15.51,92.6,1.78,3.97,99.74
4000,93.27,99.91,4.27,58.91,15.51,92.6,1.78,3.97,99.74
4005,93.26,99.91,4.27,58.91,15.51,92.6,1.78,3.97,99.73
4010,93.26,99.91,4.27,58.91,15.51,92.6,1.78,3.97,99.73
4015,93.26,99.91,4.27,58.91,15.51,92.6,1.78,3.97,99.73
4020,93.25,99.91,4.27,58.91,15.51,92.6,1.78,3.97,99.73
4025,93.25,99.91,4.27,58.91,15.51,92.6,1.78,3.97,99.73
4030,93.25,99.91,4.27,58.91,15.51,92.6,1.78,3.97,99.72
4035,93.24,99.91,4.27,58.91,15.51,92.6,1.78,3.97,99.72
4040,93.24,99.91,4.27,58.91,15.51,92.6,1.78,3.97,99.72
4045,93.24,99.91,4.27,58.91,15.51,92.6,1.78,3.97,99.72
4050,93.24,99.91,4.27,58.91,15.51,92.6,1.78,3.97,99.72
4055,93.23,99.91,4.27,58.91,15.51,92.6,1.78,3.97,99.71
4060,93.23,99.91,4.27,67.0,15.51,92.6,1.78,3.97,99.71
4065,93.23,99.91,4.27,69.85,15.51,92.6,1.78,3.97,99.71
4070,93.22,99.91,4.27,69.85,15.51,92.6,1.78,3.97,99.71
4075,93.22,99.91,4.27,69.85,15.51,92.6,1.78,3.97,99.71
4080,93.22,99.91,4.27,69.85,15.51,92.61,1.78,3.97,99.71
4085,93.22,99.91,4.27,69.85,15.51,92.61,1.78,3.97,99.7
4090,93.21,99.91,4.27,69.85,15.51,92.61,1.78,3.97,99.7
4095,93.21,99.91,4.27,69.85,15.51,92.61,1.78,3.97,99.7
4100,93.21,99.91,4.27,69.85,15.51,92.61,1.78,3.97,99.7
4105,93.21,99.91,4.27,69.85,15.51,92.61,1.78,3.97,99.7
4110,93.2,99.91,4.27,69.85,15.51,92.61,1.78,3.97,99.69
4115,93.2,99.91,4.27,69.85,15.51,92.61,1.78,3.97,99.69
4120,93.2,99.91,4.27,69.85,15.51,92.61,1.78,3.97,99.69
4125,93.2,99.91,4.27,69.85,15.51,92.61,1.78,3.97,99.69
4130,93.19,99.91,4.27,69.85,15.51,92.61,1.78,3.97,99.69
4135,93.19,99.91,4.27,69.85,15.51,92.61,1.78,3.97,99.69
4140,93.19,99.91,4.27,69.85,15.51,92.61,1.78,3.97,99.68
4145,93.19,99.91,99.21,44.96,15.51,92.61,1.78,3.97,99.68
4150,93.19,99.91,99.21,44.96,15.51,92.62,1.78,3.97,99.68
4155,93.18,99.91,99.21,51.36,15.51,92.62,1.78,3.97,99.68
4160,93.18,99.91,99.21,59.16,15.51,92.62,1.78,3.97,99.68
4165,93.18,99.91,99.2,59.16,15.51,92.62,1.78,3.97,99.68
4170,93.18,99.91,99.2,59.16,15.51,92.62,1.78,3.97,99.67
4175,93.18,99.91,99.2,59.16,15.51,92.62,1.78,3.97,99.67
4180,93.17,99.91,99.2,59.16,15.51,92.62,1.78,3.97,99.67
4185,93.17,99.91,99.2,59.16,15.51,92.62,1.78,3.97,99.67
4190,93.17,99.91,99.2,59.16,15.51,92.62,1.78,3.97,99.67
4195,93.17,99.91,99.19,59.16,15.51,92.62,1.78,3.97,99.67
4200,92.12,99.91,99.72,58.89,15.58,92.66,1.73,3.86,99.58
4205,92.11,99.91,99.71,58.88,15.58,92.66,1.73,3.86,99.58
4210,92.11,99.91,99.71,58.88,15.58,92.66,1.73,3.86,99.58
4215,92.1,99.91,99.7,58.88,15.58,92.66,1.73,3.86,99.58
4220,92.09,99.91,99.69,58.88,15.58,92.66,1.73,3.86,99.58
4225,92.08,99.91,99.69,58.88,15.58,92.66,1.73,3.86,99.57
4230,92.07,99.91,99.68,58.88,15.58,92.66,1.73,3.86,99.57
4235,92.07,99.91,99.68,58.88,15.58,92.67,1.73,3.86,99.57
4240,92.06,99.91,99.67,58.88,15.58,92.67,1.73,3.86,99.57
4245,92.05,99.91,99.67,58.88,15.58,92.67,1.73,3.86,99.57
4250,92.04,99.91,99.66,58.88,15.58,92.67,1.73,3.86,99.57
4255,92.04,99.91,99.65,58.88,15.58,92.67,1.73,3.86,99.57
4260,92.03,99.91,99.65,58.88,15.58,92.67,1.73,3.86,99.57
4265,92.02,99.91,99.64,58.88,15.58,92.67,1.73,3.86,99.57
4270,92.01,99.91,99.64,58.88,15.58,92.67,1.73,3.86,99.57
4275,92.01,99.91,99.63,58.88,15.58,92.67,1.73,3.86,99.57
4280,92.0,99.91,99.63,58.88,15.58,92.68,1.73,3.86,99.56
4285,91.99,99.91,99.62,58.88,15.58,92.68,1.73,3.86,99.56
4290,91.99,99.91,99.62,58.88,15.58,92.68,1.73,3.86,99.56
4295,91.98,99.91,99.61,58.87,15.58,92.68,1.73,3.86,99.56
4300,91.97,99.91,99.61,58.87,15.58,92.68,1.73,3.86,99.56
4305,91.97,99.91,99.6,58.87,15.58,92.68,1.73,3.86,99.56
4310,91.96,99.91,99.6,58.87,15.58,92.68,1.73,3.86,99.56
4315,91.95,99.91,99.59,58.87,15.58,92.68,1.73,3.86,99.56
4320,91.95,99.91,99.59,58.87,15.58,92.69,1.73,3.86,99.56
4325,91.94,99.91,99.58,58.87,15.58,92.69,1.73,3.86,99.56
4330,91.93,99.91,99.58,58.87,15.58,92.69,1.73,3.86,99.56
4335,91.93,99.91,99.57,58.87,15.58,92.69,1.73,3.86,99.55
4340,91.92,99.91,99.57,58.87,15.58,92.69,1.73,3.86,99.55
4345,91.92,99.91,99.56,58.87,15.58,92.69,1.73,3.86,99.55
4350,91.91,99.91,99.56,58.87,15.58,92.69,1.73,3.86,99.55
4355,91.9,99.91,99.55,58.87,15.58,92.69,1.73,3.86,99.55
4360,91.9,99.91,99.55,58.87,15.58,92.69,1.73,3.86,99.55
4365,91.89,99.91,99.54,58.87,15.58,92.7,1.73,3.86,99.55
4370,91.89,99.91,99.54,58.87,15.58,92.7,1.73,3.86,99.55
4375,91.88,99.91,99.53,58.87,15.58,92.7,1.73,3.86,99.55
4380,91.88,99.91,99.53,58.87,15.58,92.7,1.73,3.86,99.55
4385,91.87,99.91,99.52,58.87,15.58,92.7,1.73,3.86,99.55
4390,91.86,99.91,99.52,58.87,15.58,92.7,1.73,3.86,99.55
4395,91.86,99.91,99.51,58.87,15.58,92.7,1.73,3.86,99.54
4400,91.85,99.91,99.51,58.87,15.58,92.71,1.73,3.86,99.54
4405,91.85,99.91,99.5,58.87,15.58,92.71,1.73,3.86,99.54
4410,91.84,99.91,99.5,58.86,15.58,92.71,1.73,3.86,99.54
4415,91.84,99.91,99.5,58.86,15.58,92.71,1.73,3.86,99.54
4420,91.83,99.91,99.49,58.86,15.58,92.71,1.73,3.86,99.54
4425,91.83,99.91,99.49,58.86,15.58,92.71,1.73,3.86,99.54
4430,91.82,99.91,99.48,58.86,15.58,92.71,1.73,3.86,99.54
4435,91.82,99.91,99.48,33.55,15.58,92.71,1.73,99.6,99.54
4440,91.81,99.91,99.47,15.42,15.58,92.72,1.73,99.6,99.54
4445,91.81,99.91,99.47,15.35,15.58,92.72,1.73,99.6,99.54
4450,91.8,99.91,99.46,15.42,15.58,92.72,1.73,99.6,99.54
4455,91.8,99.91,99.46,15.42,15.58,92.72,1.73,99.6,99.53
4460,91.79,99.91,99.46,15.42,15.58,92.72,1.73,99.6,99.53
4465,91.79,99.91,99.45,15.42,15.58,92.72,1.73,99.6,99.53
4470,91.78,99.91,99.45,15.42,15.58,92.72,1.73,99.6,99.53
4475,91.78,99.91,99.44,15.42,15.58,92.73,1.73,99.6,99.53
4480,91.77,99.91,99.44,15.42,15.58,92.73,1.73,99.6,99.53
4485,91.77,99.91,99.43,15.42,15.58,92.73,1.73,99.6,99.53
4490,91.76,99.91,99.43,15.42,15.58,92.73,1.73,99.6,99.53
4495,91.76,99.91,99.43,15.42,15.58,92.73,1.73,99.6,99.53
4500,91.76,99.91,99.42,15.42,15.58,92.73,1.73,99.6,99.53
4505,91.75,99.91,99.42,15.42,15.58,92.73,1.73,99.6,99.53
4510,91.75,99.91,99.41,15.42,15.58,92.74,1.73,99.6,99.53
4515,91.74,99.91,99.41,15.42,15.58,92.74,1.73,99.6,99.53
4520,91.74,99.91,99.41,15.42,15.58,92.74,1.73,99.6,99.53
4525,91.73,99.91,99.4,15.42,15.58,92.74,1.73,99.6,99.52
4530,91.73,99.91,99.4,15.42,15.58,92.74,1.73,99.6,99.52
4535,91.73,99.91,99.39,15.42,15.58,92.74,1.73,99.6,99.52
4540,91.72,99.91,99.39,15.42,15.58,92.74,1.73,99.6,99.52
4545,91.72,99.91,99.39,15.42,15.58,92.75,1.73,99.6,99.52
4550,91.71,99.91,99.38,15.42,15.58,92.75,1.73,99.6,99.52
4555,91.71,99.91,99.38,15.42,15.58,92.75,1.73,99.6,99.52
4560,91.71,99.91,99.37,15.42,15.58,92.75,1.73,99.6,99.52
4565,21.15,99.91,99.37,3.03,15.58,92.75,1.73,99.6,99.52
4570,21.15,99.91,99.37,3.03,15.58,92.75,1.73,99.6,99.52
4575,21.15,99.91,99.36,3.03,15.58,92.75,1.73,99.6,99.52
4580,21.15,99.91,99.36,3.03,15.58,92.76,1.73,99.6,99.52
4585,21.15,99.91,99.36,3.03,15.58,92.76,1.73,99.6,99.52
4590,21.15,99.91,99.35,3.03,15.58,92.76,1.73,99.6,99.52
4595,21.15,99.91,99.35,3.03,15.58,92.76,1.73,99.6,99.51
4600,21.15,99.91,99.34,3.03,15.58,92.76,1.73,99.6,99.51
4605,21.15,99.91,99.34,3.03,15.58,92.76,1.73,99.6,99.51
4610,21.15,99.91,99.34,3.03,15.58,92.77,1.73,99.6,99.51
4615,21.15,99.91,99.33,3.03,15.58,92.77,1.73,99.6,99.51
4620,21.15,99.91,99.33,3.03,15.58,92.77,1.73,99.6,99.51
4625,21.15,99.91,99.33,3.03,15.58,92.77,1.73,99.6,99.51
4630,21.15,99.91,99.32,3.03,15.58,92.77,1.73,99.6,99.51
4635,21.15,99.91,99.32,3.03,15.58,92.77,1.73,99.6,99.51
4640,21.15,99.91,99.32,3.03,15.58,92.77,1.73,99.6,99.51
4645,21.15,99.91,99.31,3.03,15.58,92.78,1.73,99.6,99.51
4650,21.15,99.91,99.31,3.03,15.58,92.78,1.73,99.6,99.51
4655,21.15,99.91,99.3,3.03,15.58,92.78,1.73,99.6,99.51
4660,21.15,99.91,99.3,3.03,15.58,92.78,1.73,99.6,99.51
4665,21.15,99.91,99.3,3.03,15.58,92.78,1.73,99.6,99.51
4670,21.15,99.91,99.29,3.03,15.58,92.78,1.73,99.6,99.5
4675,21.15,99.91,99.29,3.03,15.58,92.79,1.73,99.6,99.5
4680,21.15,99.91,99.29,3.03,15.58,92.79,1.73,99.6,99.5
4685,8.76,99.91,99.28,15.42,15.58,92.79,1.73,99.6,99.5
4690,8.76,99.91,99.28,15.42,15.58,92.79,1.73,99.6,99.5
4695,8.76,99.91,99.28,15.42,15.58,92.79,1.73,99.6,99.5
4700,8.76,99.91,99.27,15.42,15.58,92.79,1.73,99.6,99.5
4705,8.76,99.91,99.27,15.42,15.58,92.79,1.73,99.6,99.5
4710,8.76,99.91,99.27,15.42,15.58,92.8,1.73,99.6,99.5
4715,8.76,99.91,99.26,15.42,15.58,92.8,1.73,99.6,99.5
4720,8.76,99.91,99.26,15.42,15.58,92.8,1.73,99.6,99.5
4725,8.76,99.91,99.26,15.42,15.58,92.8,1.73,99.6,99.5
4730,8.76,99.91,99.25,15.42,15.58,92.8,1.73,99.6,99.5
4735,8.76,99.91,99.25,15.42,15.58,92.8,1.73,99.6,99.5
4740,8.76,99.91,99.25,15.42,15.58,92.81,1.73,99.6,99.5
4745,8.76,99.91,99.24,15.42,15.58,92.81,1.73,99.6,99.5
4750,8.76,99.91,99.24,15.42,15.58,92.81,1.73,99.6,99.5
4755,8.76,99.91,99.24,15.42,15.58,92.81,1.73,99.6,99.49
4760,8.76,99.91,99.24,15.42,15.58,92.81,1.73,99.6,99.49
4765,8.76,99.91,99.23,15.42,15.58,92.81,1.73,99.6,99.49
4770,8.76,99.91,99.23,15.42,15.58,92.82,1.73,99.6,99.49
4775,8.76,99.91,99.23,15.42,15.58,92.82,1.73,99.6,99.49
4780,8.76,99.91,99.22,15.42,15.58,92.82,1.73,99.6,99.49
4785,8.76,99.91,99.22,15.42,15.58,92.82,1.73,99.6,99.49
4790,8.76,99.91,99.22,15.42,15.58,92.82,1.73,99.6,99.49
4795,8.76,99.91,99.21,15.42,15.58,92.82,1.73,99.6,99.49
4800,7.56,99.92,99.37,15.05,15.85,92.28,1.7,99.27,99.42
4805,7.56,99.92,99.37,15.05,15.85,92.29,1.7,99.27,99.42
4810,7.56,99.92,99.36,15.05,15.85,92.29,1.7,99.27,99.42
4815,7.56,99.92,99.36,15.05,15.85,92.29,1.7,99.27,99.42
4820,7.56,99.92,99.36,15.05,15.85,92.29,1.7,99.27,99.42
4825,7.56,99.92,99.35,15.05,15.85,92.29,1.7,99.27,99.42
4830,7.56,99.92,99.35,15.05,15.85,92.29,1.7,99.27,99.42
4835,7.56,99.92,99.34,15.05,15.85,92.29,1.7,99.27,99.42
4840,7.56,99.92,99.34,15.05,15.85,92.29,1.7,99.27,99.42
4845,7.56,99.92,99.34,15.05,15.85,92.29,1.7,99.27,99.42
4850,7.56,99.92,99.33,15.05,15.85,92.29,1.7,99.27,99.42
4855,7.56,99.92,99.33,15.05,15.85,92.29,1.7,99.27,99.42
4860,7.56,99.92,99.32,15.05,15.85,92.29,1.7,99.27,99.42
4865,7.56,99.92,99.32,15.05,15.85,92.29,1.7,99.27,99.42
4870,7.56,99.92,99.32,15.05,15.85,92.29,1.7,99.27,99.42
4875,7.56,99.92,99.31,15.05,15.85,92.29,1.7,99.27,99.42
4880,7.56,99.92,99.31,15.05,15.85,92.29,1.7,99.27,99.42
4885,7.56,99.92,99.31,15.05,15.85,92.29,1.7,99.27,99.42
4890,7.56,99.92,99.3,15.05,15.85,92.29,1.7,99.27,99.42
4895,7.56,99.92,99.3,15.05,15.85,92.29,1.7,99.27,99.42
4900,7.56,99.92,99.29,15.05,15.85,92.29,1.7,99.27,99.42
4905,7.56,99.92,99.29,15.05,15.85,92.29,1.7,99.27,99.42
4910,7.56,99.92,99.29,15.05,15.85,92.29,1.7,99.27,99.42
4915,7.56,99.92,99.28,15.05,15.85,92.29,1.7,99.27,99.42
4920,7.56,99.92,99.28,15.05,15.85,92.29,1.7,99.27,99.42
4925,7.56,99.92,99.28,15.05,15.85,4.54,1.7,99.27,99.42
4930,7.56,99.92,99.27,15.05,15.85,4.54,1.7,99.27,99.42
4935,7.56,99.92,99.27,15.05,15.85,4.54,1.7,99.27,99.42
4940,7.56,99.92,99.26,15.05,15.85,4.54,1.7,99.27,99.42
4945,7.56,99.92,99.26,15.05,15.85,4.54,1.7,99.27,99.41
4950,7.56,99.92,99.26,7.76,15.85,4.54,1.7,99.27,99.41
4955,7.56,99.92,99.25,2.66,15.85,4.54,1.7,99.27,99.41
4960,7.56,99.92,99.25,2.66,15.85,4.54,1.7,99.27,99.41
4965,7.56,99.92,99.25,2.66,15.85,4.54,1.7,99.27,99.41
4970,7.56,99.92,99.24,2.66,15.85,4.54,1.7,99.27,99.41
4975,7.56,99.92,99.24,2.66,15.85,4.54,1.7,99.27,99.41
4980,7.56,99.92,99.24,2.66,15.85,4.54,1.7,99.27,99.41
4985,7.56,99.92,99.23,2.66,15.85,4.54,1.7,99.27,99.41
4990,7.56,99.92,99.23,2.66,15.85,4.54,1.7,99.27,99.41
4995,7.56,99.92,99.23,2.66,15.85,4.54,1.7,99.27,99.41
5000,7.56,99.92,99.22,2.66,15.85,4.54,1.7,99.27,99.41
5005,7.56,99.92,99.22,2.66,15.85,4.54,1.7,99.27,99.41
5010,7.56,99.92,99.22,2.66,15.85,4.54,1.7,99.27,99.41
5015,7.56,99.92,99.21,2.66,15.85,4.54,1.7,99.27,99.41
5020,7.56,99.92,99.21,2.66,15.85,4.54,1.7,99.27,99.41
5025,7.56,99.92,99.21,2.66,15.85,4.54,1.7,99.27,99.41
5030,7.56,99.92,99.2,2.66,15.85,4.54,1.7,99.27,99.41
5035,7.56,99.92,99.2,2.66,15.85,4.54,1.7,99.27,99.41
5040,7.56,99.92,99.2,2.66,15.85,4.54,1.7,99.27,99.41
5045,7.56,99.92,99.19,2.66,15.85,4.54,1.7,99.27,99.41
5050,7.56,99.92,99.19,2.66,15.85,4.54,1.7,99.27,99.41
5055,7.56,99.92,99.19,2.66,15.85,4.54,1.7,99.27,99.41
5060,7.56,99.92,99.18,2.66,15.85,4.54,1.7,99.27,99.41
5065,7.56,99.92,99.18,2.66,15.85,4.54,1.7,99.27,99.41
5070,7.56,99.92,99.18,2.66,15.85,4.54,1.7,99.27,99.41
5075,7.56,99.92,99.17,2.66,15.85,4.54,1.7,99.27,99.41
5080,7.56,99.92,99.17,2.66,15.85,4.54,1.7,99.27,99.41
5085,7.56,99.92,99.17,2.66,15.85,4.54,1.7,99.27,99.41
5090,7.56,99.92,99.16,2.66,15.85,4.54,1.7,99.27,99.41
5095,7.56,99.92,99.16,2.66,15.85,4.54,1.7,99.27,99.41
5100,7.56,99.92,99.16,2.66,15.85,4.54,1.7,99.27,99.41
5105,7.56,99.91,99.15,2.66,15.85,4.54,1.7,99.27,99.41
5110,7.56,99.91,99.15,2.66,15.85,4.54,1.7,99.27,99.41
5115,7.56,99.91,99.15,2.66,15.85,4.54,1.7,99.27,99.41
5120,7.56,99.91,99.14,2.66,15.85,4.54,1.7,99.27,99.41
5125,7.56,99.91,99.14,2.66,15.85,4.54,1.7,99.27,99.41
5130,7.56,99.91,99.14,2.66,15.85,4.54,1.7,99.27,99.41
5135,7.56,99.91,99.14,2.66,15.85,4.54,1.7,99.27,99.41
5140,7.56,99.91,99.13,2.66,15.85,4.54,1.7,99.27,99.41
5145,7.56,99.91,99.13,2.66,15.85,4.54,1.7,99.28,99.41
5150,7.56,99.91,99.13,2.66,15.85,4.54,1.7,99.28,99.41
5155,7.56,99.91,99.12,2.66,15.85,4.54,1.7,99.28,99.41
5160,7.56,99.91,99.12,2.66,15.85,4.54,1.7,99.28,99.41
5165,7.56,99.91,99.12,2.66,15.85,4.54,1.7,99.28,99.41
5170,7.56,99.91,99.11,2.66,15.85,4.54,1.7,99.28,99.41
5175,7.56,99.91,99.11,2.66,15.85,4.54,1.7,99.28,99.41
5180,7.56,99.91,99.11,2.66,15.85,4.54,1.7,99.28,99.41
5185,7.56,99.91,99.11,2.66,15.85,4.54,1.7,99.28,23.97
5190,7.56,99.91,99.1,2.66,15.85,4.54,1.7,99.28,5.16
5195,7.56,99.91,99.1,2.66,15.85,4.54,1.7,99.28,5.16
5200,7.56,99.91,99.1,2.66,15.85,4.54,1.7,99.28,5.16
5205,7.56,99.91,99.09,2.66,15.85,4.54,1.7,99.28,5.16
5210,7.56,99.91,99.09,2.66,15.85,4.54,1.7,99.28,5.16
5215,7.56,99.91,99.09,2.66,15.85,4.54,1.7,99.28,5.16
5220,7.56,99.91,99.09,2.66,15.85,4.54,1.7,99.28,5.16
5225,7.56,0.14,99.08,2.66,15.85,4.54,1.7,99.28,5.16
5230,7.56,0.14,99.08,2.66,15.85,4.54,1.7,99.28,5.16
5235,7.56,0.14,99.08,2.66,15.85,4.54,1.7,99.28,5.16
5240,7.56,0.14,99.07,2.66,15.85,4.54,1.7,99.28,5.16
5245,7.56,0.14,99.07,2.66,15.85,4.54,1.7,99.28,5.16
5250,7.56,0.14,99.07,2.66,15.85,4.54,1.7,99.28,5.16
5255,7.56,0.14,99.07,2.66,15.85,4.54,1.7,99.28,5.16
5260,7.56,0.14,99.06,2.66,15.85,4.54,1.7,99.28,5.16
5265,7.56,0.14,99.06,2.66,15.85,4.54,1.7,99.28,5.16
5270,7.56,0.14,99.06,2.66,15.85,4.54,1.7,99.28,5.16
5275,7.56,0.14,99.06,2.66,15.85,4.54,1.7,99.28,5.16
5280,7.56,0.14,99.05,2.66,15.85,4.54,1.7,99.28,5.16
5285,7.56,0.14,4.96,2.66,15.85,4.54,1.7,3.53,5.16
5290,7.56,0.14,4.96,2.66,15.85,4.54,1.7,3.53,5.16
5295,7.56,0.14,4.96,2.66,15.85,4.54,1.7,3.53,5.16
5300,7.56,0.14,4.96,2.66,15.85,4.54,1.7,3.53,5.16
5305,7.56,0.14,4.96,2.66,15.85,4.54,1.7,3.53,5.16
5310,7.56,0.14,4.96,2.66,15.85,4.54,1.7,3.53,5.16
5315,7.56,0.14,4.96,2.66,15.85,4.54,1.7,3.53,5.16
5320,7.56,0.14,4.96,2.66,15.85,4.54,1.7,3.53,5.16
5325,7.56,0.14,4.96,2.66,15.85,4.54,1.7,3.53,5.16
5330,7.56,0.14,4.96,2.66,15.85,4.54,1.7,3.53,5.16
5335,7.56,0.14,4.96,2.66,15.85,4.54,1.7,3.53,5.16
5340,7.56,0.14,4.96,2.66,15.85,4.54,1.7,3.53,5.16
5345,7.56,0.14,4.96,2.66,15.85,4.54,1.7,3.53,5.16
5350,7.56,0.14,4.96,2.66,15.85,4.54,1.7,3.53,5.16
5355,7.56,0.14,4.96,2.66,15.85,4.54,1.7,3.53,5.16
5360,7.56,0.14,4.96,2.66,15.85,4.54,1.7,3.53,5.16
5365,7.56,0.14,4.96,2.66,15.85,4.54,1.7,3.53,5.16
5370,7.56,0.14,4.96,2.66,15.85,4.54,1.7,3.53,5.16
5375,7.56,0.14,4.96,2.66,15.85,4.54,1.7,3.53,5.16
5380,7.56,0.14,4.96,2.66,15.85,4.54,1.7,3.53,5.16
5385,7.56,0.14,4.96,2.66,15.85,4.54,1.7,3.53,5.16
5390,7.56,0.14,4.96,2.66,15.85,4.54,1.7,3.53,5.16
5395,7.56,0.14,4.96,2.66,15.85,4.54,1.7,3.53,5.16
5400,6.31,0.21,4.76,2.32,15.93,3.54,2.47,3.27,5.04
5405,6.31,0.21,4.76,2.32,15.93,3.54,2.47,3.27,5.04
5410,6.31,0.21,4.76,2.32,15.93,3.54,2.47,3.27,5.04
5415,6.31,0.21,4.76,2.32,15.93,3.54,2.47,3.27,5.04
5420,6.31,0.21,4.76,2.32,15.93,3.54,2.47,3.27,5.04
5425,6.31,0.21,4.76,2.32,15.93,3.54,2.47,3.27,5.04
5430,6.31,0.21,4.76,2.32,15.93,3.54,2.47,3.27,5.04
5435,6.31,0.21,4.76,2.32,15.93,3.54,2.47,3.27,5.04
5440,6.31,0.21,4.76,2.32,15.93,3.54,2.47,3.27,5.04
5445,6.31,0.21,4.76,2.32,15.93,3.54,2.47,3.27,5.04
5450,6.31,0.21,4.76,2.32,15.93,3.54,2.47,3.27,5.04
5455,6.31,0.21,4.76,2.32,15.93,3.54,2.47,3.27,5.04
5460,6.31,0.21,4.76,2.32,15.93,3.54,2.47,3.27,5.04
5465,6.31,0.21,4.76,2.32,15.93,3.54,2.47,3.27,5.04
5470,6.31,0.21,4.76,2.32,15.93,3.54,2.47,3.27,5.04
5475,6.31,0.21,4.76,2.32,15.93,3.54,2.47,3.27,5.04
5480,6.31,0.21,4.76,2.32,15.93,3.54,2.47,3.27,5.04
5485,6.31,0.21,4.76,2.32,15.93,3.54,2.47,3.27,5.04
5490,6.31,0.21,4.76,2.32,15.93,3.54,2.47,3.27,5.04
5495,6.31,0.21,4.76,2.32,15.93,3.54,2.47,3.27,5.04
5500,6.31,0.21,4.76,2.32,15.93,3.54,2.47,3.27,5.04
5505,6.31,0.21,4.76,2.32,15.93,3.54,2.47,3.27,5.04
5510,6.31,0.21,4.76,2.32,15.93,3.54,2.47,3.27,5.04
5515,6.31,0.21,4.76,2.32,15.93,3.54,2.47,3.27,5.04
5520,6.31,0.21,4.76,2.32,15.93,3.54,2.47,3.27,5.04
5525,6.31,0.21,4.76,2.32,15.93,3.54,2.47,3.27,5.04
5530,6.31,0.21,4.76,2.32,15.93,3.54,2.47,3.27,5.04
5535,6.31,0.21,4.76,2.32,15.93,3.54,2.47,3.27,5.04
5540,6.31,0.21,4.76,2.32,15.93,3.54,2.47,3.27,5.04
5545,6.31,0.21,4.76,2.32,15.93,3.54,2.47,3.27,5.04
5550,6.31,0.21,4.76,2.32,15.93,3.54,2.47,3.27,5.04
5555,6.31,0.21,4.76,2.32,15.93,3.54,2.47,3.27,5.04
5560,6.31,0.21,4.76,2.32,15.93,3.54,2.47,3.27,5.04
5565,6.31,0.21,4.76,2.32,15.93,3.54,2.47,3.27,5.04
5570,6.31,0.21,4.76,2.32,15.93,3.54,2.47,3.27,5.04
5575,6.31,0.21,4.76,2.32,15.93,3.54,2.47,3.27,5.04
5580,6.31,0.21,4.76,2.32,15.93,3.54,2.47,3.27,5.04
5585,6.31,0.21,4.76,2.32,15.93,3.54,2.47,3.27,5.04
5590,6.31,0.21,4.76,2.32,15.93,3.54,2.47,3.27,5.04
5595,6.31,0.21,4.76,2.32,15.93,3.54,2.47,3.27,5.04
5600,6.31,0.21,4.76,2.32,15.93,3.54,2.47,3.27,5.04
5605,6.31,0.21,4.76,2.32,15.93,3.54,2.47,3.27,5.04
5610,6.31,0.21,4.76,2.32,15.93,3.54,2.47,3.27,5.04
5615,6.31,0.21,4.76,2.32,15.93,3.54,2.47,3.27,5.04
5620,6.31,0.21,4.76,2.32,15.93,3.54,2.47,3.27,5.04
5625,6.31,0.21,4.76,2.32,15.93,3.54,2.47,3.27,5.04
5630,6.31,0.21,4.76,2.32,15.93,3.54,2.47,3.27,5.04
5635,6.31,0.21,4.76,2.32,15.93,3.54,2.47,3.27,5.04
5640,6.31,0.21,4.76,2.32,15.93,3.54,2.47,3.27,5.04
5645,6.31,0.21,4.76,2.32,15.93,3.54,2.47,3.27,5.04
5650,6.31,0.21,4.76,2.32,15.93,3.54,2.47,3.27,5.04
5655,6.31,0.21,4.76,2.32,15.93,3.54,2.47,3.27,5.04
5660,6.31,0.21,4.76,2.32,15.93,3.54,2.47,3.27,5.04
5665,6.31,0.21,4.76,2.32,15.93,3.54,2.47,3.27,5.04
5670,6.31,0.21,4.76,2.32,15.93,3.54,2.47,3.27,5.04
5675,6.31,0.21,4.76,2.32,15.93,3.54,2.47,3.27,5.04
5680,6.31,0.21,4.76,2.32,15.93,3.54,2.47,3.27,5.04
5685,6.31,0.21,4.76,2.32,15.93,3.54,2.47,3.27,5.04
5690,6.31,0.21,4.76,2.32,15.93,3.54,2.47,3.27,5.04
5695,6.31,0.21,4.76,2.32,15.93,3.54,2.47,3.27,5.04
5700,6.31,0.21,4.76,2.32,15.93,3.54,2.47,3.27,5.04
5705,6.31,0.21,4.76,2.32,15.93,3.54,2.47,3.27,5.04
5710,6.31,0.21,4.76,2.32,15.93,3.54,2.47,3.27,5.04
5715,6.31,0.21,4.76,2.32,15.93,3.54,2.47,3.27,5.04
5720,6.31,0.21,4.76,2.32,15.93,3.54,2.47,3.27,5.04
5725,6.31,0.21,4.76,2.32,15.93,3.54,2.47,3.27,5.04
5730,6.31,0.21,4.76,2.32,15.93,3.54,2.47,3.27,5.04
5735,6.31,0.21,4.76,2.32,15.93,3.54,2.47,3.27,5.04
5740,6.31,0.21,4.76,2.32,15.93,3.54,2.47,3.27,5.04
5745,6.31,0.21,4.76,2.32,15.93,3.54,2.47,3.27,5.04
5750,6.31,0.21,4.76,2.32,15.93,3.54,2.47,3.27,5.04
5755,6.31,0.21,4.76,2.32,15.93,3.54,2.47,3.27,5.04
5760,6.31,0.21,4.76,2.32,15.93,3.54,2.47,3.27,5.04
5765,6.31,0.21,4.76,2.32,15.93,3.54,2.47,3.27,5.04
5770,6.31,0.21,4.76,2.32,15.93,3.54,2.47,3.27,5.04
5775,6.31,0.21,4.76,2.32,15.93,3.54,2.47,3.27,5.04
5780,6.31,0.21,4.76,2.32,15.93,3.54,2.47,3.27,5.04
5785,6.31,0.21,4.76,2.32,15.93,3.54,2.47,3.27,5.04
5790,6.31,0.21,4.76,2.32,15.93,3.54,2.47,3.27,5.04
5795,6.31,0.21,4.76,2.32,15.93,3.54,2.47,3.27,5.04
5800,6.31,0.21,4.76,2.32,15.93,3.54,2.47,3.27,5.04
5805,6.31,0.21,4.76,2.32,15.93,3.54,2.47,3.27,5.04
5810,6.31,0.21,4.76,2.32,15.93,3.54,2.47,3.27,5.04
5815,6.31,0.21,4.76,2.32,15.93,3.54,2.47,3.27,5.04
5820,6.31,0.21,4.76,2.32,15.93,3.54,2.47,3.27,5.04
5825,6.31,0.21,4.76,2.32,15.93,3.54,2.47,3.27,5.04
5830,6.31,0.21,4.76,2.32,15.93,3.54,2.47,3.27,5.04
5835,6.31,0.21,4.76,2.32,15.93,3.54,2.47,3.27,5.04
5840,6.31,0.21,4.76,2.32,15.93,3.54,2.47,3.27,5.04
5845,6.31,0.21,4.76,2.32,15.93,3.54,2.47,3.27,5.04
5850,6.31,0.21,4.76,2.32,15.93,3.54,2.47,3.27,5.04
5855,6.31,0.21,4.76,2.32,15.93,3.54,2.47,3.27,5.04
5860,6.31,0.21,4.76,2.32,15.93,3.54,2.47,3.27,5.04
5865,6.31,0.21,4.76,2.32,15.93,3.54,2.47,3.27,5.04
5870,6.31,0.21,4.76,2.32,15.93,3.54,2.47,3.27,5.04
5875,6.31,0.21,4.76,2.32,15.93,3.54,2.47,3.27,5.04
5880,6.31,0.21,4.76,2.32,15.93,3.54,2.47,3.27,5.04
5885,6.31,0.21,4.76,2.32,15.93,3.54,2.47,3.27,5.04
5890,6.31,0.21,4.76,2.32,15.93,3.54,2.47,3.27,5.04
5895,6.31,0.21,4.76,2.32,15.93,3.54,2.47,3.27,5.04
5900,6.31,0.21,4.76,2.32,15.93,3.54,2.47,3.27,5.04
5905,6.31,0.21,4.76,2.32,15.93,3.54,2.47,3.27,5.04
5910,6.31,0.21,4.76,2.32,15.93,3.54,2.47,3.27,5.04
5915,6.31,0.21,4.76,2.32,15.93,3.54,2.47,3.27,5.04
5920,6.31,0.21,4.76,2.32,15.93,3.54,2.47,3.27,5.04
5925,6.31,0.21,4.76,2.32,15.93,3.54,2.47,3.27,5.04
5930,6.31,0.21,4.76,2.32,15.93,3.54,2.47,3.27,5.04
5935,6.31,0.21,4.76,2.32,15.93,3.54,2.47,3.27,5.04
5940,6.31,0.21,4.76,2.32,15.93,3.54,2.47,3.27,5.04
5945,6.31,0.21,4.76,2.32,15.93,3.54,2.47,3.27,5.04
5950,6.31,0.21,4.76,2.32,15.93,3.54,2.47,3.27,5.04
5955,6.31,0.21,4.76,2.32,15.93,3.54,2.47,3.27,5.04
5960,6.31,0.21,4.76,2.32,15.93,3.54,2.47,3.27,5.04
5965,6.31,0.21,4.76,2.32,15.93,3.54,2.47,3.27,5.04
5970,6.31,0.21,4.76,2.32,15.93,3.54,2.47,3.27,5.04
5975,6.31,0.21,4.76,2.32,15.93,3.54,2.47,3.27,5.04
5980,6.31,0.21,4.76,2.32,15.93,3.54,2.47,3.27,5.04
5985,6.31,0.21,4.76,2.32,15.93,3.54,2.47,3.27,5.04
5990,6.31,0.21,4.76,2.32,15.93,3.54,2.47,3.27,5.04
5995,6.31,0.21,4.76,2.32,15.93,3.54,2.47,3.27,5.04
6000,5.08,0.21,4.35,1.98,15.86,3.84,2.2,3.19,5.09
6005,5.08,0.21,4.35,1.98,15.86,3.84,2.2,3.19,5.09
6010,5.08,0.21,4.35,1.98,15.86,3.84,2.2,3.19,5.09
6015,5.08,0.21,4.35,1.98,15.86,3.84,2.2,3.19,5.09
6020,5.08,0.21,4.35,1.98,15.86,3.84,2.2,3.19,5.09
6025,5.08,0.21,4.35,1.98,15.86,3.84,2.2,3.19,5.09
6030,5.08,0.21,4.35,1.98,15.86,3.84,2.2,3.19,5.09
6035,5.08,0.21,4.35,1.98,15.86,3.84,2.2,3.19,5.09
6040,5.08,0.21,4.35,1.98,15.86,3.84,2.2,3.19,5.09
6045,5.08,0.21,4.35,1.98,15.86,3.84,2.2,3.19,5.09
6050,5.08,0.21,4.35,1.98,15.86,3.84,2.2,3.19,5.09
6055,5.08,0.21,4.35,1.98,15.86,3.84,2.2,3.19,5.09
6060,5.08,0.21,4.35,1.98,15.86,3.84,2.2,3.19,5.09
6065,5.08,0.21,4.35,1.98,15.86,3.84,2.2,3.19,5.09
6070,5.08,0.21,4.35,1.98,15.86,3.84,2.2,3.19,5.09
6075,5.08,0.21,4.35,1.98,15.86,3.84,2.2,3.19,5.09
6080,5.08,0.21,4.35,1.98,15.86,3.84,2.2,3.19,5.09
6085,5.08,0.21,4.35,1.98,15.86,3.84,2.2,3.19,5.09
6090,5.08,0.21,4.35,1.98,15.86,3.84,2.2,3.19,5.09
6095,5.08,0.21,4.35,1.98,15.86,3.84,2.2,3.19,5.09
6100,5.08,0.21,4.35,1.98,15.86,3.84,2.2,3.19,5.09
6105,5.08,0.21,4.35,1.98,15.86,3.84,2.2,3.19,5.09
6110,5.08,0.21,4.35,1.98,15.86,3.84,2.2,3.19,5.09
6115,5.08,0.21,4.35,1.98,15.86,3.84,2.2,3.19,5.09
6120,5.08,0.21,4.35,1.98,15.86,3.84,2.2,3.19,5.09
6125,5.08,0.21,4.35,1.98,15.86,3.84,2.2,3.19,5.09
6130,5.08,0.21,4.35,1.98,15.86,3.84,2.2,3.19,5.09
6135,5.08,0.21,4.35,1.98,15.86,3.84,2.2,3.19,5.09
6140,5.08,0.21,4.35,1.98,15.86,3.84,2.2,3.19,5.09
6145,5.08,0.21,4.35,1.98,15.86,3.84,2.2,3.19,5.09
6150,5.08,0.21,4.35,1.98,15.86,3.84,2.2,3.19,5.09
6155,5.08,0.21,4.35,1.98,15.86,3.84,2.2,3.19,5.09
6160,5.08,0.21,4.35,1.98,15.86,3.84,2.2,3.19,5.09
6165,5.08,0.21,4.35,1.98,15.86,3.84,2.2,3.19,5.09
6170,5.08,0.21,4.35,1.98,15.86,3.84,2.2,3.19,5.09
6175,5.08,0.21,4.35,1.98,15.86,3.84,2.2,3.19,5.09
6180,5.08,0.21,4.35,1.98,15.86,3.84,2.2,3.19,5.09
6185,5.08,0.21,4.35,1.98,15.86,3.84,2.2,3.19,5.09
6190,5.08,0.21,4.35,1.98,15.86,3.84,2.2,3.19,5.09
6195,5.08,0.21,4.35,1.98,15.86,3.84,2.2,3.19,5.09
6200,5.08,0.21,4.35,1.98,15.86,3.84,2.2,3.19,5.09
6205,5.08,0.21,4.35,1.98,15.86,3.84,2.2,3.19,5.09
6210,5.08,0.21,4.35,1.98,15.86,3.84,2.2,3.19,5.09
6215,5.08,0.21,4.35,1.98,15.86,3.84,2.2,3.19,5.09
6220,5.08,0.21,4.35,1.98,15.86,3.84,2.2,3.19,5.09
6225,5.08,0.21,4.35,1.98,15.86,3.84,2.2,3.19,5.09
6230,5.08,0.21,4.35,1.98,15.86,3.84,2.2,3.19,5.09
6235,5.08,0.21,4.35,1.98,15.86,3.84,2.2,3.19,5.09
6240,5.08,0.21,4.35,1.98,15.86,3.84,2.2,3.19,5.09
6245,5.08,0.21,4.35,1.98,15.86,3.84,2.2,3.19,5.09
6250,5.08,0.21,4.35,1.98,15.86,3.84,2.2,3.19,5.09
6255,5.08,0.21,4.35,1.98,15.86,3.84,2.2,3.19,5.09
6260,5.08,0.21,4.35,1.98,15.86,3.84,2.2,3.19,5.09
6265,5.08,0.21,4.35,1.98,15.86,3.84,2.2,3.19,5.09
6270,5.08,0.21,4.35,1.98,15.86,3.84,2.2,3.19,5.09
6275,5.08,0.21,4.35,1.98,15.86,3.84,2.2,3.19,5.09
6280,5.08,0.21,4.35,1.98,15.86,3.84,2.2,3.19,5.09
6285,5.08,0.21,4.35,1.98,15.86,3.84,2.2,3.19,5.09
6290,5.08,0.21,4.35,1.98,15.86,3.84,2.2,3.19,5.09
6295,5.08,0.21,4.35,1.98,15.86,3.84,2.2,3.19,5.09
6300,5.08,0.21,4.35,1.98,15.86,3.84,2.2,3.19,5.09
6305,5.08,0.21,4.35,1.98,15.86,3.84,2.2,3.19,5.09
6310,5.08,0.21,4.35,1.98,15.86,3.84,2.2,3.19,5.09
6315,5.08,0.21,4.35,1.98,15.86,3.84,2.2,3.19,5.09
6320,5.08,0.21,4.35,1.98,15.86,3.84,2.2,3.19,5.09
6325,5.08,0.21,4.35,1.98,15.86,3.84,2.2,3.19,5.09
6330,5.08,0.21,4.35,1.98,15.86,3.84,2.2,3.19,5.09
6335,5.08,0.21,4.35,1.98,15.86,3.84,2.2,3.19,5.09
6340,5.08,0.21,4.35,1.98,15.86,3.84,2.2,3.19,5.09
6345,5.08,0.21,4.35,1.98,15.86,3.84,2.2,3.19,5.09
6350,5.08,0.21,4.35,1.98,15.86,3.84,2.2,3.19,5.09
6355,5.08,0.21,4.35,1.98,15.86,3.84,2.2,3.19,5.09
6360,5.08,0.21,4.35,1.98,15.86,3.84,2.2,3.19,5.09
6365,5.08,0.21,4.35,1.98,15.86,3.84,2.2,3.19,5.09
6370,5.08,0.21,4.35,1.98,15.86,3.84,2.2,3.19,5.09
6375,5.08,0.21,4.35,1.98,15.86,3.84,2.2,3.19,5.09
6380,5.08,0.21,4.35,1.98,15.86,3.84,2.2,3.19,5.09
6385,5.08,0.21,4.35,1.98,15.86,3.84,2.2,3.19,5.09
6390,5.08,0.21,4.35,1.98,15.86,3.84,2.2,3.19,5.09
6395,5.08,0.21,4.35,1.98,15.86,3.84,2.2,3.19,5.09
6400,5.08,0.21,4.35,1.98,15.86,3.84,2.2,3.19,5.09
6405,5.08,0.21,4.35,1.98,15.86,3.84,2.2,3.19,5.09
6410,5.08,0.21,4.35,1.98,15.86,3.84,2.2,3.19,5.09
6415,5.08,0.21,4.35,1.98,15.86,3.84,2.2,3.19,5.09
6420,5.08,0.21,4.35,1.98,15.86,3.84,2.2,3.19,5.09
6425,5.08,0.21,4.35,1.98,15.86,3.84,2.2,3.19,5.09
6430,5.08,0.21,4.35,1.98,15.86,3.84,2.2,3.19,5.09
6435,5.08,0.21,4.35,1.98,15.86,3.84,2.2,3.19,5.09
6440,5.08,0.21,4.35,1.98,15.86,3.84,2.2,3.19,5.09
6445,5.08,0.21,4.35,1.98,15.86,3.84,2.2,3.19,5.09
6450,5.08,0.21,4.35,1.98,15.86,3.84,2.2,3.19,5.09
6455,5.08,0.21,4.35,1.98,15.86,3.84,2.2,3.19,5.09
6460,5.08,0.21,4.35,1.98,15.86,3.84,2.2,3.19,5.09
6465,5.08,0.21,4.35,1.98,15.86,3.84,2.2,3.19,5.09
6470,5.08,0.21,4.35,1.98,15.86,3.84,2.2,3.19,5.09
6475,5.08,0.21,4.35,1.98,15.86,3.84,2.2,3.19,5.09
6480,5.08,0.21,4.35,1.98,15.86,3.84,2.2,3.19,5.09
6485,5.08,0.21,4.35,1.98,15.86,3.84,2.2,3.19,5.09
6490,5.08,0.21,4.35,1.98,15.86,3.84,2.2,3.19,5.09
6495,5.08,0.21,4.35,1.98,15.86,3.84,2.2,3.19,5.09
6500,5.08,0.21,4.35,1.98,15.86,3.84,2.2,3.19,5.09
6505,5.08,0.21,4.35,1.98,15.86,3.84,2.2,3.19,5.09
6510,5.08,0.21,4.35,1.98,15.86,3.84,2.2,3.19,5.09
6515,5.08,0.21,4.35,1.98,15.86,3.84,2.2,3.19,5.09
6520,5.08,0.21,4.35,1.98,15.86,3.84,2.2,3.19,5.09
6525,5.08,0.21,4.35,1.98,15.86,3.84,2.2,3.19,5.09
6530,5.08,0.21,4.35,1.98,15.86,3.84,2.2,3.19,5.09
6535,5.08,0.21,4.35,1.98,15.86,3.84,2.2,3.19,5.09
6540,5.08,0.21,4.35,1.98,15.86,3.84,2.2,3.19,5.09
6545,5.08,0.21,4.35,1.98,15.86,3.84,2.2,3.19,5.09
6550,5.08,0.21,4.35,1.98,15.86,3.84,2.2,3.19,5.09
6555,5.08,0.21,4.35,1.98,15.86,3.84,2.2,3.19,5.09
6560,5.08,0.21,4.35,1.98,15.86,3.84,2.2,3.19,5.09
6565,5.08,0.21,4.35,1.98,15.86,3.84,2.2,3.19,5.09
6570,5.08,0.21,4.35,1.98,15.86,3.84,2.2,3.19,5.09
6575,5.08,0.21,4.35,1.98,15.86,3.84,2.2,3.19,5.09
6580,5.08,0.21,4.35,1.98,15.86,3.84,2.2,3.19,5.09
6585,5.08,0.21,4.35,1.98,15.86,3.84,2.2,3.19,5.09
6590,5.08,0.21,4.35,1.98,15.86,3.84,2.2,3.19,5.09
6595,5.08,0.21,4.35,1.98,15.86,3.84,2.2,3.19,5.09
6600,4.1,0.22,3.8,1.96,16.54,4.36,2.07,3.17,5.4
6605,4.1,0.22,3.8,1.96,16.54,4.36,2.07,3.17,5.4
6610,4.1,0.22,3.8,1.96,16.54,4.36,2.07,3.17,5.4
6615,4.1,0.22,3.8,1.96,16.54,4.36,2.07,3.17,5.4
6620,4.1,0.22,3.8,1.96,16.54,4.36,2.07,3.17,5.4
6625,4.1,0.22,3.8,1.96,16.54,4.36,2.07,3.17,5.4
6630,4.1,0.22,3.8,1.96,16.54,4.36,2.07,3.17,5.4
6635,4.1,0.22,3.8,1.96,16.54,4.36,2.07,3.17,5.4
6640,4.1,0.22,3.8,1.96,16.54,4.36,2.07,3.17,5.4
6645,4.1,0.22,3.8,1.96,16.54,4.36,2.07,3.17,5.4
6650,4.1,0.22,3.8,1.96,16.54,4.36,2.07,3.17,5.4
6655,4.1,0.22,3.8,1.96,16.54,4.36,2.07,3.17,5.4
6660,4.1,0.22,3.8,1.96,16.54,4.36,2.07,3.17,5.4
6665,4.1,0.22,3.8,1.96,16.54,4.36,2.07,3.17,5.4
6670,4.1,0.22,3.8,1.96,16.54,4.36,2.07,3.17,5.4
6675,4.1,0.22,3.8,1.96,16.54,4.36,2.07,3.17,5.4
6680,4.1,0.22,3.8,1.96,16.54,4.36,2.07,3.17,5.4
6685,4.1,0.22,3.8,1.96,16.54,4.36,2.07,3.17,5.4
6690,4.1,0.22,3.8,1.96,16.54,4.36,2.07,3.17,5.4
6695,4.1,0.22,3.8,1.96,16.54,4.36,2.07,3.17,5.4
6700,4.1,0.22,3.8,1.96,16.54,4.36,2.07,3.17,5.4
6705,4.1,0.22,3.8,1.96,16.54,4.36,2.07,3.17,5.4
6710,4.1,0.22,3.8,1.96,16.54,4.36,2.07,3.17,5.4
6715,4.1,0.22,3.8,1.96,16.54,4.36,2.07,3.17,5.4
6720,4.1,0.22,3.8,1.96,16.54,4.36,2.07,3.17,5.4
6725,4.1,0.22,3.8,1.96,16.54,4.36,2.07,3.17,5.4
6730,4.1,0.22,3.8,1.96,16.54,4.36,2.07,3.17,5.4
6735,4.1,0.22,3.8,1.96,16.54,4.36,2.07,3.17,5.4
6740,4.1,0.22,3.8,1.96,16.54,4.36,2.07,3.17,5.4
6745,4.1,0.22,3.8,1.96,16.54,4.36,2.07,3.17,5.4
6750,4.1,0.22,3.8,1.96,16.54,4.36,2.07,3.17,5.4
6755,4.1,0.22,3.8,1.96,16.54,4.36,2.07,3.17,5.4
6760,4.1,0.22,3.8,1.96,16.54,4.36,2.07,3.17,5.4
6765,4.1,0.22,3.8,1.96,16.54,4.36,2.07,3.17,5.4
6770,4.1,0.22,3.8,1.96,16.54,4.36,2.07,3.17,5.4
6775,4.1,0.22,3.8,1.96,16.54,4.36,2.07,3.17,5.4
6780,4.1,0.22,3.8,1.96,16.54,4.36,2.07,3.17,5.4
6785,4.1,0.22,3.8,1.96,16.54,4.36,2.07,3.17,5.4
6790,4.1,0.22,3.8,1.96,16.54,4.36,2.07,3.17,5.4
6795,4.1,0.22,3.8,1.96,16.54,4.36,2.07,3.17,5.4
6800,4.1,0.22,3.8,1.96,16.54,4.36,2.07,3.17,5.4
6805,4.1,0.22,3.8,1.96,16.54,4.36,2.07,3.17,5.4
6810,4.1,0.22,3.8,1.96,16.54,4.36,2.07,3.17,5.4
6815,4.1,0.22,3.8,1.96,16.54,4.36,2.07,3.17,5.4
6820,4.1,0.22,3.8,1.96,16.54,4.36,2.07,3.17,5.4
6825,4.1,0.22,3.8,1.96,16.54,4.36,2.07,3.17,5.4
6830,4.1,0.22,3.8,1.96,16.54,4.36,2.07,3.17,5.4
6835,4.1,0.22,3.8,1.96,16.54,4.36,2.07,3.17,5.4
6840,4.1,0.22,3.8,1.96,16.54,4.36,2.07,3.17,5.4
6845,4.1,0.22,3.8,1.96,16.54,4.36,2.07,3.17,5.4
6850,4.1,0.22,3.8,1.96,16.54,4.36,2.07,3.17,5.4
6855,4.1,0.22,3.8,1.96,16.54,4.36,2.07,3.17,5.4
6860,4.1,0.22,3.8,1.96,16.54,4.36,2.07,3.17,5.4
6865,4.1,0.22,3.8,1.96,16.54,4.36,2.07,3.17,5.4
6870,4.1,0.22,3.8,1.96,16.54,4.36,2.07,3.17,5.4
6875,4.1,0.22,3.8,1.96,16.54,4.36,2.07,3.17,5.4
6880,4.1,0.22,3.8,1.96,16.54,4.36,2.07,3.17,5.4
6885,4.1,0.22,3.8,1.96,16.54,4.36,2.07,3.17,5.4
6890,4.1,0.22,3.8,1.96,16.54,4.36,2.07,3.17,5.4
6895,4.1,0.22,3.8,1.96,16.54,4.36,2.07,3.17,5.4
6900,4.1,0.22,3.8,1.96,16.54,4.36,2.07,3.17,5.4
6905,4.1,0.22,3.8,1.96,16.54,4.36,2.07,3.17,5.4
6910,4.1,0.22,3.8,1.96,16.54,4.36,2.07,3.17,5.4
6915,4.1,0.22,3.8,1.96,16.54,4.36,2.07,3.17,5.4
6920,4.1,0.22,3.8,1.96,16.54,4.36,2.07,3.17,5.4
6925,4.1,0.22,3.8,1.96,16.54,4.36,2.07,3.17,5.4
6930,4.1,0.22,3.8,1.96,16.54,4.36,2.07,3.17,5.4
6935,4.1,0.22,3.8,1.96,16.54,4.36,2.07,3.17,5.4
6940,4.1,0.22,3.8,1.96,16.54,4.36,2.07,3.17,5.4
6945,4.1,0.22,3.8,1.96,16.54,4.36,2.07,3.17,5.4
6950,4.1,0.22,3.8,1.96,16.54,4.36,2.07,3.17,5.4
6955,4.1,0.22,3.8,1.96,16.54,4.36,2.07,3.17,5.4
6960,4.1,0.22,3.8,1.96,16.54,4.36,2.07,3.17,5.4
6965,4.1,0.22,3.8,1.96,16.54,4.36,2.07,3.17,5.4
6970,4.1,0.22,3.8,1.96,16.54,4.36,2.07,3.17,5.4
6975,4.1,0.22,3.8,1.96,16.54,4.36,2.07,3.17,5.4
6980,4.1,0.22,3.8,1.96,16.54,4.36,2.07,3.17,5.4
6985,4.1,0.22,3.8,1.96,16.54,4.36,2.07,3.17,5.4
6990,4.1,0.22,3.8,1.96,16.54,4.36,2.07,3.17,5.4
6995,4.1,0.22,3.8,1.96,16.54,4.36,2.07,3.17,5.4
7000,4.1,0.22,3.8,1.96,16.54,4.36,2.07,3.17,5.4
7005,4.1,0.22,3.8,1.96,16.54,4.36,2.07,3.17,5.4
7010,4.1,0.22,3.8,1.96,16.54,4.36,2.07,3.17,5.4
7015,4.1,0.22,3.8,1.96,16.54,4.36,2.07,3.17,5.4
7020,4.1,0.22,3.8,1.96,16.54,4.36,2.07,3.17,5.4
7025,4.1,0.22,3.8,1.96,16.54,4.36,2.07,3.17,5.4
7030,4.1,0.22,3.8,1.96,16.54,4.36,2.07,3.17,5.4
7035,4.1,0.22,3.8,1.96,16.54,4.36,2.07,3.17,5.4
7040,4.1,0.22,3.8,1.96,16.54,4.36,2.07,3.17,5.4
7045,4.1,0.22,3.8,1.96,16.54,4.36,2.07,3.17,5.4
7050,4.1,0.22,3.8,1.96,16.54,4.36,2.07,3.17,5.4
7055,4.1,0.22,3.8,1.96,16.54,4.36,2.07,3.17,5.4
7060,4.1,0.22,3.8,1.96,16.54,4.36,2.07,3.17,5.4
7065,4.1,0.22,3.8,1.96,16.54,4.36,2.07,3.17,5.4
7070,4.1,0.22,3.8,1.96,16.54,4.36,2.07,3.17,5.4
7075,4.1,0.22,3.8,1.96,16.54,4.36,2.07,3.17,5.4
7080,4.1,0.22,3.8,1.96,16.54,4.36,2.07,3.17,5.4
7085,4.1,0.22,3.8,1.96,16.54,4.36,2.07,3.17,5.4
7090,4.1,0.22,3.8,1.96,16.54,4.36,2.07,3.17,5.4
7095,4.1,0.22,3.8,1.96,16.54,4.36,2.07,3.17,5.4
7100,4.1,0.22,3.8,1.96,16.54,4.36,2.07,3.17,5.4
7105,4.1,0.22,3.8,1.96,16.54,4.36,2.07,3.17,5.4
7110,4.1,0.22,3.8,1.96,16.54,4.36,2.07,3.17,5.4
7115,4.1,0.22,3.8,1.96,16.54,4.36,2.07,3.17,5.4
7120,4.1,0.22,3.8,1.96,16.54,4.36,2.07,3.17,5.4
7125,4.1,0.22,3.8,1.96,16.54,4.36,2.07,3.17,5.4
7130,4.1,0.22,3.8,1.96,16.54,4.36,2.07,3.17,5.4
7135,4.1,0.22,3.8,1.96,16.54,4.36,2.07,3.17,5.4
7140,4.1,0.22,3.8,1.96,16.54,4.36,2.07,3.17,5.4
7145,4.1,0.22,3.8,1.96,16.54,4.36,2.07,3.17,5.4
7150,4.1,0.22,3.8,1.96,16.54,4.36,2.07,3.17,5.4
7155,4.1,0.22,3.8,1.96,16.54,4.36,2.07,3.17,5.4
7160,4.1,0.22,3.8,1.96,16.54,4.36,2.07,3.17,5.4
7165,4.1,0.22,3.8,1.96,16.54,4.36,2.07,3.17,5.4
7170,4.1,0.22,3.8,1.96,16.54,4.36,2.07,3.17,5.4
7175,4.1,0.22,3.8,1.96,16.54,4.36,2.07,3.17,5.4
7180,4.1,0.22,3.8,1.96,16.54,4.36,2.07,3.17,5.4
7185,4.1,0.22,3.8,1.96,16.54,4.36,2.07,3.17,5.4
7190,4.1,0.22,3.8,1.96,16.54,4.36,2.07,3.17,5.4
7195,4.1,0.22,3.8,1.96,16.54,4.36,2.07,3.17,5.4
7200,3.32,0.17,3.34,2.06,16.93,4.41,2.13,2.49,5.15
7205,3.32,0.17,3.34,2.06,16.93,4.41,2.13,2.49,5.15
7210,3.32,0.17,3.34,2.06,16.93,4.41,2.13,2.49,5.15
7215,3.32,0.17,3.34,2.06,16.93,4.41,2.13,2.49,5.15
7220,3.32,0.17,3.34,2.06,16.93,4.41,2.13,2.49,5.15
7225,3.32,0.17,3.34,2.06,16.93,4.41,2.13,2.49,5.15
7230,3.32,0.17,3.34,2.06,16.93,4.41,2.13,2.49,5.15
7235,3.32,0.17,3.34,2.06,16.93,4.41,2.13,2.49,5.15
7240,3.32,0.17,3.34,2.06,16.93,4.41,2.13,2.49,5.15
7245,3.32,0.17,3.34,2.06,16.93,4.41,2.13,2.49,5.15
7250,3.32,0.17,3.34,2.06,16.93,4.41,2.13,2.49,5.15
7255,3.32,0.17,3.34,2.06,16.93,4.41,2.13,2.49,5.15
7260,3.32,0.17,3.34,2.06,16.93,4.41,2.13,2.49,5.15
7265,3.32,0.17,3.34,2.06,16.93,4.41,2.13,2.49,5.15
7270,3.32,0.17,3.34,2.06,16.93,4.41,2.13,2.49,5.15
7275,3.32,0.17,3.34,2.06,16.93,4.41,2.13,2.49,5.15
7280,3.32,0.17,3.34,2.06,16.93,4.41,2.13,2.49,5.15
7285,3.32,0.17,3.34,2.06,16.93,4.41,2.13,2.49,5.15
7290,3.32,0.17,3.34,2.06,16.93,4.41,2.13,2.49,5.15
7295,3.32,0.17,3.34,2.06,16.93,4.41,2.13,2.49,5.15
7300,3.32,0.17,3.34,2.06,16.93,4.41,2.13,2.49,5.15
7305,3.32,0.17,3.34,2.06,16.93,4.41,2.13,2.49,5.15
7310,3.32,0.17,3.34,2.06,16.93,4.41,2.13,2.49,5.15
7315,3.32,0.17,3.34,2.06,16.93,4.41,2.13,2.49,5.15
7320,3.32,0.17,3.34,2.06,16.93,4.41,2.13,2.49,5.15
7325,3.32,0.17,3.34,2.06,16.93,4.41,2.13,2.49,5.15
7330,3.32,0.17,3.34,2.06,16.93,4.41,2.13,2.49,5.15
7335,3.32,0.17,3.34,2.06,16.93,4.41,2.13,2.49,5.15
7340,3.32,0.17,3.34,2.06,16.93,4.41,2.13,2.49,5.15
7345,3.32,0.17,3.34,2.06,16.93,4.41,2.13,2.49,5.15
7350,3.32,0.17,3.34,2.06,16.93,4.41,2.13,2.49,5.15
7355,3.32,0.17,3.34,2.06,16.93,4.41,2.13,2.49,5.15
7360,3.32,0.17,3.34,2.06,16.93,4.41,2.13,2.49,5.15
7365,3.32,0.17,3.34,2.06,16.93,4.41,2.13,2.49,5.15
7370,3.32,0.17,3.34,2.06,16.93,4.41,2.13,2.49,5.15
7375,3.32,0.17,3.34,2.06,16.93,4.41,2.13,2.49,5.15
7380,3.32,0.17,3.34,2.06,16.93,4.41,2.13,2.49,5.15
7385,3.32,0.17,3.34,2.06,16.93,4.41,2.13,2.49,5.15
7390,3.32,0.17,3.34,2.06,16.93,4.41,2.13,2.49,5.15
7395,3.32,0.17,3.34,2.06,16.93,4.41,2.13,2.49,5.15
7400,3.32,0.17,3.34,2.06,16.93,4.41,2.13,2.49,5.15
7405,3.32,0.17,3.34,2.06,16.93,4.41,2.13,2.49,5.15
7410,3.32,0.17,3.34,2.06,16.93,4.41,2.13,2.49,5.15
7415,3.32,0.17,3.34,2.06,16.93,4.41,2.13,2.49,5.15
7420,3.32,0.17,3.34,2.06,16.93,4.41,2.13,2.49,5.15
7425,3.32,0.17,3.34,2.06,16.93,4.41,2.13,2.49,5.15
7430,3.32,0.17,3.34,2.06,16.93,4.41,2.13,2.49,5.15
7435,3.32,0.17,3.34,2.06,16.93,4.41,2.13,2.49,5.15
7440,3.32,0.17,3.34,2.06,16.93,4.41,2.13,2.49,5.15
7445,3.32,0.17,3.34,2.06,16.93,4.41,2.13,2.49,5.15
7450,3.32,0.17,3.34,2.06,16.93,4.41,2.13,2.49,5.15
7455,3.32,0.17,3.34,2.06,16.93,4.41,2.13,2.49,5.15
7460,3.32,0.17,3.34,2.06,16.93,4.41,2.13,2.49,5.15
7465,3.32,0.17,3.34,2.06,16.93,4.41,2.13,2.49,5.15
7470,3.32,0.17,3.34,2.06,16.93,4.41,2.13,2.49,5.15
7475,3.32,0.17,3.34,2.06,16.93,4.41,2.13,2.49,5.15
7480,3.32,0.17,3.34,2.06,16.93,4.41,2.13,2.49,5.15
7485,3.32,0.17,3.34,2.06,16.93,4.41,2.13,2.49,5.15
7490,3.32,0.17,3.34,2.06,16.93,4.41,2.13,2.49,5.15
7495,3.32,0.17,3.34,2.06,16.93,4.41,2.13,2.49,5.15
7500,3.32,0.17,3.34,2.06,16.93,4.41,2.13,2.49,5.15
7505,3.32,0.17,3.34,2.06,16.93,4.41,2.13,2.49,5.15
7510,3.32,0.17,3.34,2.06,16.93,4.41,2.13,2.49,5.15
7515,3.32,0.17,3.34,2.06,16.93,4.41,2.13,2.49,5.15
7520,3.32,0.17,3.34,2.06,16.93,4.41,2.13,2.49,5.15
7525,3.32,0.17,3.34,2.06,16.93,4.41,2.13,2.49,5.15
7530,3.32,0.17,3.34,2.06,16.93,4.41,2.13,2.49,5.15
7535,3.32,0.17,3.34,2.06,16.93,4.41,2.13,2.49,5.15
7540,3.32,0.17,3.34,2.06,16.93,4.41,2.13,2.49,5.15
7545,3.32,0.17,3.34,2.06,16.93,4.41,2.13,2.49,5.15
7550,3.32,0.17,3.34,2.06,16.93,4.41,2.13,2.49,5.15
7555,3.32,0.17,3.34,2.06,16.93,4.41,2.13,2.49,5.15
7560,3.32,0.17,3.34,2.06,16.93,4.41,2.13,2.49,5.15
7565,3.32,0.17,3.34,2.06,16.93,4.41,2.13,2.49,5.15
7570,3.32,0.17,3.34,2.06,16.93,4.41,2.13,2.49,5.15
7575,3.32,0.17,3.34,2.06,16.93,4.41,2.13,2.49,5.15
7580,3.32,0.17,3.34,2.06,16.93,4.41,2.13,2.49,5.15
7585,3.32,0.17,3.34,2.06,16.93,4.41,2.13,2.49,5.15
7590,3.32,0.17,3.34,2.06,16.93,4.41,2.13,2.49,5.15
7595,3.32,0.17,3.34,2.06,16.93,4.41,2.13,2.49,5.15
7600,3.32,0.17,3.34,2.06,16.93,4.41,2.13,2.49,5.15
7605,3.32,0.17,3.34,2.06,16.93,4.41,2.13,2.49,5.15
7610,3.32,0.17,3.34,2.06,16.93,4.41,2.13,2.49,5.15
7615,3.32,0.17,3.34,2.06,16.93,4.41,2.13,2.49,5.15
7620,3.32,0.17,3.34,2.06,16.93,4.41,2.13,2.49,5.15
7625,3.32,0.17,3.34,2.06,16.93,4.41,2.13,2.49,5.15
7630,3.32,0.17,3.34,2.06,16.93,4.41,2.13,2.49,5.15
7635,3.32,0.17,3.34,2.06,16.93,4.41,2.13,2.49,5.15
7640,3.32,0.17,3.34,2.06,16.93,4.41,2.13,2.49,5.15
7645,3.32,0.17,3.34,2.06,16.93,4.41,2.13,2.49,5.15
7650,3.32,0.17,3.34,2.06,16.93,4.41,2.13,2.49,5.15
7655,3.32,0.17,3.34,2.06,16.93,4.41,2.13,2.49,5.15
7660,3.32,0.17,3.34,2.06,16.93,4.41,2.13,2.49,5.15
7665,3.32,0.17,3.34,2.06,16.93,4.41,2.13,2.49,5.15
7670,3.32,0.17,3.34,2.06,16.93,4.41,2.13,2.49,5.15
7675,3.32,0.17,3.34,2.06,16.93,4.41,2.13,2.49,5.15
7680,3.32,0.17,3.34,2.06,16.93,4.41,2.13,2.49,5.15
7685,3.32,0.17,3.34,2.06,16.93,4.41,2.13,2.49,5.15
7690,3.32,0.17,3.34,2.06,16.93,4.41,2.13,2.49,5.15
7695,3.32,0.17,3.34,2.06,16.93,4.41,2.13,2.49,5.15
7700,3.32,0.17,3.34,2.06,16.93,4.41,2.13,2.49,5.15
7705,3.32,0.17,3.34,2.06,16.93,4.41,2.13,2.49,5.15
7710,3.32,0.17,3.34,2.06,16.93,4.41,2.13,2.49,5.15
7715,3.32,0.17,3.34,2.06,16.93,4.41,2.13,2.49,5.15
7720,3.32,0.17,3.34,2.06,16.93,4.41,2.13,2.49,5.15
7725,3.32,0.17,3.34,2.06,16.93,4.41,2.13,2.49,5.15
7730,3.32,0.17,3.34,2.06,16.93,4.41,2.13,2.49,5.15
7735,3.32,0.17,3.34,2.06,16.93,4.41,2.13,2.49,5.15
7740,3.32,0.17,3.34,2.06,16.93,4.41,2.13,2.49,5.15
7745,3.32,0.17,3.34,2.06,16.93,4.41,2.13,2.49,5.15
7750,3.32,0.17,3.34,2.06,16.93,4.41,2.13,2.49,5.15
7755,3.32,0.17,3.34,2.06,16.93,4.41,2.13,2.49,5.15
7760,3.32,0.17,3.34,2.06,16.93,4.41,2.13,2.49,5.15
7765,3.32,0.17,3.34,2.06,16.93,4.41,2.13,2.49,5.15
7770,3.32,0.17,3.34,2.06,16.93,4.41,2.13,2.49,5.15
7775,3.32,0.17,3.34,2.06,16.93,4.41,2.13,2.49,5.15
7780,3.32,0.17,3.34,2.06,16.93,4.41,2.13,2.49,5.15
7785,3.32,0.17,3.34,2.06,16.93,4.41,2.13,2.49,5.15
7790,3.32,0.17,3.34,2.06,16.93,4.41,2.13,2.49,5.15
7795,3.32,0.17,3.34,2.06,16.93,4.41,2.13,2.49,5.15
7800,3.2,0.17,3.12,2.12,17.15,4.2,2.09,2.13,5.07
7805,3.2,0.17,3.12,2.12,17.15,4.2,2.09,2.13,5.07
7810,3.2,0.17,3.12,2.12,17.15,4.2,2.09,2.13,5.07
7815,3.2,0.17,3.12,2.12,17.15,4.2,2.09,2.13,5.07
7820,3.2,0.17,3.12,2.12,17.15,4.2,2.09,2.13,5.07
7825,3.2,0.17,3.12,2.12,17.15,4.2,2.09,2.13,5.07
7830,3.2,0.17,3.12,2.12,17.15,4.2,2.09,2.13,5.07
7835,3.2,0.17,3.12,2.12,17.15,4.2,2.09,2.13,5.07
7840,3.2,0.17,3.12,2.12,17.15,4.2,2.09,2.13,5.07
7845,3.2,0.17,3.12,2.12,17.15,4.2,2.09,2.13,5.07
7850,3.2,0.17,3.12,2.12,17.15,4.2,2.09,2.13,5.07
7855,3.2,0.17,3.12,2.12,17.15,4.2,2.09,2.13,5.07
7860,3.2,0.17,3.12,2.12,17.15,4.2,2.09,2.13,5.07
7865,3.2,0.17,3.12,2.12,17.15,4.2,2.09,2.13,5.07
7870,3.2,0.17,3.12,2.12,17.15,4.2,2.09,2.13,5.07
7875,3.2,0.17,3.12,2.12,17.15,4.2,2.09,2.13,5.07
7880,3.2,0.17,3.12,2.12,17.15,4.2,2.09,2.13,5.07
7885,3.2,0.17,3.12,2.12,17.15,4.2,2.09,2.13,5.07
7890,3.2,0.17,3.12,2.12,17.15,4.2,2.09,2.13,5.07
7895,3.2,0.17,3.12,2.12,17.15,4.2,2.09,2.13,5.07
7900,3.2,0.17,3.12,2.12,17.15,4.2,2.09,2.13,5.07
7905,3.2,0.17,3.12,2.12,17.15,4.2,2.09,2.13,5.07
7910,3.2,0.17,3.12,2.12,17.15,4.2,2.09,2.13,5.07
7915,3.2,0.17,3.12,2.12,17.15,4.2,2.09,2.13,5.07
7920,3.2,0.17,3.12,2.12,17.15,4.2,2.09,2.13,5.07
7925,3.2,0.17,3.12,2.12,17.15,4.2,2.09,2.13,5.07
7930,3.2,0.17,3.12,2.12,17.15,4.2,2.09,2.13,5.07
7935,3.2,0.17,3.12,2.12,17.15,4.2,2.09,2.13,5.07
7940,3.2,0.17,3.12,2.12,17.15,4.2,2.09,2.13,5.07
7945,3.2,0.17,3.12,2.12,17.15,4.2,2.09,2.13,5.07
7950,3.2,0.17,3.12,2.12,17.15,4.2,2.09,2.13,5.07
7955,3.2,0.17,3.12,2.12,17.15,4.2,2.09,2.13,5.07
7960,3.2,0.17,3.12,2.12,17.15,4.2,2.09,2.13,5.07
7965,3.2,0.17,3.12,2.12,17.15,4.2,2.09,2.13,5.07
7970,3.2,0.17,3.12,2.12,17.15,4.2,2.09,2.13,5.07
7975,3.2,0.17,3.12,2.12,17.15,4.2,2.09,2.13,5.07
7980,3.2,0.17,3.12,2.12,17.15,4.2,2.09,2.13,5.07
7985,3.2,0.17,3.12,2.12,17.15,4.2,2.09,2.13,5.07
7990,3.2,0.17,3.12,2.12,17.15,4.2,2.09,2.13,5.07
7995,3.2,0.17,3.12,2.12,17.15,4.2,2.09,2.13,5.07
8000,3.2,0.17,3.12,2.12,17.15,4.2,2.09,2.13,5.07
8005,3.2,0.17,3.12,2.12,17.15,4.2,2.09,2.13,5.07
8010,3.2,0.17,3.12,2.12,17.15,4.2,2.09,2.13,5.07
8015,3.2,0.17,3.12,2.12,17.15,4.2,2.09,2.13,5.07
8020,3.2,0.17,3.12,2.12,17.15,4.2,2.09,2.13,5.07
8025,3.2,0.17,3.12,2.12,17.15,4.2,2.09,2.13,5.07
8030,3.2,0.17,3.12,2.12,17.15,4.2,2.09,2.13,5.07
8035,3.2,0.17,3.12,2.12,17.15,4.2,2.09,2.13,5.07
8040,3.2,0.17,3.12,2.12,17.15,4.2,2.09,2.13,5.07
8045,3.2,0.17,3.12,2.12,17.15,4.2,2.09,2.13,5.07
8050,3.2,0.17,3.12,2.12,17.15,4.2,2.09,2.13,5.07
8055,3.2,0.17,3.12,2.12,17.15,4.2,2.09,2.13,5.07
8060,3.2,0.17,3.12,2.12,17.15,4.2,2.09,2.13,5.07
8065,3.2,0.17,3.12,2.12,17.15,4.2,2.09,2.13,5.07
8070,3.2,0.17,3.12,2.12,17.15,4.2,2.09,2.13,5.07
8075,3.2,0.17,3.12,2.12,17.15,4.2,2.09,2.13,5.07
8080,3.2,0.17,3.12,2.12,17.15,4.2,2.09,2.13,5.07
8085,3.2,0.17,3.12,2.12,17.15,4.2,2.09,2.13,5.07
8090,3.2,0.17,3.12,2.12,17.15,4.2,2.09,2.13,5.07
8095,3.2,0.17,3.12,2.12,17.15,4.2,2.09,2.13,5.07
8100,3.2,0.17,3.12,2.12,17.15,4.2,2.09,2.13,5.07
8105,3.2,0.17,3.12,2.12,17.15,4.2,2.09,2.13,5.07
8110,3.2,0.17,3.12,2.12,17.15,4.2,2.09,2.13,5.07
8115,3.2,0.17,3.12,2.12,17.15,4.2,2.09,2.13,5.07
8120,3.2,0.17,3.12,2.12,17.15,4.2,2.09,2.13,5.07
8125,3.2,0.17,3.12,2.12,17.15,4.2,2.09,2.13,5.07
8130,3.2,0.17,3.12,2.12,17.15,4.2,2.09,2.13,5.07
8135,3.2,0.17,3.12,2.12,17.15,4.2,2.09,2.13,5.07
8140,3.2,0.17,3.12,2.12,17.15,4.2,2.09,2.13,5.07
8145,3.2,0.17,3.12,2.12,17.15,4.2,2.09,2.13,5.07
8150,3.2,0.17,3.12,2.12,17.15,4.2,2.09,2.13,5.07
8155,3.2,0.17,3.12,2.12,17.15,4.2,2.09,2.13,5.07
8160,3.2,0.17,3.12,2.12,17.15,4.2,2.09,2.13,5.07
8165,3.2,0.17,3.12,2.12,17.15,4.2,2.09,2.13,5.07
8170,3.2,0.17,3.12,2.12,17.15,4.2,2.09,2.13,5.07
8175,3.2,0.17,3.12,2.12,17.15,4.2,2.09,2.13,5.07
8180,3.2,0.17,3.12,2.12,17.15,4.2,2.09,2.13,5.07
8185,3.2,0.17,3.12,2.12,17.15,4.2,2.09,2.13,5.07
8190,3.2,0.17,3.12,2.12,17.15,4.2,2.09,2.13,5.07
8195,3.2,0.17,3.12,2.12,17.15,4.2,2.09,2.13,5.07
8200,3.2,0.17,3.12,2.12,17.15,4.2,2.09,2.13,5.07
8205,3.2,0.17,3.12,2.12,17.15,4.2,2.09,2.13,5.07
8210,3.2,0.17,3.12,2.12,17.15,4.2,2.09,2.13,5.07
8215,3.2,0.17,3.12,2.12,17.15,4.2,2.09,2.13,5.07
8220,3.2,0.17,3.12,2.12,17.15,4.2,2.09,2.13,5.07
8225,3.2,0.17,3.12,2.12,17.15,4.2,2.09,2.13,5.07
8230,3.2,0.17,3.12,2.12,17.15,4.2,2.09,2.13,5.07
8235,3.2,0.17,3.12,2.12,17.15,4.2,2.09,2.13,5.07
8240,3.2,0.17,3.12,2.12,17.15,4.2,2.09,2.13,5.07
8245,3.2,0.17,3.12,2.12,17.15,4.2,2.09,2.13,5.07
8250,3.2,0.17,3.12,2.12,17.15,4.2,2.09,2.13,5.07
8255,3.2,0.17,3.12,2.12,17.15,4.2,2.09,2.13,5.07
8260,3.2,0.17,3.12,2.12,17.15,4.2,2.09,2.13,5.07
8265,3.2,0.17,3.12,2.12,17.15,4.2,2.09,2.13,5.07
8270,3.2,0.17,3.12,2.12,17.15,4.2,2.09,2.13,5.07
8275,3.2,0.17,3.12,2.12,17.15,4.2,2.09,2.13,5.07
8280,3.2,0.17,3.12,2.12,17.15,4.2,2.09,2.13,5.07
8285,3.2,0.17,3.12,2.12,17.15,4.2,2.09,2.13,5.07
8290,3.2,0.17,3.12,2.12,17.15,4.2,2.09,2.13,5.07
8295,3.2,0.17,3.12,2.12,17.15,4.2,2.09,2.13,5.07
8300,3.2,0.17,3.12,2.12,17.15,4.2,2.09,2.13,5.07
8305,3.2,0.17,3.12,2.12,17.15,4.2,2.09,2.13,5.07
8310,3.2,0.17,3.12,2.12,17.15,4.2,2.09,2.13,5.07
8315,3.2,0.17,3.12,2.12,17.15,4.2,2.09,2.13,5.07
8320,3.2,0.17,3.12,2.12,17.15,4.2,2.09,2.13,5.07
8325,3.2,0.17,3.12,2.12,17.15,4.2,2.09,2.13,5.07
8330,3.2,0.17,3.12,2.12,17.15,4.2,2.09,2.13,5.07
8335,3.2,0.17,3.12,2.12,17.15,4.2,2.09,2.13,5.07
8340,3.2,0.17,3.12,2.12,17.15,4.2,2.09,2.13,5.07
8345,3.2,0.17,3.12,2.12,17.15,4.2,2.09,2.13,5.07
8350,3.2,0.17,3.12,2.12,17.15,4.2,2.09,2.13,5.07
8355,3.2,0.17,3.12,2.12,17.15,4.2,2.09,2.13,5.07
8360,3.2,0.17,3.12,2.12,17.15,4.2,2.09,2.13,5.07
8365,3.2,0.17,3.12,2.12,17.15,4.2,2.09,2.13,5.07
8370,3.2,0.17,3.12,2.12,17.15,4.2,2.09,2.13,5.07
8375,3.2,0.17,3.12,2.12,17.15,4.2,2.09,2.13,5.07
8380,3.2,0.17,3.12,2.12,17.15,4.2,2.09,2.13,5.07
8385,3.2,0.17,3.12,2.12,17.15,4.2,2.09,2.13,5.07
8390,3.2,0.17,3.12,2.12,17.15,4.2,2.09,2.13,5.07
8395,3.2,0.17,3.12,2.12,17.15,4.2,2.09,2.13,5.07
8400,3.11,0.17,6.96,2.21,17.24,4.2,2.05,1.93,4.47
8405,3.11,0.17,6.96,2.21,17.24,4.2,2.05,1.93,4.47
8410,3.11,0.17,6.96,2.21,17.24,4.2,2.05,1.93,4.47
8415,3.11,0.17,6.96,2.21,17.24,4.2,2.05,1.93,4.47
8420,3.11,0.17,6.96,2.21,17.24,4.2,2.05,1.93,4.47
8425,3.11,0.17,6.96,2.21,17.24,4.2,2.05,1.93,4.47
8430,3.11,0.17,6.96,2.21,17.24,4.2,2.05,1.93,4.47
8435,3.11,0.17,6.96,2.21,17.24,4.2,2.05,1.93,4.47
8440,3.11,0.17,6.96,2.21,17.24,4.2,2.05,1.93,4.47
8445,3.11,0.17,6.96,2.21,17.24,4.2,2.05,1.93,4.47
8450,3.11,0.17,6.96,2.21,17.24,4.2,2.05,1.93,4.47
8455,3.11,0.17,6.96,2.21,17.24,4.2,2.05,1.93,4.47
8460,3.11,0.17,6.96,2.21,17.24,4.2,2.05,1.93,4.47
8465,3.11,0.17,6.96,2.21,17.24,4.2,2.05,1.93,4.47
8470,3.11,0.17,6.96,2.21,17.24,4.2,2.05,1.93,4.47
8475,3.11,0.17,6.96,2.21,17.24,4.2,2.05,1.93,4.47
8480,3.11,0.17,6.96,2.21,17.24,4.2,2.05,1.93,4.47
8485,3.11,0.17,6.96,2.21,17.24,4.2,2.05,1.93,4.47
8490,3.11,0.17,6.96,2.21,17.24,4.2,2.05,1.93,4.47
8495,3.11,0.17,6.96,2.21,17.24,4.2,2.05,1.93,4.47
8500,3.11,0.17,6.96,2.21,17.24,4.2,2.05,1.93,4.47
8505,3.11,0.17,6.96,2.21,17.24,4.2,2.05,1.93,4.47
8510,3.11,0.17,6.96,2.21,17.24,4.2,2.05,1.93,4.47
8515,3.11,0.17,6.96,2.21,17.24,4.2,2.05,1.93,4.47
8520,3.11,0.17,6.96,2.21,17.24,4.2,2.05,1.93,4.47
8525,3.11,0.17,6.96,2.21,17.24,4.2,2.05,1.93,4.47
8530,3.11,0.17,6.96,2.21,17.24,4.2,2.05,1.93,4.47
8535,3.11,0.17,6.96,2.21,17.24,4.2,2.05,1.93,4.47
8540,3.11,0.17,6.96,2.21,17.24,4.2,2.05,1.93,4.47
8545,3.11,0.17,6.96,2.21,17.24,4.2,2.05,1.93,4.47
8550,3.11,0.17,6.96,2.21,17.24,4.2,2.05,1.93,4.47
8555,3.11,0.17,6.96,2.21,17.24,4.2,2.05,1.93,4.47
8560,3.11,0.17,6.96,2.21,17.24,4.2,2.05,1.93,4.47
8565,3.11,0.17,6.96,2.21,17.24,4.2,2.05,1.93,4.47
8570,3.11,0.17,6.96,2.21,17.24,4.2,2.05,1.93,4.47
8575,3.11,0.17,6.96,2.21,17.24,4.2,2.05,1.93,4.47
8580,3.11,0.17,6.96,2.21,17.24,4.2,2.05,1.93,4.47
8585,3.11,0.17,6.96,2.21,17.24,4.2,2.05,1.93,4.47
8590,3.11,0.17,6.96,2.21,17.24,4.2,2.05,1.93,4.47
8595,3.11,0.17,6.96,2.21,17.24,4.2,2.05,1.93,4.47
8600,3.11,0.17,6.96,2.21,17.24,4.2,2.05,1.93,4.47
8605,3.11,0.17,6.96,2.21,17.24,4.2,2.05,1.93,4.47
8610,3.11,0.17,6.96,2.21,17.24,4.2,2.05,1.93,4.47
8615,3.11,0.17,6.96,2.21,17.24,4.2,2.05,1.93,4.47
8620,3.11,0.17,6.96,2.21,17.24,4.2,2.05,1.93,4.47
8625,3.11,0.17,6.96,2.21,17.24,4.2,2.05,1.93,4.47
8630,3.11,0.17,6.96,2.21,17.24,4.2,2.05,1.93,4.47
8635,3.11,0.17,6.96,2.21,17.24,4.2,2.05,1.93,4.47
8640,3.11,0.17,6.96,2.21,17.24,4.2,2.05,1.93,4.47
8645,3.11,0.17,6.96,2.21,17.24,4.2,2.05,1.93,4.47
8650,3.11,0.17,6.96,2.21,17.24,4.2,2.05,1.93,4.47
8655,3.11,0.17,6.96,2.21,17.24,4.2,2.05,1.93,4.47
8660,3.11,0.17,6.96,2.21,17.24,4.2,2.05,1.93,4.47
8665,3.11,0.17,6.96,2.21,17.24,4.2,2.05,1.93,4.47
8670,3.11,0.17,6.96,2.21,17.24,4.2,2.05,1.93,4.47
8675,3.11,0.17,6.96,2.21,17.24,4.2,2.05,1.93,4.47
8680,3.11,0.17,6.96,2.21,17.24,4.2,2.05,1.93,4.47
8685,3.11,0.17,6.96,2.21,17.24,4.2,2.05,1.93,4.47
8690,3.11,0.17,6.96,2.21,17.24,4.2,2.05,1.93,4.47
8695,3.11,0.17,6.96,2.21,17.24,4.2,2.05,1.93,4.47
8700,3.11,0.17,6.96,2.21,17.24,4.2,2.05,1.93,4.47
8705,3.11,0.17,6.96,2.21,17.24,4.2,2.05,1.93,4.47
8710,3.11,0.17,6.96,2.21,17.24,4.2,2.05,1.93,4.47
8715,3.11,0.17,6.96,2.21,17.24,4.2,2.05,1.93,4.47
8720,3.11,0.17,6.96,2.21,17.24,4.2,2.05,1.93,4.47
8725,3.11,0.17,6.96,2.21,17.24,4.2,2.05,1.93,4.47
8730,3.11,0.17,6.96,2.21,17.24,4.2,2.05,1.93,4.47
8735,3.11,0.17,6.96,2.21,17.24,4.2,2.05,1.93,4.47
8740,3.11,0.17,6.96,2.21,17.24,4.2,2.05,1.93,4.47
8745,3.11,0.17,6.96,2.21,17.24,4.2,2.05,1.93,4.47
8750,3.11,0.17,6.96,2.21,17.24,4.2,2.05,1.93,4.47
8755,3.11,0.17,6.96,2.21,17.24,4.2,2.05,1.93,4.47
8760,3.11,0.17,6.96,2.21,17.24,4.2,2.05,1.93,4.47
8765,3.11,0.17,6.96,2.21,17.24,4.2,2.05,1.93,4.47
8770,3.11,0.17,6.96,2.21,17.24,4.2,2.05,1.93,4.47
8775,3.11,0.17,6.96,2.21,17.24,4.2,2.05,1.93,4.47
8780,3.11,0.17,6.96,2.21,17.24,4.2,2.05,1.93,4.47
8785,3.11,0.17,6.96,2.21,17.24,4.2,2.05,1.93,4.47
8790,3.11,0.17,6.96,2.21,17.24,4.2,2.05,1.93,4.47
8795,3.11,0.17,6.96,2.21,17.24,4.2,2.05,1.93,4.47
8800,3.11,0.17,6.96,2.21,17.24,4.2,2.05,1.93,4.47
8805,3.11,0.17,6.96,2.21,17.24,4.2,2.05,1.93,4.47
8810,3.11,0.17,6.96,2.21,17.24,4.2,2.05,1.93,4.47
8815,3.11,0.17,6.96,2.21,17.24,4.2,2.05,1.93,4.47
8820,3.11,0.17,6.96,2.21,17.24,4.2,2.05,1.93,4.47
8825,3.11,0.17,6.96,2.21,17.24,4.2,2.05,1.93,4.47
8830,3.11,0.17,6.96,2.21,17.24,4.2,2.05,1.93,4.47
8835,3.11,0.17,6.96,2.21,17.24,4.2,2.05,1.93,4.47
8840,3.11,0.17,6.96,2.21,17.24,4.2,2.05,1.93,4.47
8845,3.11,0.17,6.96,2.21,17.24,4.2,2.05,1.93,4.47
8850,3.11,0.17,6.96,2.21,17.24,4.2,2.05,1.93,4.47
8855,3.11,0.17,6.96,2.21,17.24,4.2,2.05,1.93,4.47
8860,3.11,0.17,6.96,2.21,17.24,4.2,2.05,1.93,4.47
8865,3.11,0.17,6.96,2.21,17.24,4.2,2.05,1.93,4.47
8870,3.11,0.17,6.96,2.21,17.24,4.2,2.05,1.93,4.47
8875,3.11,0.17,6.96,2.21,17.24,4.2,2.05,1.93,4.47
8880,3.11,0.17,6.96,2.21,17.24,4.2,2.05,1.93,4.47
8885,3.11,0.17,6.96,2.21,17.24,4.2,2.05,1.93,4.47
8890,3.11,0.17,6.96,2.21,17.24,4.2,2.05,1.93,4.47
8895,3.11,0.17,6.96,2.21,17.24,4.2,2.05,1.93,4.47
8900,3.11,0.17,6.96,2.21,17.24,4.2,2.05,1.93,4.47
8905,3.11,0.17,6.96,2.21,17.24,4.2,2.05,1.93,4.47
8910,3.11,0.17,6.96,2.21,17.24,4.2,2.05,1.93,4.47
8915,3.11,0.17,6.96,2.21,17.24,4.2,2.05,1.93,4.47
8920,3.11,0.17,6.96,2.21,17.24,4.2,2.05,1.93,4.47
8925,3.11,0.17,6.96,2.21,17.24,4.2,2.05,1.93,4.47
8930,3.11,0.17,6.96,2.21,17.24,4.2,2.05,1.93,4.47
8935,3.11,0.17,6.96,2.21,17.24,4.2,2.05,1.93,4.47
8940,3.11,0.17,6.96,2.21,17.24,4.2,2.05,1.93,4.47
8945,3.11,0.17,6.96,2.21,17.24,4.2,2.05,1.93,4.47
8950,3.11,0.17,6.96,2.21,17.24,4.2,2.05,1.93,4.47
8955,3.11,0.17,6.96,2.21,17.24,4.2,2.05,1.93,4.47
8960,3.11,0.17,6.96,2.21,17.24,4.2,2.05,1.93,4.47
8965,3.11,0.17,6.96,2.21,17.24,4.2,2.05,1.93,4.47
8970,3.11,0.17,6.96,2.21,17.24,4.2,2.05,1.93,4.47
8975,3.11,0.17,6.96,2.21,17.24,4.2,2.05,1.93,4.47
8980,3.11,0.17,6.96,2.21,17.24,4.2,2.05,1.93,4.47
8985,3.11,0.17,6.96,2.21,17.24,4.2,2.05,1.93,4.47
8990,3.11,0.17,6.96,2.21,17.24,4.2,2.05,1.93,4.47
8995,3.11,0.17,6.96,2.21,17.24,4.2,2.05,1.93,4.47
9000,2.77,0.17,6.54,2.07,16.69,3.98,1.98,1.47,4.22
9005,2.77,0.17,6.54,2.07,16.69,3.98,1.98,1.47,4.22
9010,2.77,0.17,6.54,2.07,16.69,3.98,1.98,1.47,4.22
9015,2.77,0.17,6.54,2.07,16.69,3.98,1.98,1.47,4.22
9020,2.77,0.17,6.54,2.07,16.69,3.98,1.98,1.47,4.22
9025,2.77,0.17,6.54,2.07,16.69,3.98,1.98,1.47,4.22
9030,2.77,0.17,6.54,2.07,16.69,3.98,1.98,1.47,4.22
9035,2.77,0.17,6.54,2.07,16.69,3.98,1.98,1.47,4.22
9040,2.77,0.17,6.54,2.07,16.69,3.98,1.98,1.47,4.22
9045,2.77,0.17,6.54,2.07,16.69,3.98,1.98,1.47,4.22
9050,2.77,0.17,6.54,2.07,16.69,3.98,1.98,1.47,4.22
9055,2.77,0.17,6.54,2.07,16.69,3.98,1.98,1.47,4.22
9060,2.77,0.17,6.54,2.07,16.69,3.98,1.98,1.47,4.22
9065,2.77,0.17,6.54,2.07,16.69,3.98,1.98,1.47,4.22
9070,2.77,0.17,6.54,2.07,16.69,3.98,1.98,1.47,4.22
9075,2.77,0.17,6.54,2.07,16.69,3.98,1.98,1.47,4.22
9080,2.77,0.17,6.54,2.07,16.69,3.98,1.98,1.47,4.22
9085,2.77,0.17,6.54,2.07,16.69,3.98,1.98,1.47,4.22
