ts,hefei,ningbo,wuhan,wuxi
50,4.31,100.0,90.99,100.0
55,4.31,100.0,90.87,100.0
60,45.65,100.0,90.98,100.0
65,4.31,32.05,90.98,100.0
70,4.31,4.79,90.98,73.78
75,4.31,4.79,90.98,0.61
80,4.31,4.79,90.98,0.61
85,4.31,4.79,90.98,0.61
90,4.31,4.79,90.98,0.61
95,4.31,4.79,90.98,0.61
100,4.31,4.79,90.87,0.61
105,4.31,4.79,90.87,0.61
110,4.31,4.79,90.87,0.61
115,4.31,4.79,90.87,0.61
120,100.0,4.79,90.87,25.6
125,100.0,4.79,90.87,25.6
130,100.0,4.79,90.87,26.21
135,100.0,4.79,90.87,16.24
140,100.0,4.79,90.87,0.61
145,100.0,4.79,90.88,0.61
150,100.0,4.79,91.12,0.61
155,100.0,100.0,90.54,0.61
160,100.0,30.19,89.31,0.61
165,100.0,4.79,89.31,0.61
170,100.0,4.79,89.31,0.61
175,100.0,4.79,89.31,0.61
180,100.0,4.79,89.34,0.61
185,100.0,4.79,89.31,0.61
190,100.0,4.79,89.31,0.61
195,100.0,4.79,89.31,0.61
200,100.0,4.79,89.31,0.61
205,100.0,4.79,89.31,0.61
210,100.0,4.79,89.31,0.61
215,100.0,4.79,89.31,0.61
220,100.0,4.79,89.31,0.61
225,100.0,4.79,89.31,0.61
230,100.0,4.79,89.31,0.61
235,100.0,4.79,89.36,0.61
240,100.0,6.14,89.12,100.0
245,100.0,4.79,89.15,100.0
250,100.0,4.79,89.15,100.0
255,100.0,4.79,89.2,100.0
260,100.0,4.79,89.38,92.15
265,100.0,4.79,89.38,59.3
270,100.0,4.79,89.38,59.3
275,100.0,4.79,89.38,59.3
280,100.0,4.79,89.38,59.3
285,100.0,4.79,89.38,59.3
290,100.0,4.79,89.38,59.3
295,100.0,4.79,89.38,59.3
300,4.31,4.79,90.27,50.74
305,4.31,4.79,90.27,50.74
310,4.31,4.79,90.27,50.74
315,4.31,4.79,90.27,54.71
320,4.31,4.79,90.27,50.74
325,4.31,4.79,90.27,50.74
330,4.31,4.79,90.27,50.74
335,4.31,4.79,90.27,50.74
340,4.31,4.79,90.27,50.74
345,4.31,4.79,90.27,50.74
350,4.31,4.79,90.09,50.74
355,4.31,4.79,90.04,50.74
360,4.31,4.79,90.04,50.74
365,4.31,4.79,90.04,50.74
370,4.31,4.79,90.04,50.74
375,4.31,4.79,90.04,50.74
380,4.31,4.79,90.04,50.74
385,4.31,4.79,90.04,50.74
390,4.31,4.79,90.04,50.74
395,4.31,4.79,89.75,50.74
400,4.31,4.79,89.57,50.74
405,4.31,4.79,89.57,50.74
410,4.31,4.79,89.57,50.74
415,4.31,4.79,89.57,50.74
420,4.31,4.79,89.57,50.74
425,4.31,4.79,89.57,50.74
430,100.0,4.79,89.57,50.74
435,100.0,4.79,89.57,50.74
440,100.0,4.79,89.57,50.74
445,100.0,4.79,89.57,50.74
450,100.0,4.79,89.57,50.74
455,100.0,4.79,89.57,50.74
460,100.0,4.79,89.57,50.74
465,100.0,4.79,89.57,50.74
470,100.0,4.79,89.57,50.74
475,100.0,4.79,89.57,50.74
480,100.0,4.79,89.57,50.74
485,100.0,4.79,89.57,50.74
490,100.0,4.79,89.57,50.74
495,100.0,4.79,89.57,50.74
500,100.0,4.79,89.57,50.74
505,100.0,4.79,89.57,50.74
510,100.0,4.79,89.57,50.74
515,100.0,4.79,89.57,50.74
520,100.0,4.79,89.57,50.74
525,100.0,4.79,89.57,50.74
530,100.0,4.79,89.57,50.74
535,100.0,4.79,89.57,50.74
540,100.0,4.79,89.57,50.74
545,100.0,4.79,89.57,50.74
550,100.0,4.79,89.57,50.74
555,100.0,4.79,89.57,50.74
560,100.0,4.79,89.57,50.74
565,100.0,4.79,89.57,50.74
570,100.0,4.79,89.57,50.74
575,28.12,4.79,89.57,50.74
580,4.31,4.79,89.57,50.74
585,4.31,4.79,89.57,50.74
590,4.31,4.79,89.57,50.74
595,4.31,4.79,89.57,50.74
600,4.31,4.48,89.46,50.24
605,4.31,4.48,89.46,50.24
610,4.31,4.48,89.46,50.24
615,4.31,4.48,89.46,50.24
620,4.31,4.48,89.46,50.24
625,4.31,4.48,89.46,50.24
630,4.31,4.48,89.56,12.07
635,4.31,4.48,75.46,0.58
640,100.0,99.59,10.1,99.96
645,100.0,99.59,10.1,99.96
650,100.0,99.58,10.1,99.96
655,100.0,99.58,10.1,99.96
660,100.0,99.58,10.17,99.96
665,100.0,99.57,10.16,99.96
670,100.0,99.57,10.15,99.96
675,100.0,99.57,10.15,99.96
680,100.0,99.57,10.15,99.96
685,100.0,99.57,10.04,99.96
690,100.0,99.56,10.03,99.96
695,99.99,99.56,10.03,99.96
700,99.99,99.56,10.03,99.96
705,99.99,99.56,10.03,99.96
710,99.99,99.56,10.03,99.96
715,99.99,99.56,10.03,99.96
720,99.99,99.56,10.03,99.96
725,65.0,99.55,10.51,99.96
730,30.29,99.55,10.51,99.96
735,4.31,99.55,10.51,99.96
740,4.31,99.55,10.51,99.96
745,4.31,99.55,10.51,99.96
750,4.31,93.71,10.51,99.96
755,4.31,4.48,10.51,99.96
760,4.31,4.48,10.51,99.96
765,4.31,4.48,10.51,99.96
770,4.31,4.48,10.51,99.96
775,4.31,4.48,10.51,99.96
780,4.31,4.48,10.51,99.96
785,4.31,4.48,10.51,99.96
790,4.31,4.48,10.51,99.96
795,4.31,4.48,10.51,99.96
800,4.31,4.48,10.51,99.96
805,4.31,4.48,10.51,99.96
810,4.31,4.48,10.51,99.96
815,4.31,4.48,10.51,99.96
820,4.31,4.48,10.51,99.96
825,4.31,4.48,10.51,99.96
830,4.31,4.48,10.51,99.96
835,4.31,4.48,10.51,99.96
840,4.31,4.48,10.51,99.96
845,99.99,99.54,10.51,99.96
850,99.99,99.54,10.51,99.96
855,99.99,99.54,10.51,99.96
860,99.99,99.54,10.51,99.96
865,99.99,99.54,10.51,99.96
870,99.99,99.54,10.51,99.96
875,99.99,99.54,10.51,99.96
880,99.99,99.54,10.51,99.96
885,99.99,99.54,10.51,99.96
890,99.99,99.54,10.51,99.96
895,99.99,99.54,10.51,99.96
900,99.99,99.54,10.51,99.96
905,99.99,99.54,10.51,99.96
910,99.99,77.03,10.51,99.96
915,26.41,4.48,10.51,99.96
920,4.31,4.48,10.51,99.96
925,4.31,4.48,10.51,99.96
930,4.31,4.48,10.51,99.96
935,4.31,4.48,10.51,99.96
940,4.31,4.48,10.51,99.96
945,99.99,4.48,10.32,99.96
950,99.99,4.48,9.54,99.96
955,99.99,4.48,9.54,99.96
960,99.99,4.48,9.54,99.96
965,99.99,4.48,9.54,99.96
970,99.99,4.48,9.54,99.96
975,99.99,4.48,9.54,91.91
980,99.99,4.48,9.54,58.79
985,99.99,4.48,9.54,58.79
990,99.99,4.6,8.53,58.79
995,99.99,4.48,7.85,99.96
1000,99.99,4.48,7.85,99.96
1005,66.13,4.48,7.85,99.96
1010,4.31,4.48,7.85,85.1
1015,4.31,4.48,7.85,58.78
1020,4.31,4.48,7.85,58.78
1025,4.31,4.48,7.85,58.78
1030,4.31,4.48,7.85,58.78
1035,4.31,4.48,7.85,58.78
1040,4.31,4.48,7.85,58.78
1045,4.31,4.48,7.85,58.78
1050,4.31,4.48,7.85,58.78
1055,4.31,4.48,7.95,58.78
1060,4.31,4.48,7.95,58.78
1065,4.31,4.48,7.95,58.77
1070,4.31,4.48,7.95,58.77
1075,4.31,4.48,7.95,58.77
1080,4.31,4.48,7.95,58.77
1085,4.31,4.48,7.95,58.77
1090,4.31,4.48,7.95,58.77
1095,4.31,4.48,7.95,58.77
1100,4.31,4.48,7.95,58.77
1105,4.31,4.48,7.95,58.77
1110,4.31,4.48,7.95,58.77
1115,4.31,4.48,7.95,58.77
1120,4.31,4.48,7.95,58.77
1125,4.31,4.48,7.95,58.77
1130,4.31,4.48,7.95,58.77
1135,4.31,4.48,7.95,58.77
1140,4.31,4.48,7.95,58.77
1145,4.31,4.48,7.95,58.77
1150,4.31,4.48,7.95,58.77
1155,4.31,4.48,7.95,58.76
1160,4.31,4.48,7.95,58.76
1165,4.31,4.48,7.95,58.76
1170,4.31,4.48,7.95,58.76
1175,4.31,4.48,7.95,58.76
1180,4.31,4.48,7.95,58.76
1185,4.31,4.48,7.95,58.76
1190,4.31,4.48,7.95,58.76
1195,4.31,4.48,7.95,58.76
1200,4.25,5.88,8.17,58.47
1205,4.25,5.88,8.17,58.46
1210,4.25,5.88,8.17,58.46
1215,4.25,5.88,8.17,58.45
1220,4.25,5.88,8.17,58.45
1225,4.25,5.88,8.17,58.44
1230,4.25,5.88,8.17,58.44
1235,4.25,5.88,8.17,58.43
1240,4.25,5.88,8.17,58.43
1245,4.25,5.88,8.17,58.43
1250,4.25,5.88,8.17,58.42
1255,4.25,5.88,8.17,58.42
1260,4.25,5.88,8.17,58.41
1265,4.25,5.88,8.17,58.41
1270,4.25,5.88,8.17,58.41
1275,4.25,5.88,8.17,58.4
1280,4.25,5.88,8.17,58.4
1285,4.25,5.88,8.17,58.4
1290,4.25,5.88,8.17,58.39
1295,4.25,5.88,8.17,58.39
1300,4.25,5.88,8.17,58.39
1305,4.25,5.88,8.17,58.38
1310,4.25,5.88,8.17,58.38
1315,4.25,5.88,8.17,58.38
1320,4.25,5.88,8.17,58.38
1325,4.25,5.88,8.17,58.37
1330,4.25,5.88,8.17,58.37
1335,4.25,5.88,8.17,58.37
1340,4.25,5.88,8.17,58.37
1345,4.25,5.88,8.17,58.36
1350,4.25,5.88,8.17,58.36
1355,4.25,5.88,8.17,58.36
1360,4.25,5.88,8.17,58.36
1365,4.25,5.88,8.17,58.35
1370,4.25,5.88,8.17,58.35
1375,4.25,5.88,8.17,58.35
1380,4.25,5.88,8.17,58.35
1385,4.25,5.88,8.17,58.34
1390,4.25,5.88,8.17,52.82
1395,4.25,5.88,8.17,45.17
1400,4.25,5.88,8.17,45.17
1405,4.25,5.88,8.17,45.17
1410,4.25,5.88,8.17,45.17
1415,4.25,5.88,8.17,45.16
1420,4.25,5.88,8.17,45.16
1425,4.25,5.88,8.17,45.16
1430,4.25,5.88,8.17,45.16
1435,4.25,5.88,8.17,45.16
1440,4.25,5.88,8.17,45.15
1445,4.25,5.88,8.17,45.15
1450,4.25,5.88,8.17,45.15
1455,4.25,5.88,8.17,45.15
1460,4.25,5.88,8.17,45.15
1465,4.25,5.88,8.17,45.14
1470,4.25,5.88,8.17,45.14
1475,4.25,5.88,8.17,45.14
1480,4.25,5.88,8.17,45.14
1485,4.25,5.88,8.17,45.14
1490,4.25,5.88,8.17,45.14
1495,4.25,5.88,8.17,45.14
1500,4.25,5.88,8.17,45.13
1505,4.3,99.86,8.09,45.13
1510,4.25,99.85,7.81,45.13
1515,4.25,99.84,7.81,45.13
1520,4.25,99.83,7.81,45.13
1525,4.25,99.82,7.81,45.13
1530,4.25,99.81,7.81,45.12
1535,4.25,99.8,7.81,45.12
1540,4.25,99.79,7.81,45.12
1545,4.25,99.78,7.81,45.12
1550,4.25,99.77,7.81,45.12
1555,4.25,99.76,7.81,45.12
1560,4.25,99.75,7.81,45.12
1565,4.25,99.74,7.81,45.11
1570,4.25,99.74,7.81,45.11
1575,4.25,99.73,7.81,45.11
1580,4.25,99.72,7.81,45.11
1585,4.25,99.71,7.81,45.11
1590,4.25,99.7,7.81,45.11
1595,4.25,99.69,7.81,45.11
1600,4.25,99.68,7.81,45.11
1605,4.25,99.67,7.81,45.1
1610,4.25,99.66,7.81,45.1
1615,4.25,99.66,7.81,45.1
1620,4.25,99.65,7.81,45.1
1625,4.25,99.64,7.81,45.1
1630,4.25,99.63,7.81,45.1
1635,4.25,99.62,7.81,45.1
1640,4.25,99.61,7.81,45.1
1645,4.25,99.6,7.81,45.09
1650,4.25,99.6,7.81,45.09
1655,4.25,99.59,7.81,45.09
1660,4.25,99.58,7.81,45.09
1665,66.47,99.57,7.81,51.5
1670,4.25,99.56,7.81,99.9
1675,4.25,99.56,7.81,99.9
1680,4.25,99.55,7.81,99.9
1685,4.25,99.54,7.81,99.9
1690,4.25,99.53,7.81,99.9
1695,4.25,99.53,7.81,99.9
1700,4.25,99.52,7.81,99.9
1705,4.25,99.51,7.81,99.9
1710,4.25,99.5,7.81,99.9
1715,4.25,99.5,7.81,99.9
1720,4.25,99.49,7.81,99.9
1725,4.25,99.48,7.81,99.9
1730,4.25,99.47,7.81,99.9
1735,4.25,99.47,7.81,99.9
1740,4.25,99.46,7.81,99.9
1745,4.25,99.45,7.81,99.9
1750,4.25,99.45,7.81,99.9
1755,4.25,99.44,7.81,99.9
1760,4.25,99.43,7.81,99.9
1765,4.25,99.42,7.81,99.9
1770,4.25,99.42,7.81,99.9
1775,4.25,99.41,7.81,99.9
1780,4.25,99.4,7.81,99.9
1785,4.25,99.4,7.81,99.9
1790,4.25,99.39,7.81,99.9
1795,4.25,99.38,7.81,99.9
1800,4.24,99.3,8.35,99.87
1805,4.24,99.3,8.35,99.87
1810,4.24,99.29,8.35,99.87
1815,4.24,99.28,8.35,99.86
1820,4.24,99.28,8.35,99.86
1825,4.24,99.27,8.35,99.86
1830,4.24,99.27,8.35,99.86
1835,4.24,99.26,8.35,99.86
1840,4.24,99.26,8.35,99.86
1845,4.24,99.25,8.35,99.86
1850,4.24,99.25,8.35,99.86
1855,4.24,99.24,8.35,99.86
1860,4.24,99.23,8.35,99.86
1865,4.24,99.23,8.35,99.86
1870,4.24,99.22,8.35,99.86
1875,4.24,99.22,8.35,99.86
1880,4.24,99.21,8.35,99.86
1885,4.24,99.21,8.35,99.86
1890,4.24,99.2,8.35,99.86
1895,4.24,99.2,8.35,99.86
1900,4.24,99.19,8.35,99.86
1905,4.24,99.19,8.35,99.86
1910,4.24,99.18,8.35,99.86
1915,4.24,99.18,8.35,99.86
1920,4.24,99.17,8.35,99.86
1925,4.24,99.17,8.35,99.86
1930,4.24,99.16,8.35,99.86
1935,4.24,99.16,8.35,99.86
1940,4.24,99.15,8.35,99.86
1945,4.24,99.15,8.35,99.86
1950,4.24,99.14,8.35,99.86
1955,4.24,99.14,8.35,99.86
1960,4.24,99.13,8.35,99.86
1965,4.24,99.13,8.35,99.86
1970,4.24,99.12,8.35,99.85
1975,4.24,99.12,8.35,99.85
1980,4.24,99.11,8.35,99.85
1985,4.24,99.11,8.35,99.85
1990,4.24,99.1,8.35,99.85
1995,4.24,99.1,8.35,99.85
2000,4.24,99.09,8.35,99.85
2005,4.24,99.09,8.35,99.85
2010,4.24,99.08,8.35,99.85
2015,4.24,99.08,8.35,99.85
2020,4.24,99.07,8.35,99.85
2025,4.24,99.07,8.35,99.85
2030,4.24,99.07,8.35,99.85
2035,4.24,99.06,8.35,99.85
2040,4.24,99.06,8.35,99.85
2045,4.24,99.05,8.35,99.85
2050,4.24,99.05,8.35,99.85
2055,4.24,99.04,8.35,99.85
2060,4.24,99.04,8.35,99.85
2065,4.24,99.03,8.35,99.85
2070,4.24,99.03,8.35,99.85
2075,4.24,99.02,8.35,99.85
2080,4.24,99.02,8.35,99.85
2085,4.24,99.02,8.35,99.85
2090,4.24,99.01,8.35,99.85
2095,4.24,99.01,8.34,99.85
2100,4.24,99.0,8.34,99.85
2105,4.24,99.0,8.34,99.85
2110,4.24,98.99,8.34,99.85
2115,4.24,98.99,8.34,99.85
2120,4.24,98.99,8.34,99.85
2125,4.24,98.98,8.34,99.85
2130,4.24,98.98,8.34,99.85
2135,4.24,98.97,8.34,99.85
2140,4.24,98.97,8.34,99.85
2145,4.24,98.96,8.34,99.85
2150,4.24,98.96,8.34,99.85
2155,4.24,98.96,8.34,99.85
2160,4.24,98.95,8.34,99.85
2165,4.24,98.95,8.34,99.85
2170,4.24,78.25,8.34,99.85
2175,4.24,5.81,8.34,99.85
2180,97.78,5.81,8.3,99.85
2185,99.88,5.81,8.33,99.85
2190,99.88,5.81,8.33,99.85
2195,99.88,5.81,8.33,99.85
2200,99.88,5.81,8.33,99.84
2205,99.88,5.81,8.33,99.84
2210,99.88,5.81,8.33,99.84
2215,99.88,5.81,8.33,99.84
2220,99.88,5.81,8.33,99.84
2225,99.88,5.81,8.33,99.84
2230,99.88,5.81,8.33,99.84
2235,99.88,5.81,8.33,99.84
2240,99.88,5.81,8.33,99.84
2245,99.88,5.81,8.33,99.84
2250,99.88,5.81,8.31,99.84
2255,99.88,5.81,8.24,99.84
2260,99.88,5.81,8.33,99.84
2265,99.88,5.81,8.33,99.84
2270,99.88,5.81,8.33,99.84
2275,99.88,5.81,8.33,99.84
2280,99.88,5.81,8.33,99.84
2285,99.88,5.81,8.33,99.84
2290,99.88,5.81,8.33,99.84
2295,99.88,5.81,8.33,99.84
2300,99.88,5.81,8.33,99.84
2305,99.88,5.81,8.33,99.84
2310,99.88,5.81,8.33,99.84
2315,99.88,5.81,8.33,99.84
2320,99.88,5.81,8.33,99.84
2325,99.88,5.81,8.33,99.84
2330,99.88,5.81,8.33,99.84
2335,99.88,5.81,8.33,99.84
2340,99.88,5.81,8.33,99.84
2345,99.88,98.81,8.33,99.84
2350,99.88,98.81,8.33,99.84
2355,99.88,98.8,8.33,99.84
2360,99.88,98.8,8.33,99.84
2365,99.88,98.8,8.33,99.84
2370,99.88,98.79,8.33,99.84
2375,99.88,98.79,8.33,99.84
2380,99.88,98.79,8.33,99.84
2385,99.88,98.78,8.44,99.84
2390,99.88,98.78,8.34,99.84
2395,99.88,98.77,8.33,99.84
2400,99.84,98.58,8.72,99.81
2405,99.84,98.58,8.72,99.81
2410,99.84,98.58,8.72,99.81
2415,99.84,98.57,8.72,99.81
2420,99.84,98.57,8.72,99.81
2425,99.84,98.57,8.72,99.81
2430,99.84,98.57,8.72,99.81
2435,99.84,98.56,8.72,99.81
2440,99.84,98.56,8.72,99.81
2445,99.84,98.56,8.72,99.8
2450,99.84,98.56,8.72,99.8
2455,99.84,98.56,8.72,99.8
2460,99.84,98.55,8.72,99.8
2465,99.84,98.55,8.72,99.8
2470,99.84,98.55,8.72,99.8
2475,99.84,98.55,8.72,99.8
2480,99.84,98.55,8.72,99.8
2485,99.84,98.54,8.72,99.8
2490,99.84,98.54,8.72,99.8
2495,99.84,98.54,8.72,99.8
2500,99.84,98.54,8.72,99.8
2505,99.84,98.54,8.72,99.8
2510,99.84,98.54,8.72,99.8
2515,99.84,98.54,8.72,99.8
2520,99.84,98.54,8.72,99.8
2525,99.84,98.54,8.72,99.8
2530,99.84,98.54,8.72,99.8
2535,99.84,98.54,8.72,99.8
2540,99.84,98.54,8.72,99.8
2545,99.84,98.54,8.72,99.8
2550,99.84,98.54,8.72,99.8
2555,99.84,98.54,8.72,99.8
2560,99.84,98.54,8.72,99.8
2565,99.84,98.54,8.72,99.8
2570,99.84,98.54,8.72,99.8
2575,99.84,98.54,8.72,99.8
2580,99.84,98.55,8.72,99.8
2585,99.84,98.55,8.63,99.8
2590,99.84,98.55,8.62,99.8
2595,99.84,98.55,8.62,99.8
2600,99.83,98.55,8.62,99.8
2605,99.83,98.55,8.62,99.8
2610,99.83,98.55,8.62,99.8
2615,99.83,98.55,8.62,99.8
2620,99.83,98.55,8.62,99.8
2625,99.83,98.55,8.62,99.8
2630,99.83,98.55,8.62,99.8
2635,99.83,98.55,8.62,99.8
2640,99.83,98.55,8.62,99.8
2645,99.83,98.55,8.62,99.8
2650,99.83,98.55,8.62,99.8
2655,99.83,98.55,8.62,99.8
2660,99.83,98.55,8.62,99.8
2665,99.83,98.55,8.62,99.8
2670,99.83,98.55,8.62,99.8
2675,99.83,98.55,8.62,99.8
2680,99.83,98.55,8.62,99.8
2685,99.83,98.56,8.62,99.8
2690,99.83,98.56,8.62,99.8
2695,99.83,98.56,8.62,99.8
2700,99.83,98.56,8.62,99.8
2705,99.83,98.56,8.62,99.8
2710,99.83,98.56,8.62,99.8
2715,99.83,98.56,8.62,99.8
2720,99.83,98.56,8.62,99.8
2725,99.83,98.56,8.62,99.8
2730,99.83,98.56,8.62,99.8
2735,99.83,98.56,8.62,99.8
2740,99.83,98.56,8.62,99.8
2745,99.83,98.56,8.62,99.8
2750,99.83,98.56,8.62,99.8
2755,99.83,98.56,8.62,99.8
2760,99.83,98.56,8.62,99.8
2765,99.83,98.56,8.62,99.8
2770,99.83,98.56,8.62,99.8
2775,99.83,98.56,8.62,99.79
2780,99.83,98.56,8.62,99.79
2785,99.83,98.57,8.62,99.79
2790,99.83,98.57,8.85,99.79
2795,99.83,98.57,8.85,99.79
2800,99.83,98.57,8.85,99.79
2805,99.83,98.57,8.85,99.79
2810,99.83,98.57,8.85,99.79
2815,99.83,98.57,8.85,99.79
2820,99.83,98.57,8.85,99.79
2825,99.83,98.57,8.85,99.79
2830,99.83,98.57,8.85,99.79
2835,99.83,98.57,8.85,99.79
2840,99.83,98.57,8.85,99.79
2845,99.83,98.57,8.85,99.79
2850,99.83,98.57,8.85,99.79
2855,99.83,98.57,8.85,99.79
2860,99.83,98.57,8.85,99.79
2865,99.83,98.57,8.85,99.79
2870,99.83,98.57,8.85,99.79
2875,99.83,98.57,8.85,99.79
2880,99.83,98.58,8.85,99.79
2885,99.83,98.58,8.85,99.79
2890,99.83,98.58,8.85,99.79
2895,99.83,98.58,8.85,99.79
2900,99.83,98.58,8.85,99.79
2905,99.83,98.58,8.85,99.79
2910,99.83,98.58,8.85,99.79
2915,99.83,98.58,8.85,99.79
2920,99.83,98.58,8.85,99.79
2925,99.83,98.58,9.23,99.79
2930,99.83,98.58,9.83,99.79
2935,99.83,98.58,9.83,99.79
2940,99.83,98.58,9.83,99.79
2945,99.83,98.58,9.83,99.79
2950,99.83,98.58,8.93,99.79
2955,99.83,98.58,8.85,99.79
2960,99.83,98.58,8.85,99.79
2965,99.83,98.58,8.85,99.79
2970,99.83,98.58,8.85,99.79
2975,99.83,98.59,8.85,99.79
2980,99.83,98.59,8.85,99.79
2985,99.83,98.59,8.85,99.79
2990,99.83,98.59,8.85,99.79
2995,99.83,98.59,8.85,99.79
3000,99.84,98.21,8.62,99.76
3005,99.84,98.21,8.62,99.76
3010,99.84,98.22,8.62,99.76
3015,99.85,98.22,8.62,99.76
3020,99.85,98.22,8.62,99.76
3025,99.85,98.22,8.62,99.75
3030,99.85,98.22,8.62,99.75
3035,99.85,98.22,8.39,99.75
3040,99.85,98.22,8.39,99.75
3045,99.85,98.23,8.39,99.75
3050,99.85,98.23,8.39,99.75
3055,99.85,98.23,8.39,99.75
3060,99.85,98.23,8.39,99.75
3065,99.85,98.23,8.39,99.75
3070,99.85,98.23,8.39,99.75
3075,99.85,98.24,8.39,99.75
3080,99.85,98.24,8.39,99.75
3085,99.85,98.24,8.39,99.75
3090,99.85,98.24,8.39,99.75
3095,99.85,98.24,8.39,99.75
3100,99.85,98.24,8.39,99.75
3105,99.85,98.24,8.39,99.75
3110,99.85,98.25,8.39,99.75
3115,99.85,98.25,8.39,99.75
3120,99.85,98.25,8.39,99.75
3125,99.85,98.25,8.39,99.75
3130,99.85,98.25,8.39,99.75
3135,99.85,98.25,8.39,99.75
3140,99.85,98.25,8.39,99.75
3145,99.85,98.26,8.39,99.75
3150,99.85,98.26,8.45,99.75
3155,99.85,98.26,8.62,99.75
3160,99.85,98.26,8.62,99.75
3165,99.85,98.26,8.62,99.75
3170,99.85,98.26,8.62,99.75
3175,99.85,98.26,8.62,99.75
3180,99.85,98.27,8.62,99.75
3185,99.85,98.27,8.62,99.75
3190,99.85,98.27,8.62,99.75
3195,99.85,98.27,8.62,99.75
3200,99.85,98.27,8.62,99.75
3205,99.85,98.27,8.62,99.75
3210,99.85,98.27,8.62,99.75
3215,99.85,98.28,8.62,99.75
3220,99.85,98.28,8.62,99.75
3225,99.85,98.28,8.62,99.75
3230,99.85,98.28,8.62,99.75
3235,99.85,98.28,8.62,99.75
3240,99.85,98.28,8.62,99.75
3245,99.85,98.28,8.62,99.75
3250,99.85,98.28,8.62,99.75
3255,99.85,98.29,8.62,99.75
3260,99.85,98.29,8.62,99.75
3265,99.85,98.29,8.62,99.75
3270,99.85,98.29,8.62,99.75
3275,99.85,98.29,8.62,99.75
3280,99.85,98.29,8.62,99.75
3285,99.85,98.29,8.62,99.75
3290,99.85,98.3,8.62,99.75
3295,99.85,98.3,8.62,99.75
3300,99.85,98.3,8.62,99.75
3305,99.85,98.3,8.62,99.75
3310,99.85,98.3,8.62,99.75
3315,99.85,98.3,8.62,99.75
3320,99.85,98.3,8.62,99.74
3325,99.85,98.3,8.62,99.74
3330,99.85,98.31,8.62,99.74
3335,99.85,98.31,8.62,99.74
3340,99.85,98.31,8.62,99.74
3345,99.85,98.31,8.62,99.74
3350,99.85,98.31,8.62,99.74
3355,99.85,98.31,8.62,99.74
3360,99.85,98.31,8.62,99.74
3365,99.85,98.31,8.62,99.74
3370,99.85,98.32,8.62,99.74
3375,99.85,98.32,8.62,99.74
3380,99.85,98.32,8.62,99.74
3385,99.85,98.32,8.62,99.74
3390,99.85,98.32,8.62,99.74
3395,99.85,98.32,8.62,99.74
3400,99.85,98.32,8.62,99.74
3405,99.85,98.33,8.62,99.74
3410,99.85,98.33,8.62,99.74
3415,99.85,98.33,8.62,99.74
3420,99.85,98.33,8.62,99.74
3425,99.85,98.33,8.62,99.74
3430,99.85,98.33,8.62,99.74
3435,99.85,98.33,8.62,99.74
3440,99.85,98.33,8.62,99.74
3445,99.85,98.34,8.62,99.74
3450,99.85,98.34,8.62,99.74
3455,99.85,98.34,8.62,99.74
3460,99.85,98.34,8.62,99.74
3465,99.85,98.34,8.61,99.74
3470,99.85,98.34,8.61,99.74
3475,99.85,98.34,8.61,99.74
3480,99.85,98.34,8.61,99.74
3485,99.85,98.34,6.76,99.74
3490,99.85,98.35,6.76,99.74
3495,99.85,98.35,6.76,99.74
3500,99.85,98.35,6.76,99.74
3505,99.85,98.35,6.76,99.74
3510,99.85,98.35,6.76,99.74
3515,99.85,98.35,6.76,99.74
3520,99.85,98.35,6.76,99.74
3525,99.85,98.35,6.76,99.74
3530,99.85,98.36,6.76,99.74
3535,99.85,98.36,6.76,99.74
3540,99.85,98.36,6.76,99.74
3545,99.85,98.36,6.76,99.74
3550,99.85,98.36,6.76,99.74
3555,99.85,98.36,6.76,99.74
3560,99.85,98.36,6.76,99.74
3565,99.85,98.36,6.76,99.74
3570,99.85,98.37,6.76,99.74
3575,99.85,98.37,6.76,99.74
3580,99.85,98.37,6.76,99.74
3585,99.85,98.37,6.76,99.74
3590,99.85,98.37,6.76,99.74
3595,99.85,98.37,6.76,99.74
3600,99.73,98.05,6.36,99.71
3605,99.73,98.05,6.18,99.71
3610,99.73,98.05,6.18,99.71
3615,99.73,98.05,6.18,99.71
3620,99.72,98.05,6.18,99.71
3625,99.72,98.05,6.18,99.71
3630,99.72,98.05,6.18,99.71
3635,99.72,98.05,6.18,99.71
3640,99.72,98.05,6.18,99.71
3645,99.72,98.05,6.18,99.71
3650,99.72,98.06,6.18,99.71
3655,99.72,98.06,6.18,99.71
3660,99.72,98.06,6.18,99.71
3665,99.72,98.06,6.18,99.71
3670,99.72,98.06,6.18,99.71
3675,99.71,98.06,6.18,99.71
3680,99.71,98.06,6.18,99.71
3685,99.71,98.06,6.18,99.71
3690,99.71,98.06,6.18,99.71
3695,99.71,98.07,6.18,99.71
3700,99.71,98.07,6.18,99.71
3705,99.71,98.07,6.18,99.71
3710,99.71,98.07,6.18,99.71
3715,99.71,98.07,6.18,99.71
3720,99.71,98.07,6.18,99.71
3725,99.71,98.07,6.18,99.71
3730,99.71,98.07,6.18,99.7
3735,99.71,98.07,6.18,99.7
3740,99.71,98.07,6.18,99.7
3745,99.7,98.08,6.18,99.7
3750,99.7,98.08,6.18,99.7
3755,99.7,98.08,6.18,99.7
3760,99.7,98.08,6.18,99.7
3765,99.7,98.08,6.18,99.7
3770,99.7,98.08,6.18,99.7
3775,99.7,98.08,6.18,99.7
3780,99.7,98.08,6.18,99.7
3785,99.7,98.08,6.18,99.7
3790,99.7,98.08,6.18,99.7
3795,99.7,98.09,6.18,99.7
3800,99.7,98.09,6.18,99.7
3805,99.7,98.09,6.18,99.7
3810,99.7,98.09,6.18,99.7
3815,99.7,98.09,6.18,99.7
3820,99.7,98.09,6.18,99.7
3825,99.7,98.09,6.18,99.7
3830,99.69,98.09,6.18,99.7
3835,99.69,98.09,6.18,99.7
3840,99.69,98.09,6.18,99.7
3845,99.69,98.09,6.18,99.7
3850,99.69,98.1,6.18,99.7
3855,99.69,98.1,6.18,99.7
3860,99.69,98.1,6.18,99.7
3865,99.69,98.1,6.18,99.7
3870,99.69,98.1,6.18,99.7
3875,99.69,98.1,6.18,99.7
3880,99.69,98.1,6.18,99.7
3885,99.69,98.1,6.18,99.7
3890,99.69,98.1,6.18,99.7
3895,99.69,98.1,6.18,99.7
3900,99.69,98.11,6.18,99.7
3905,99.69,98.11,6.18,99.7
3910,99.69,98.11,6.18,99.7
3915,99.69,98.11,6.18,99.7
3920,99.69,98.11,6.18,99.7
3925,99.69,98.11,6.18,99.7
3930,99.69,98.11,6.18,99.7
3935,99.69,98.11,6.18,99.7
3940,99.68,98.11,6.18,99.7
3945,99.68,98.11,6.18,99.7
3950,99.68,98.12,6.18,99.7
3955,99.68,98.12,6.18,99.7
3960,99.68,98.12,6.18,99.7
3965,99.68,98.12,6.18,99.7
3970,99.68,98.12,6.18,99.7
3975,99.68,98.12,6.18,99.7
3980,99.68,98.12,6.18,99.7
3985,99.68,98.12,6.18,99.7
3990,99.68,98.12,6.18,99.7
3995,99.68,98.12,6.18,99.7
4000,99.68,98.12,6.18,99.7
4005,99.68,98.13,6.18,99.7
4010,99.68,98.13,6.18,99.7
4015,99.68,98.13,6.18,99.7
4020,99.68,98.13,6.18,99.7
4025,99.68,98.13,6.18,99.7
4030,99.68,98.13,6.18,99.7
4035,99.68,98.13,6.18,99.7
4040,99.68,98.13,6.18,99.7
4045,99.68,98.13,6.18,99.7
4050,99.68,98.13,6.18,99.7
4055,99.68,98.13,6.18,99.7
4060,99.68,98.14,6.18,99.7
4065,99.68,98.14,6.18,99.7
4070,99.68,98.14,6.18,99.7
4075,99.68,98.14,6.18,99.7
4080,99.68,98.14,6.18,99.7
4085,53.79,98.14,6.3,99.7
4090,53.8,98.14,6.3,99.7
4095,53.81,98.14,6.3,99.7
4100,53.81,98.14,6.3,99.7
4105,53.82,98.14,6.3,99.7
4110,53.82,98.14,6.3,99.7
4115,53.83,98.15,6.3,99.7
4120,53.83,98.15,6.3,99.7
4125,53.84,98.15,6.3,99.7
4130,53.85,98.15,6.3,99.7
4135,53.85,98.15,6.3,99.7
4140,53.86,98.15,6.3,99.7
4145,53.86,98.15,6.3,99.7
4150,53.87,98.15,6.3,99.7
4155,53.88,98.15,6.3,99.7
4160,53.88,98.15,6.3,99.7
4165,53.89,98.16,6.3,99.7
4170,53.89,98.16,6.3,99.7
4175,53.9,98.16,6.25,99.7
4180,53.9,98.16,6.06,99.7
4185,53.91,98.16,6.06,99.7
4190,53.92,98.16,6.06,99.7
4195,53.92,98.16,6.06,99.7
4200,54.98,97.85,5.65,99.66
4205,54.97,97.85,5.65,99.66
4210,54.95,97.85,5.65,99.66
4215,54.94,97.85,5.65,99.66
4220,54.92,97.85,5.65,99.66
4225,54.91,97.85,5.65,99.66
4230,54.89,97.85,5.65,99.66
4235,54.88,97.85,5.65,99.66
4240,54.86,97.85,5.65,99.66
4245,54.85,97.85,5.65,99.66
4250,54.83,97.86,5.65,99.66
4255,54.82,97.86,5.65,99.66
4260,54.81,97.86,5.65,99.66
4265,54.79,97.86,5.65,99.66
4270,54.78,97.86,5.65,99.66
4275,54.77,97.86,5.65,99.66
4280,54.75,97.86,5.65,99.66
4285,54.74,97.86,5.65,99.66
4290,54.73,97.86,5.65,99.66
4295,54.72,97.86,5.65,99.66
4300,54.7,97.86,5.65,99.66
4305,54.69,97.86,5.65,99.65
4310,54.68,97.86,5.65,99.65
4315,54.67,97.86,5.65,99.65
4320,54.66,97.86,5.65,99.65
4325,54.64,97.86,5.65,99.65
4330,54.63,97.86,5.65,99.65
4335,54.62,97.86,5.65,99.65
4340,54.61,97.86,5.65,99.65
4345,54.6,97.86,5.65,99.65
4350,54.59,97.86,5.65,99.65
4355,54.58,97.86,5.65,99.65
4360,54.57,97.86,5.65,99.65
4365,54.56,97.86,5.65,99.65
4370,54.55,97.86,5.65,99.65
4375,54.54,97.86,5.65,99.65
4380,54.53,97.86,5.65,99.65
4385,54.52,97.86,5.65,99.65
4390,54.51,97.86,5.65,99.65
4395,54.5,97.86,5.65,99.65
4400,54.49,97.86,5.65,99.65
4405,54.48,97.86,5.65,99.65
4410,54.47,97.86,5.65,99.65
4415,54.46,97.86,5.65,99.65
4420,54.45,97.86,5.65,99.65
4425,54.44,97.86,5.65,99.65
4430,54.43,97.87,5.65,99.65
4435,54.43,97.87,5.65,99.65
4440,54.42,97.87,5.65,99.65
4445,54.41,97.87,5.65,99.65
4450,54.4,97.87,5.65,99.65
4455,54.39,97.87,5.65,99.65
4460,54.39,97.87,5.65,99.65
4465,54.39,97.87,5.65,99.65
4470,54.4,97.87,5.65,99.65
4475,54.42,97.87,5.65,99.65
4480,54.43,97.87,5.65,99.65
4485,54.44,97.87,5.65,99.65
4490,54.45,97.87,5.65,99.65
4495,54.47,97.87,5.65,99.65
4500,54.48,97.87,5.65,99.65
4505,54.49,97.87,5.65,99.65
4510,54.5,97.87,5.65,99.65
4515,54.51,97.87,5.65,99.65
4520,54.53,97.87,5.65,99.65
4525,54.54,97.87,5.65,99.65
4530,54.55,97.87,5.65,99.65
4535,54.56,97.87,5.65,99.65
4540,54.58,97.87,5.65,99.65
4545,54.59,97.87,5.65,99.65
4550,54.6,97.87,5.65,99.65
4555,73.39,97.87,5.65,99.65
4560,99.14,97.87,5.65,99.65
4565,3.76,97.87,5.65,99.65
4570,3.76,97.87,5.65,99.65
4575,3.76,97.88,5.65,99.65
4580,3.76,97.88,5.65,99.65
4585,3.76,97.88,5.65,99.65
4590,3.76,97.88,5.65,99.65
4595,3.76,97.88,5.65,99.65
4600,3.76,97.88,5.65,99.65
4605,3.76,97.88,5.65,99.65
4610,3.76,97.88,5.65,99.65
4615,3.76,97.88,5.65,99.65
4620,3.76,97.88,5.65,99.65
4625,3.76,97.88,5.65,99.65
4630,3.76,97.88,5.65,99.65
4635,3.76,97.88,5.65,99.65
4640,3.76,97.88,5.65,99.65
4645,3.76,97.88,5.65,99.65
4650,3.76,97.88,5.65,99.65
4655,3.76,97.88,5.65,99.65
4660,3.76,97.88,5.65,99.65
4665,3.76,97.88,5.65,99.65
4670,3.76,97.88,5.65,99.65
4675,3.76,97.88,5.65,99.65
4680,3.76,97.88,5.65,99.65
4685,3.76,97.88,5.65,99.65
4690,3.76,97.88,5.65,99.65
4695,3.76,97.88,5.65,99.65
4700,3.76,97.89,5.65,99.65
4705,3.76,97.89,5.65,99.65
4710,3.76,97.89,5.65,99.65
4715,3.76,97.89,5.65,99.65
4720,3.76,97.89,5.65,99.65
4725,3.76,97.89,5.65,99.65
4730,3.76,97.89,5.65,99.65
4735,3.76,97.89,5.65,99.65
4740,3.76,97.89,5.65,99.65
4745,3.76,97.89,5.65,99.65
4750,3.76,97.89,5.65,99.65
4755,3.76,97.89,5.65,99.65
4760,3.76,97.89,5.65,99.65
4765,3.76,97.89,5.65,99.65
4770,3.76,97.89,5.65,99.65
4775,3.76,97.89,5.65,99.64
4780,3.76,97.89,5.65,99.64
4785,3.76,97.89,5.65,99.64
4790,3.76,97.89,5.65,99.64
4795,3.76,97.89,5.65,99.64
4800,3.43,97.54,5.25,99.61
4805,3.43,97.53,5.25,99.61
4810,3.43,97.53,5.25,99.61
4815,3.43,97.53,5.25,99.61
4820,3.43,97.53,5.25,99.61
4825,3.43,97.53,5.25,99.61
4830,3.43,97.53,5.25,99.61
4835,3.43,97.53,5.25,99.61
4840,3.43,97.53,5.25,99.61
4845,3.43,97.53,5.25,99.61
4850,3.43,97.53,5.25,99.61
4855,3.43,97.53,5.25,99.61
4860,3.43,97.53,5.25,99.61
4865,3.43,97.53,5.25,99.61
4870,3.43,97.53,5.25,99.61
4875,3.43,97.52,5.25,99.61
4880,3.43,97.52,5.25,99.61
4885,3.43,97.52,5.25,99.61
4890,3.43,97.52,5.25,99.61
4895,3.43,97.52,5.25,99.61
4900,3.43,97.52,5.25,99.61
4905,3.43,97.52,5.25,99.61
4910,3.43,97.52,5.25,99.61
4915,3.43,97.52,5.25,99.61
4920,3.43,97.52,5.25,99.61
4925,3.43,4.25,5.25,48.38
4930,3.43,4.25,5.25,48.37
4935,3.43,4.25,5.25,48.37
4940,3.43,4.25,5.25,48.37
4945,3.43,4.25,5.25,48.36
4950,3.43,4.25,5.25,48.36
4955,3.43,4.25,5.25,48.36
4960,3.43,4.25,5.25,48.36
4965,3.43,4.25,5.25,48.35
4970,3.43,4.25,5.25,48.35
4975,3.43,4.25,5.25,48.35
4980,3.43,4.25,5.25,48.35
4985,3.43,4.25,5.25,48.34
4990,3.43,4.25,5.25,48.34
4995,3.43,4.25,5.25,48.34
5000,3.43,4.25,5.25,48.33
5005,3.43,4.25,5.25,48.33
5010,3.43,4.25,5.25,48.33
5015,3.43,4.25,5.25,48.33
5020,3.43,4.25,5.25,48.32
5025,3.43,4.25,5.25,48.32
5030,3.43,4.25,5.25,48.32
5035,3.43,4.25,5.25,48.32
5040,3.43,4.25,5.25,48.32
5045,3.43,4.25,5.25,48.31
5050,3.43,4.25,5.25,48.31
5055,3.43,4.25,5.25,48.31
5060,3.43,4.25,5.25,48.31
5065,3.43,4.25,5.25,48.3
5070,3.43,4.25,5.25,48.3
5075,3.43,4.25,5.25,48.3
5080,3.43,4.25,5.25,48.3
5085,3.43,4.25,5.25,48.29
5090,3.43,4.25,5.25,48.29
5095,3.43,4.25,5.25,48.29
5100,3.43,4.25,5.25,48.29
5105,3.43,4.25,5.25,48.29
5110,3.43,4.25,5.25,48.28
5115,3.43,4.25,5.25,48.28
5120,3.43,4.25,5.25,48.28
5125,3.43,4.25,5.25,48.28
5130,3.43,4.25,5.25,48.28
5135,3.43,4.25,5.25,48.27
5140,3.43,4.25,5.25,48.27
5145,3.43,4.25,5.25,48.27
5150,3.43,4.25,5.25,48.27
5155,3.43,4.25,5.25,48.27
5160,3.43,4.25,5.25,48.26
5165,3.43,4.25,5.15,48.26
5170,3.43,4.25,5.15,48.26
5175,3.43,4.25,5.15,48.26
5180,3.43,4.25,5.15,48.26
5185,3.43,4.25,5.15,48.25
5190,3.43,4.25,5.15,48.25
5195,3.43,4.25,5.15,48.25
5200,3.43,4.25,5.15,48.25
5205,3.43,4.25,5.15,48.25
5210,3.43,4.25,5.15,48.25
5215,3.43,4.25,5.15,48.24
5220,3.43,4.25,5.15,48.24
5225,3.43,4.25,5.15,48.24
5230,3.43,4.25,5.15,48.24
5235,3.43,4.25,5.15,48.24
5240,3.43,4.25,5.15,48.24
5245,3.43,4.25,5.15,48.23
5250,3.43,4.25,5.15,48.23
5255,3.43,4.25,5.15,48.23
5260,3.43,4.25,5.15,48.23
5265,3.43,4.25,5.15,48.23
5270,3.43,4.25,5.15,48.23
5275,3.43,4.25,5.15,48.22
5280,3.43,4.25,5.15,48.22
5285,3.43,4.25,5.15,48.22
5290,3.43,4.25,5.15,48.22
5295,3.43,4.25,5.15,48.22
5300,3.43,4.25,5.15,48.22
5305,3.43,4.25,5.15,48.22
5310,3.43,4.25,5.15,48.21
5315,3.43,4.25,5.15,48.21
5320,3.43,4.25,5.15,48.21
5325,3.43,4.25,5.15,48.21
5330,3.43,4.25,5.15,48.21
5335,3.43,97.49,5.15,39.09
5340,3.43,97.49,5.15,0.33
5345,3.43,97.49,5.15,0.33
5350,3.43,97.49,5.15,0.33
5355,3.43,97.49,5.15,0.33
5360,3.43,97.49,5.15,0.33
5365,3.43,97.49,5.15,0.33
5370,3.43,97.49,5.15,0.33
5375,3.43,97.49,5.15,0.33
5380,3.43,97.49,5.15,0.33
5385,3.43,97.49,5.15,0.33
5390,3.43,97.49,5.15,0.33
5395,3.43,97.49,5.15,0.33
5400,3.06,97.15,4.69,0.3
5405,3.06,3.91,4.69,0.3
5410,3.06,3.91,4.69,0.3
5415,3.06,3.91,4.69,0.3
5420,3.06,3.91,4.69,0.3
5425,3.06,3.91,4.69,0.3
5430,3.06,3.91,4.69,0.3
5435,3.06,3.91,4.69,0.3
5440,3.06,3.91,4.69,0.3
5445,3.06,3.91,4.69,0.3
5450,3.06,3.91,4.69,0.3
5455,3.06,3.91,4.69,0.3
5460,3.06,3.91,4.69,0.3
5465,3.06,3.91,4.69,0.3
5470,3.06,3.91,4.69,0.3
5475,3.06,3.91,4.69,0.3
5480,3.06,3.91,4.69,0.3
5485,3.06,3.91,4.69,0.3
5490,3.06,3.91,4.69,0.3
5495,3.06,3.91,4.69,0.3
5500,3.06,3.91,4.69,0.3
5505,3.06,3.91,4.69,0.3
5510,3.06,3.91,4.69,0.3
5515,3.06,3.91,4.69,0.3
5520,3.06,3.91,4.69,0.3
5525,3.06,3.91,4.69,0.3
5530,3.06,3.91,4.69,0.3
5535,3.06,3.91,4.69,0.3
5540,3.06,3.91,4.69,0.3
5545,3.06,3.91,4.69,0.3
5550,3.06,3.91,4.69,0.3
5555,3.06,3.91,4.69,0.3
5560,3.06,3.91,4.69,0.3
5565,3.06,3.91,4.69,0.3
5570,3.06,3.91,4.69,0.3
5575,3.06,3.91,4.69,0.3
5580,3.06,3.91,4.69,0.3
5585,3.06,3.91,4.69,0.3
5590,3.06,3.91,4.69,0.3
5595,3.06,3.91,4.69,0.3
5600,3.06,3.91,4.69,0.3
5605,3.06,3.91,4.69,0.3
5610,3.06,3.91,4.69,0.3
5615,3.06,3.91,4.69,0.3
5620,3.06,3.91,4.69,0.3
5625,3.06,3.91,4.69,0.3
5630,3.06,3.91,4.69,0.3
5635,3.06,3.91,4.69,0.3
5640,3.06,3.91,4.69,0.3
5645,3.06,3.91,4.69,0.3
5650,3.06,3.91,4.69,0.3
5655,3.06,3.91,4.69,0.3
5660,3.06,3.91,4.69,0.3
5665,3.06,3.91,4.69,0.3
5670,3.06,3.91,4.69,0.3
5675,3.06,3.91,4.69,0.3
5680,3.06,3.91,4.69,0.3
5685,3.06,3.91,4.69,0.3
5690,3.06,3.91,4.69,0.3
5695,3.06,3.91,4.69,0.3
5700,3.06,3.91,4.69,0.3
5705,3.06,3.91,4.69,0.3
5710,3.06,3.91,4.69,0.3
5715,3.06,3.91,4.69,0.3
5720,3.06,3.91,4.69,0.3
5725,3.06,3.91,4.69,0.3
5730,3.06,3.91,4.69,0.3
5735,3.06,3.91,4.69,0.3
5740,3.06,3.91,4.69,0.3
5745,3.06,3.91,4.69,0.3
5750,3.06,3.91,4.69,0.3
5755,3.06,3.91,4.69,0.3
5760,3.06,3.91,4.69,0.3
5765,3.06,3.91,4.69,0.3
5770,3.06,3.91,4.69,0.3
5775,3.06,3.91,4.69,0.3
5780,3.06,3.91,4.69,0.3
5785,3.06,3.91,4.69,0.3
5790,3.06,3.91,4.69,0.3
5795,3.06,3.91,4.69,0.3
5800,3.06,3.91,4.69,0.3
5805,3.06,3.91,4.69,0.3
5810,3.06,3.91,4.69,0.3
5815,3.06,3.91,4.69,0.3
5820,3.06,3.91,4.69,0.3
5825,3.06,3.91,4.69,0.3
5830,3.06,3.91,4.69,0.3
5835,3.06,3.91,4.69,0.3
5840,3.06,3.91,4.69,0.3
5845,3.06,3.91,4.69,0.3
5850,3.06,3.91,4.69,0.3
5855,3.06,3.91,4.69,0.3
5860,3.06,3.91,4.69,0.3
5865,3.06,3.91,4.69,0.3
5870,3.06,3.91,4.69,0.3
5875,3.06,3.91,4.69,0.3
5880,3.06,3.91,4.69,0.3
5885,3.06,3.91,4.69,0.3
5890,3.06,3.91,4.69,0.3
5895,3.06,3.91,4.69,0.3
5900,3.06,3.91,4.69,0.3
5905,3.06,3.91,4.69,0.3
5910,3.06,3.91,4.69,0.3
5915,3.06,3.91,4.69,0.3
5920,3.06,3.91,4.69,0.3
5925,3.06,3.91,4.69,0.3
5930,3.06,3.91,4.69,0.3
5935,3.06,3.91,4.69,0.3
5940,3.06,3.91,4.69,0.3
5945,3.06,3.91,4.69,0.3
5950,3.06,3.91,4.69,0.3
5955,3.06,3.91,4.69,0.3
5960,3.06,3.91,4.69,0.3
5965,3.06,3.91,4.69,0.3
5970,3.06,3.91,4.69,0.3
5975,3.06,3.91,4.69,0.3
5980,3.06,3.91,4.69,0.3
5985,3.06,3.91,4.69,0.3
5990,3.06,3.91,4.69,0.3
5995,3.06,3.91,4.69,0.3
6000,2.75,4.19,4.16,0.29
6005,2.75,4.19,4.16,0.29
6010,2.75,4.19,4.16,0.29
6015,2.75,4.19,4.16,0.29
6020,2.75,4.19,4.16,0.29
6025,2.75,4.19,4.16,0.29
6030,2.75,4.19,4.16,0.29
6035,2.75,4.19,4.16,0.29
6040,2.75,4.19,4.16,0.29
6045,2.75,4.19,4.16,0.29
6050,2.75,4.19,4.16,0.29
6055,2.75,4.19,4.16,0.29
6060,2.75,4.19,4.16,0.29
6065,2.75,4.19,4.16,0.29
6070,2.75,4.19,4.16,0.29
6075,2.75,4.19,4.16,0.29
6080,2.75,4.19,4.16,0.29
6085,2.75,4.19,4.16,0.29
6090,2.75,4.19,4.16,0.29
6095,2.75,4.19,4.16,0.29
6100,2.75,4.19,4.16,0.29
6105,2.75,4.19,4.16,0.29
6110,2.75,4.19,4.16,0.29
6115,2.75,4.19,4.16,0.29
6120,2.75,4.19,4.16,0.29
6125,2.75,4.19,4.16,0.29
6130,2.75,4.19,4.16,0.29
6135,2.75,4.19,4.16,0.29
6140,2.75,4.19,4.16,0.29
6145,2.75,4.19,4.16,0.29
6150,2.75,4.19,4.16,0.29
6155,2.75,4.19,4.16,0.29
6160,2.75,4.19,4.16,0.29
6165,2.75,4.19,4.16,0.29
6170,2.75,4.19,4.16,0.29
6175,2.75,4.19,4.16,0.29
6180,2.75,4.19,4.16,0.29
6185,2.75,4.19,4.16,0.29
6190,2.75,4.19,4.16,0.29
6195,2.75,4.19,4.16,0.29
6200,2.75,4.19,4.16,0.29
6205,2.75,4.19,4.16,0.29
6210,2.75,4.19,4.16,0.29
6215,2.75,4.19,4.16,0.29
6220,2.75,4.19,4.16,0.29
6225,2.75,4.19,4.16,0.29
6230,2.75,4.19,4.16,0.29
6235,2.75,4.19,4.16,0.29
6240,2.75,4.19,4.16,0.29
6245,2.75,4.19,4.16,0.29
6250,2.75,4.19,4.16,0.29
6255,2.75,4.19,4.16,0.29
6260,2.75,4.19,4.16,0.29
6265,2.75,4.19,4.16,0.29
6270,2.75,4.19,4.16,0.29
6275,2.75,4.19,4.16,0.29
6280,2.75,4.19,4.16,0.29
6285,2.75,4.19,4.16,0.29
6290,2.75,4.19,4.16,0.29
6295,2.75,4.19,4.16,0.29
6300,2.75,4.19,4.16,0.29
6305,2.75,4.19,4.16,0.29
6310,2.75,4.19,4.16,0.29
6315,2.75,4.19,4.16,0.29
6320,2.75,4.19,4.16,0.29
6325,2.75,4.19,4.16,0.29
6330,2.75,4.19,4.16,0.29
6335,2.75,4.19,4.16,0.29
6340,2.75,4.19,4.16,0.29
6345,2.75,4.19,4.16,0.29
6350,2.75,4.19,4.16,0.29
6355,2.75,4.19,4.16,0.29
6360,2.75,4.19,4.16,0.29
6365,2.75,4.19,4.16,0.29
6370,2.75,4.19,4.16,0.29
6375,2.75,4.19,4.16,0.29
6380,2.75,4.19,4.16,0.29
6385,2.75,4.19,4.16,0.29
6390,2.75,4.19,4.16,0.29
6395,2.75,4.19,4.16,0.29
6400,2.75,4.19,4.16,0.29
6405,2.75,4.19,4.16,0.29
6410,2.75,4.19,4.16,0.29
6415,2.75,4.19,4.16,0.29
6420,2.75,4.19,4.16,0.29
6425,2.75,4.19,4.16,0.29
6430,2.75,4.19,4.16,0.29
6435,2.75,4.19,4.16,0.29
6440,2.75,4.19,4.16,0.29
6445,2.75,4.19,4.16,0.29
6450,2.75,4.19,4.16,0.29
6455,2.75,4.19,4.16,0.29
6460,2.75,4.19,4.16,0.29
6465,2.75,4.19,4.16,0.29
6470,2.75,4.19,4.16,0.29
6475,2.75,4.19,4.16,0.29
6480,2.75,4.19,4.16,0.29
6485,2.75,4.19,4.16,0.29
6490,2.75,4.19,4.16,0.29
6495,2.75,4.19,4.16,0.29
6500,2.75,4.19,4.16,0.29
6505,2.75,4.19,4.16,0.29
6510,2.75,4.19,4.16,0.29
6515,2.75,4.19,4.16,0.29
6520,2.75,4.19,4.16,0.29
6525,2.75,4.19,4.16,0.29
6530,2.75,4.19,4.16,0.29
6535,2.75,4.19,4.16,0.29
6540,2.75,4.19,4.16,0.29
6545,2.75,4.19,4.16,0.29
6550,2.75,4.19,4.16,0.29
6555,2.75,4.19,4.16,0.29
6560,2.75,4.19,4.16,0.29
6565,2.75,4.19,4.16,0.29
6570,2.75,4.19,4.16,0.29
6575,2.75,4.19,4.16,0.29
6580,2.75,4.19,4.16,0.29
6585,2.75,4.19,4.16,0.29
6590,2.75,4.19,4.16,0.29
6595,2.75,4.19,4.16,0.29
6600,2.41,2.4,3.59,0.29
6605,2.41,2.4,3.59,0.29
6610,2.41,2.4,3.59,0.29
6615,2.41,2.4,3.59,0.29
6620,2.41,2.4,3.59,0.29
6625,2.41,2.4,3.59,0.29
6630,2.41,2.4,3.59,0.29
6635,2.41,2.4,3.59,0.29
6640,2.41,2.4,3.59,0.29
6645,2.41,2.4,3.59,0.29
6650,2.41,2.4,3.59,0.29
6655,2.41,2.4,3.59,0.29
6660,2.41,2.4,3.59,0.29
6665,2.41,2.4,3.59,0.29
6670,2.41,2.4,3.59,0.29
6675,2.41,2.4,3.59,0.29
6680,2.41,2.4,3.59,0.29
6685,2.41,2.4,3.59,0.29
6690,2.41,2.4,3.59,0.29
6695,2.41,2.4,3.59,0.29
6700,2.41,2.4,3.59,0.29
6705,2.41,2.4,3.59,0.29
6710,2.41,2.4,3.59,0.29
6715,2.41,2.4,3.59,0.29
6720,2.41,2.4,3.59,0.29
6725,2.41,2.4,3.59,0.29
6730,2.41,2.4,3.59,0.29
6735,2.41,2.4,3.59,0.29
6740,2.41,2.4,3.59,0.29
6745,2.41,2.4,3.59,0.29
6750,2.41,2.4,3.59,0.29
6755,2.41,2.4,3.59,0.29
6760,2.41,2.4,3.59,0.29
6765,2.41,2.4,3.59,0.29
6770,2.41,2.4,3.59,0.29
6775,2.41,2.4,3.59,0.29
6780,2.41,2.4,3.59,0.29
6785,2.41,2.4,3.59,0.29
6790,2.41,2.4,3.59,0.29
6795,2.41,2.4,3.59,0.29
6800,2.41,2.4,3.59,0.29
6805,2.41,2.4,3.59,0.29
6810,2.41,2.4,3.59,0.29
6815,2.41,2.4,3.59,0.29
6820,2.41,2.4,3.59,0.29
6825,2.41,2.4,3.59,0.29
6830,2.41,2.4,3.59,0.29
6835,2.41,2.4,3.59,0.29
6840,2.41,2.4,3.59,0.29
6845,2.41,2.4,3.59,0.29
6850,2.41,2.4,3.59,0.29
6855,2.41,2.4,3.59,0.29
6860,2.41,2.4,3.59,0.29
6865,2.41,2.4,3.59,0.29
6870,2.41,2.4,3.59,0.29
6875,2.41,2.4,3.59,0.29
6880,2.41,2.4,3.59,0.29
6885,2.41,2.4,3.59,0.29
6890,2.41,2.4,3.59,0.29
6895,2.41,2.4,3.59,0.29
6900,2.41,2.4,3.59,0.29
6905,2.41,2.4,3.59,0.29
6910,2.41,2.4,3.59,0.29
6915,2.41,2.4,3.59,0.29
6920,2.41,2.4,3.59,0.29
6925,2.41,2.4,3.59,0.29
6930,2.41,2.4,3.59,0.29
6935,2.41,2.4,3.59,0.29
6940,2.41,2.4,3.59,0.29
6945,2.41,2.4,3.59,0.29
6950,2.41,2.4,3.59,0.29
6955,2.41,2.4,3.59,0.29
6960,2.41,2.4,3.59,0.29
6965,2.41,2.4,3.59,0.29
6970,2.41,2.4,3.59,0.29
6975,2.41,2.4,3.59,0.29
6980,2.41,2.4,3.59,0.29
6985,2.41,2.4,3.59,0.29
6990,2.41,2.4,3.59,0.29
6995,2.41,2.4,3.59,0.29
7000,2.41,2.4,3.59,0.29
7005,2.41,2.4,3.59,0.29
7010,2.41,2.4,3.59,0.29
7015,2.41,2.4,3.59,0.29
7020,2.41,2.4,3.59,0.29
7025,2.41,2.4,3.59,0.29
7030,2.41,2.4,3.59,0.29
7035,2.41,2.4,3.59,0.29
7040,2.41,2.4,3.59,0.29
7045,2.41,2.4,3.59,0.29
7050,2.41,2.4,3.59,0.29
7055,2.41,2.4,3.59,0.29
7060,2.41,2.4,3.59,0.29
7065,2.41,2.4,3.59,0.29
7070,2.41,2.4,3.59,0.29
7075,2.41,2.4,3.59,0.29
7080,2.41,2.4,3.59,0.29
7085,2.41,2.4,3.59,0.29
7090,2.41,2.4,3.59,0.29
7095,2.41,2.4,3.59,0.29
7100,2.41,2.4,3.59,0.29
7105,2.41,2.4,3.59,0.29
7110,2.41,2.4,3.59,0.29
7115,2.41,2.4,3.59,0.29
7120,2.41,2.4,3.59,0.29
7125,2.41,2.4,3.59,0.29
7130,2.41,2.4,3.59,0.29
7135,2.41,2.4,3.59,0.29
7140,2.41,2.4,3.59,0.29
7145,2.41,2.4,3.59,0.29
7150,2.41,2.4,3.59,0.29
7155,2.41,2.4,3.59,0.29
7160,2.41,2.4,3.59,0.29
7165,2.41,2.4,3.59,0.29
7170,2.41,2.4,3.59,0.29
7175,2.41,2.4,3.59,0.29
7180,2.41,2.4,3.59,0.29
7185,2.41,2.4,3.59,0.29
7190,2.41,2.4,3.59,0.29
7195,2.41,2.4,3.59,0.29
7200,2.03,2.05,2.74,0.29
7205,2.03,2.05,2.74,0.29
7210,2.03,2.05,2.74,0.29
7215,2.03,2.05,2.74,0.29
7220,2.03,2.05,2.74,0.29
7225,2.03,2.05,2.74,0.29
7230,2.03,2.05,2.74,0.29
7235,2.03,2.05,2.74,0.29
7240,2.03,2.05,2.74,0.29
7245,2.03,2.05,2.74,0.29
7250,2.03,2.05,2.74,0.29
7255,2.03,2.05,2.74,0.29
7260,2.03,2.05,2.74,0.29
7265,2.03,2.05,2.74,0.29
7270,2.03,2.05,2.74,0.29
7275,2.03,2.05,2.74,0.29
7280,2.03,2.05,2.74,0.29
7285,2.03,2.05,2.74,0.29
7290,2.03,2.05,2.74,0.29
7295,2.03,2.05,2.74,0.29
7300,2.03,2.05,2.74,0.29
7305,2.03,2.05,2.74,0.29
7310,2.03,2.05,2.74,0.29
7315,2.03,2.05,2.74,0.29
7320,2.03,2.05,2.74,0.29
7325,2.03,2.05,2.74,0.29
7330,2.03,2.05,2.74,0.29
7335,2.03,2.05,2.74,0.29
7340,2.03,2.05,2.74,0.29
7345,2.03,2.05,2.74,0.29
7350,2.03,2.05,2.74,0.29
7355,2.03,2.05,2.74,0.29
7360,2.03,2.05,2.74,0.29
7365,2.03,2.05,2.74,0.29
7370,2.03,2.05,2.74,0.29
7375,2.03,2.05,2.74,0.29
7380,2.03,2.05,2.74,0.29
7385,2.03,2.05,2.74,0.29
7390,2.03,2.05,2.74,0.29
7395,2.03,2.05,2.74,0.29
7400,2.03,2.05,2.74,0.29
7405,2.03,2.05,2.74,0.29
7410,2.03,2.05,2.74,0.29
7415,2.03,2.05,2.74,0.29
7420,2.03,2.05,2.74,0.29
7425,2.03,2.05,2.74,0.29
7430,2.03,2.05,2.74,0.29
7435,2.03,2.05,2.74,0.29
7440,2.03,2.05,2.74,0.29
7445,2.03,2.05,2.74,0.29
7450,2.03,2.05,2.74,0.29
7455,2.03,2.05,2.74,0.29
7460,2.03,2.05,2.74,0.29
7465,2.03,2.05,2.74,0.29
7470,2.03,2.05,2.74,0.29
7475,2.03,2.05,2.74,0.29
7480,2.03,2.05,2.74,0.29
7485,2.03,2.05,2.74,0.29
7490,2.03,2.05,2.74,0.29
7495,2.03,2.05,2.74,0.29
7500,2.03,2.05,2.74,0.29
7505,2.03,2.05,2.74,0.29
7510,2.03,2.05,2.74,0.29
7515,2.03,2.05,2.74,0.29
7520,2.03,2.05,2.74,0.29
7525,2.03,2.05,2.74,0.29
7530,2.03,2.05,2.74,0.29
7535,2.03,2.05,2.74,0.29
7540,2.03,2.05,2.74,0.29
7545,2.03,2.05,2.74,0.29
7550,2.03,2.05,2.74,0.29
7555,2.03,2.05,2.74,0.29
7560,2.03,2.05,2.74,0.29
7565,2.03,2.05,2.74,0.29
7570,2.03,2.05,2.74,0.29
7575,2.03,2.05,2.74,0.29
7580,2.03,2.05,2.74,0.29
7585,2.03,2.05,2.74,0.29
7590,2.03,2.05,2.74,0.29
7595,2.03,2.05,2.74,0.29
7600,2.03,2.05,2.74,0.29
7605,2.03,2.05,2.74,0.29
7610,2.03,2.05,2.74,0.29
7615,2.03,2.05,2.74,0.29
7620,2.03,2.05,2.74,0.29
7625,2.03,2.05,2.74,0.29
7630,2.03,2.05,2.74,0.29
7635,2.03,2.05,2.74,0.29
7640,2.03,2.05,2.74,0.29
7645,2.03,2.05,2.74,0.29
7650,2.03,2.05,2.74,0.29
7655,2.03,2.05,2.74,0.29
7660,2.03,2.05,2.74,0.29
7665,2.03,2.05,2.74,0.29
7670,2.03,2.05,2.74,0.29
7675,2.03,2.05,2.74,0.29
7680,2.03,2.05,2.74,0.29
7685,2.03,2.05,2.74,0.29
7690,2.03,2.05,2.74,0.29
7695,2.03,2.05,2.74,0.29
7700,2.03,2.05,2.74,0.29
7705,2.03,2.05,2.74,0.29
7710,2.03,2.05,2.74,0.29
7715,2.03,2.05,2.74,0.29
7720,2.03,2.05,2.74,0.29
7725,2.03,2.05,2.74,0.29
7730,2.03,2.05,2.74,0.29
7735,2.03,2.05,2.74,0.29
7740,2.03,2.05,2.74,0.29
7745,2.03,2.05,2.74,0.29
7750,2.03,2.05,2.74,0.29
7755,2.03,2.05,2.74,0.29
7760,2.03,2.05,2.74,0.29
7765,2.03,2.05,2.74,0.29
7770,2.03,2.05,2.74,0.29
7775,2.03,2.05,2.74,0.29
7780,2.03,2.05,2.74,0.29
7785,2.03,2.05,2.74,0.29
7790,2.03,2.05,2.74,0.29
7795,2.03,2.05,2.74,0.29
7800,1.66,1.83,1.92,0.28
7805,1.66,1.83,1.92,0.28
7810,1.66,1.83,1.92,0.28
7815,1.66,1.83,1.92,0.28
7820,1.66,1.83,1.92,0.28
7825,1.66,1.83,1.92,0.28
7830,1.66,1.83,1.92,0.28
7835,1.66,1.83,1.92,0.28
7840,1.66,1.83,1.92,0.28
7845,1.66,1.83,1.92,0.28
7850,1.66,1.83,1.92,0.28
7855,1.66,1.83,1.92,0.28
7860,1.66,1.83,1.92,0.28
7865,1.66,1.83,1.92,0.28
7870,1.66,1.83,1.92,0.28
7875,1.66,1.83,1.92,0.28
7880,1.66,1.83,1.92,0.28
7885,1.66,1.83,1.92,0.28
7890,1.66,1.83,1.92,0.28
7895,1.66,1.83,1.92,0.28
7900,1.66,1.83,1.92,0.28
7905,1.66,1.83,1.92,0.28
7910,1.66,1.83,1.92,0.28
7915,1.66,1.83,1.92,0.28
7920,1.66,1.83,1.92,0.28
7925,1.66,1.83,1.92,0.28
7930,1.66,1.83,1.92,0.28
7935,1.66,1.83,1.92,0.28
7940,1.66,1.83,1.92,0.28
7945,1.66,1.83,1.92,0.28
7950,1.66,1.83,1.92,0.28
7955,1.66,1.83,1.92,0.28
7960,1.66,1.83,1.92,0.28
7965,1.66,1.83,1.92,0.28
7970,1.66,1.83,1.92,0.28
7975,1.66,1.83,1.92,0.28
7980,1.66,1.83,1.92,0.28
7985,1.66,1.83,1.92,0.28
7990,1.66,1.83,1.92,0.28
7995,1.66,1.83,1.92,0.28
8000,1.66,1.83,1.92,0.28
8005,1.66,1.83,1.92,0.28
8010,1.66,1.83,1.92,0.28
8015,1.66,1.83,1.92,0.28
8020,1.66,1.83,1.92,0.28
8025,1.66,1.83,1.92,0.28
8030,1.66,1.83,1.92,0.28
8035,1.66,1.83,1.92,0.28
8040,1.66,1.83,1.92,0.28
8045,1.66,1.83,1.92,0.28
8050,1.66,1.83,1.92,0.28
8055,1.66,1.83,1.92,0.28
8060,1.66,1.83,1.92,0.28
8065,1.66,1.83,1.92,0.28
8070,1.66,1.83,1.92,0.28
8075,1.66,1.83,1.92,0.28
8080,1.66,1.83,1.92,0.28
8085,1.66,1.83,1.92,0.28
8090,1.66,1.83,1.92,0.28
8095,1.66,1.83,1.92,0.28
8100,1.66,1.83,1.92,0.28
8105,1.66,1.83,1.92,0.28
8110,1.66,1.83,1.92,0.28
8115,1.66,1.83,1.92,0.28
8120,1.66,1.83,1.92,0.28
8125,1.66,1.83,1.92,0.28
8130,1.66,1.83,1.92,0.28
8135,1.66,1.83,1.92,0.28
8140,1.66,1.83,1.92,0.28
8145,1.66,1.83,1.92,0.28
8150,1.66,1.83,1.92,0.28
8155,1.66,1.83,1.92,0.28
8160,1.66,1.83,1.92,0.28
8165,1.66,1.83,1.92,0.28
8170,1.66,1.83,1.92,0.28
8175,1.66,1.83,1.92,0.28
8180,1.66,1.83,1.92,0.28
8185,1.66,1.83,1.92,0.28
8190,1.66,1.83,1.92,0.28
8195,1.66,1.83,1.92,0.28
8200,1.66,1.83,1.92,0.28
8205,1.66,1.83,1.92,0.28
8210,1.66,1.83,1.92,0.28
8215,1.66,1.83,1.92,0.28
8220,1.66,1.83,1.92,0.28
8225,1.66,1.83,1.92,0.28
8230,1.66,1.83,1.92,0.28
8235,1.66,1.83,1.92,0.28
8240,1.66,1.83,1.92,0.28
8245,1.66,1.83,1.92,0.28
8250,1.66,1.83,1.92,0.28
8255,1.66,1.83,1.92,0.28
8260,1.66,1.83,1.92,0.28
8265,1.66,1.83,1.92,0.28
8270,1.66,1.83,1.92,0.28
8275,1.66,1.83,1.92,0.28
8280,1.66,1.83,1.92,0.28
8285,1.66,1.83,1.92,0.28
8290,1.66,1.83,1.92,0.28
8295,1.66,1.83,1.92,0.28
8300,1.66,1.83,1.92,0.28
8305,1.66,1.83,1.92,0.28
8310,1.66,1.83,1.92,0.28
8315,1.66,1.83,1.92,0.28
8320,1.66,1.83,1.92,0.28
8325,1.66,1.83,1.92,0.28
8330,1.66,1.83,1.92,0.28
8335,1.66,1.83,1.92,0.28
8340,1.66,1.83,1.92,0.28
8345,1.66,1.83,1.92,0.28
8350,1.66,1.83,1.92,0.28
8355,1.66,1.83,1.92,0.28
8360,1.66,1.83,1.92,0.28
8365,1.66,1.83,1.92,0.28
8370,1.66,1.83,1.92,0.28
8375,1.66,1.83,1.92,0.28
8380,1.66,1.83,1.92,0.28
8385,1.66,1.83,1.92,0.28
8390,1.66,1.83,1.92,0.28
8395,1.66,1.83,1.92,0.28
8400,1.27,1.82,1.74,0.29
8405,1.27,1.82,1.74,0.29
8410,1.27,1.82,1.74,0.29
8415,1.27,1.82,1.74,0.29
8420,1.27,1.82,1.74,0.29
8425,1.27,1.82,1.74,0.29
8430,1.27,1.82,1.74,0.29
8435,1.27,1.82,1.74,0.29
8440,1.27,1.82,1.74,0.29
8445,1.27,1.82,1.74,0.29
8450,1.27,1.82,1.74,0.29
8455,1.27,1.82,1.74,0.29
8460,1.27,1.82,1.74,0.29
8465,1.27,1.82,1.74,0.29
8470,1.27,1.82,1.74,0.29
8475,1.27,1.82,1.74,0.29
8480,1.27,1.82,1.74,0.29
8485,1.27,1.82,1.74,0.29
8490,1.27,1.82,1.74,0.29
8495,1.27,1.82,1.74,0.29
8500,1.27,1.82,1.74,0.29
8505,1.27,1.82,1.74,0.29
8510,1.27,1.82,1.74,0.29
8515,1.27,1.82,1.74,0.29
8520,1.27,1.82,1.74,0.29
8525,1.27,1.82,1.74,0.29
8530,1.27,1.82,1.74,0.29
8535,1.27,1.82,1.74,0.29
8540,1.27,1.82,1.74,0.29
8545,1.27,1.82,1.74,0.29
8550,1.27,1.82,1.74,0.29
8555,1.27,1.82,1.74,0.29
8560,1.27,1.82,1.74,0.29
8565,1.27,1.82,1.74,0.29
8570,1.27,1.82,1.74,0.29
8575,1.27,1.82,1.74,0.29
8580,1.27,1.82,1.74,0.29
8585,1.27,1.82,1.74,0.29
8590,1.27,1.82,1.74,0.29
8595,1.27,1.82,1.74,0.29
8600,1.27,1.82,1.74,0.29
8605,1.27,1.82,1.74,0.29
8610,1.27,1.82,1.74,0.29
8615,1.27,1.82,1.74,0.29
8620,1.27,1.82,1.74,0.29
8625,1.27,1.82,1.74,0.29
8630,1.27,1.82,1.74,0.29
8635,1.27,1.82,1.74,0.29
8640,1.27,1.82,1.74,0.29
8645,1.27,1.82,1.74,0.29
8650,1.27,1.82,1.74,0.29
8655,1.27,1.82,1.74,0.29
8660,1.27,1.82,1.74,0.29
8665,1.27,1.82,1.74,0.29
8670,1.27,1.82,1.74,0.29
8675,1.27,1.82,1.74,0.29
8680,1.27,1.82,1.74,0.29
8685,1.27,1.82,1.74,0.29
8690,1.27,1.82,1.74,0.29
8695,1.27,1.82,1.74,0.29
8700,1.27,1.82,1.74,0.29
8705,1.27,1.82,1.74,0.29
8710,1.27,1.82,1.74,0.29
8715,1.27,1.82,1.74,0.29
8720,1.27,1.82,1.74,0.29
8725,1.27,1.82,1.74,0.29
8730,1.27,1.82,1.74,0.29
8735,1.27,1.82,1.74,0.29
8740,1.27,1.82,1.74,0.29
8745,1.27,1.82,1.74,0.29
8750,1.27,1.82,1.74,0.29
8755,1.27,1.82,1.74,0.29
8760,1.27,1.82,1.74,0.29
8765,1.27,1.82,1.74,0.29
8770,1.27,1.82,1.74,0.29
8775,1.27,1.82,1.74,0.29
8780,1.27,1.82,1.74,0.29
8785,1.27,1.82,1.74,0.29
8790,1.27,1.82,1.74,0.29
8795,1.27,1.82,1.74,0.29
8800,1.27,1.82,1.74,0.29
8805,1.27,1.82,1.74,0.29
8810,1.27,1.82,1.74,0.29
8815,1.27,1.82,1.74,0.29
8820,1.27,1.82,1.74,0.29
8825,1.27,1.82,1.74,0.29
8830,1.27,1.82,1.74,0.29
8835,1.27,1.82,1.74,0.29
8840,1.27,1.82,1.74,0.29
8845,1.27,1.82,1.74,0.29
8850,1.27,1.82,1.74,0.29
8855,1.27,1.82,1.74,0.29
8860,1.27,1.82,1.74,0.29
8865,1.27,1.82,1.74,0.29
8870,1.27,1.82,1.74,0.29
8875,1.27,1.82,1.74,0.29
8880,1.27,1.82,1.74,0.29
8885,1.27,1.82,1.74,0.29
8890,1.27,1.82,1.74,0.29
8895,1.27,1.82,1.74,0.29
8900,1.27,1.82,1.74,0.29
8905,1.27,1.82,1.74,0.29
8910,1.27,1.82,1.74,0.29
8915,1.27,1.82,1.74,0.29
8920,1.27,1.82,1.74,0.29
8925,1.27,1.82,1.74,0.29
8930,1.27,1.82,1.74,0.29
8935,1.27,1.82,1.74,0.29
8940,1.27,1.82,1.74,0.29
8945,1.27,1.82,1.74,0.29
8950,1.27,1.82,1.74,0.29
8955,1.27,1.82,1.74,0.29
8960,1.27,1.82,1.74,0.29
8965,1.27,1.82,1.74,0.29
8970,1.27,1.82,1.74,0.29
8975,1.27,1.82,1.74,0.29
8980,1.27,1.82,1.74,0.29
8985,1.27,1.82,1.74,0.29
8990,1.27,1.82,1.74,0.29
8995,1.27,1.82,1.74,0.29
9000,1.02,1.85,1.66,0.28
9005,1.02,1.85,1.66,0.28
9010,1.02,1.85,1.66,0.28
9015,1.02,1.85,1.66,0.28
9020,1.02,1.85,1.66,0.28
9025,1.02,1.85,1.66,0.28
9030,1.02,1.85,1.66,0.28
9035,1.02,1.85,1.66,0.28
9040,1.02,1.85,1.66,0.28
9045,1.02,1.85,1.66,0.28
9050,1.02,1.85,1.66,0.28
9055,1.02,1.85,1.66,0.28
9060,1.02,1.85,1.66,0.28
9065,1.02,1.85,1.66,0.28
9070,1.02,1.85,1.66,0.28
9075,1.02,1.85,1.66,0.28
9080,1.02,1.85,1.66,0.28
9085,1.02,1.85,1.66,0.28
