ts,hefei,ningbo,wenzhou,wuhan,wuxi
50,16.31,21.41,11.77,8.57,100.0
55,16.31,11.75,11.77,8.54,100.0
60,16.31,100.0,100.0,12.07,100.0
65,16.31,100.0,100.0,10.51,100.0
70,16.31,100.0,100.0,10.38,100.0
75,16.31,100.0,100.0,10.38,100.0
80,16.31,100.0,100.0,10.38,100.0
85,16.31,100.0,100.0,10.38,100.0
90,16.31,100.0,100.0,10.38,100.0
95,16.31,100.0,73.63,10.38,100.0
100,16.31,100.0,100.0,10.39,100.0
105,16.31,100.0,100.0,10.38,100.0
110,16.31,100.0,100.0,10.47,100.0
115,16.31,100.0,100.0,10.86,100.0
120,33.23,100.0,90.77,12.41,100.0
125,16.31,100.0,11.77,12.59,100.0
130,33.01,100.0,11.77,12.67,100.0
135,100.0,100.0,11.77,12.68,100.0
140,100.0,100.0,78.18,12.2,100.0
145,100.0,100.0,100.0,11.93,100.0
150,100.0,100.0,100.0,11.75,100.0
155,100.0,100.0,100.0,11.75,100.0
160,100.0,100.0,100.0,11.75,100.0
165,100.0,100.0,100.0,11.67,100.0
170,100.0,100.0,100.0,11.51,100.0
175,100.0,100.0,100.0,11.51,100.0
180,100.0,100.0,100.0,11.49,100.0
185,100.0,100.0,100.0,11.51,100.0
190,100.0,100.0,100.0,11.51,100.0
195,100.0,100.0,100.0,11.51,100.0
200,100.0,100.0,43.13,11.51,100.0
205,100.0,100.0,11.77,11.51,100.0
210,100.0,100.0,11.77,11.51,100.0
215,100.0,100.0,11.77,11.51,100.0
220,100.0,100.0,11.77,11.51,100.0
225,100.0,100.0,11.77,11.51,100.0
230,100.0,100.0,100.0,9.58,100.0
235,100.0,100.0,100.0,10.01,100.0
240,93.62,100.0,15.87,9.88,100.0
245,100.0,100.0,11.77,9.88,100.0
250,100.0,100.0,11.77,9.88,100.0
255,100.0,100.0,11.77,9.88,100.0
260,100.0,100.0,11.77,9.92,100.0
265,100.0,100.0,11.77,9.76,100.0
270,100.0,100.0,11.77,9.76,100.0
275,100.0,100.0,11.77,9.76,100.0
280,100.0,100.0,11.77,9.76,100.0
285,100.0,100.0,11.77,9.76,100.0
290,100.0,100.0,11.77,9.6,100.0
295,100.0,100.0,11.77,9.5,100.0
300,100.0,100.0,100.0,100.0,100.0
305,100.0,100.0,100.0,100.0,100.0
310,100.0,100.0,100.0,100.0,100.0
315,100.0,100.0,100.0,100.0,100.0
320,100.0,100.0,100.0,100.0,100.0
325,100.0,100.0,100.0,100.0,100.0
330,100.0,100.0,100.0,100.0,100.0
335,100.0,100.0,100.0,100.0,100.0
340,100.0,100.0,100.0,100.0,100.0
345,100.0,100.0,100.0,100.0,100.0
350,100.0,100.0,100.0,100.0,100.0
355,100.0,100.0,100.0,100.0,100.0
360,100.0,100.0,100.0,100.0,100.0
365,100.0,100.0,100.0,100.0,100.0
370,100.0,100.0,100.0,100.0,100.0
375,100.0,100.0,100.0,100.0,100.0
380,100.0,100.0,100.0,100.0,100.0
385,100.0,100.0,100.0,100.0,100.0
390,45.21,100.0,100.0,100.0,100.0
395,16.31,100.0,11.77,100.0,100.0
400,16.31,100.0,11.77,100.0,100.0
405,16.31,100.0,11.77,100.0,100.0
410,16.31,100.0,11.77,100.0,100.0
415,16.31,100.0,11.77,100.0,100.0
420,16.31,100.0,11.77,100.0,100.0
425,16.31,100.0,11.77,100.0,100.0
430,16.31,100.0,11.77,100.0,100.0
435,16.31,100.0,11.77,100.0,100.0
440,16.31,100.0,11.77,100.0,100.0
445,16.31,100.0,11.77,100.0,100.0
450,16.31,100.0,11.77,100.0,100.0
455,16.31,100.0,11.77,100.0,100.0
460,16.31,100.0,11.77,100.0,100.0
465,16.31,100.0,11.77,100.0,100.0
470,16.31,100.0,11.77,100.0,100.0
475,16.31,100.0,11.77,100.0,100.0
480,16.31,100.0,11.77,100.0,100.0
485,16.31,100.0,11.77,100.0,100.0
490,16.31,100.0,11.77,100.0,100.0
495,16.31,100.0,11.77,100.0,100.0
500,16.31,100.0,11.77,100.0,100.0
505,16.31,100.0,11.77,100.0,100.0
510,16.31,100.0,11.77,100.0,100.0
515,16.31,100.0,11.77,100.0,100.0
520,16.31,100.0,11.77,100.0,100.0
525,16.31,100.0,11.77,100.0,100.0
530,16.31,100.0,11.77,100.0,100.0
535,16.31,100.0,29.87,100.0,100.0
540,16.31,100.0,100.0,100.0,100.0
545,16.31,100.0,100.0,100.0,100.0
550,16.31,100.0,100.0,100.0,100.0
555,16.31,100.0,100.0,100.0,100.0
560,16.31,100.0,100.0,100.0,100.0
565,16.31,100.0,100.0,100.0,100.0
570,16.31,100.0,100.0,100.0,100.0
575,16.31,100.0,100.0,100.0,100.0
580,16.31,100.0,100.0,100.0,100.0
585,16.31,100.0,100.0,100.0,100.0
590,16.31,100.0,100.0,100.0,100.0
595,16.31,100.0,100.0,100.0,100.0
600,16.55,98.83,98.99,99.99,99.92
605,16.55,98.69,98.86,99.99,99.91
610,16.55,98.64,98.82,99.99,99.9
615,16.55,98.6,98.79,99.99,99.9
620,16.55,98.57,98.76,99.99,99.9
625,16.55,98.55,98.74,99.99,99.9
630,16.55,98.53,98.72,99.99,99.9
635,16.55,98.51,10.76,99.99,99.89
640,16.55,98.49,98.69,99.99,99.89
645,16.55,98.48,98.68,99.99,99.89
650,16.55,98.46,98.67,99.99,99.89
655,16.55,98.45,98.66,99.99,99.89
660,16.55,98.44,98.65,99.99,99.89
665,16.55,98.43,98.64,99.99,99.89
670,16.55,98.42,45.53,99.99,99.89
675,16.55,98.41,10.76,99.99,99.89
680,16.55,98.41,10.76,99.99,99.89
685,16.55,98.4,10.76,99.99,99.89
690,16.55,98.39,10.76,99.99,99.89
695,16.55,98.39,10.76,99.99,99.89
700,16.55,98.38,10.76,99.99,99.89
705,16.55,98.38,10.76,99.99,99.89
710,16.55,98.37,10.76,99.99,99.88
715,16.55,98.37,10.76,99.99,99.88
720,16.55,98.36,10.76,99.99,99.88
725,100.0,98.36,18.4,99.99,99.88
730,65.6,98.35,10.76,99.99,99.88
735,39.31,98.35,18.46,99.99,99.88
740,39.63,98.35,10.76,99.99,99.88
745,39.63,98.34,10.76,99.99,99.88
750,38.1,98.34,10.76,99.99,99.88
755,35.84,98.34,10.76,99.99,99.88
760,35.84,98.34,10.76,99.99,99.88
765,35.85,98.33,10.76,99.99,99.88
770,35.85,98.33,10.76,99.99,99.88
775,35.86,98.33,10.76,99.99,99.88
780,35.86,98.33,10.76,99.99,99.88
785,35.86,98.32,10.76,99.99,99.88
790,35.87,98.32,10.76,99.99,99.88
795,35.87,98.32,10.76,99.99,99.88
800,35.87,98.32,10.76,99.99,99.88
805,35.88,98.32,10.76,99.99,99.88
810,35.88,98.32,10.76,99.99,99.88
815,35.88,98.31,10.76,99.99,99.88
820,35.88,98.31,10.76,99.99,99.88
825,35.89,98.31,10.76,99.99,99.88
830,35.89,98.31,10.76,99.99,99.88
835,35.89,98.31,10.76,99.99,99.88
840,35.89,98.31,10.76,99.99,99.88
845,16.55,98.31,10.76,99.99,99.88
850,16.55,98.31,10.76,99.99,99.88
855,16.55,98.31,10.76,99.99,99.88
860,16.55,98.3,10.76,99.99,99.88
865,16.55,98.3,10.76,99.99,99.88
870,16.55,98.3,10.76,99.99,99.88
875,16.55,98.3,10.76,99.99,99.88
880,16.55,98.3,10.76,99.99,99.88
885,16.55,98.3,10.76,99.99,99.88
890,16.55,98.3,10.76,99.99,99.88
895,16.55,98.3,10.76,99.99,99.88
900,16.55,98.3,10.76,99.99,99.88
905,16.55,98.3,10.76,99.99,99.88
910,16.55,98.3,10.76,99.99,99.88
915,16.55,98.3,10.76,99.99,99.88
920,16.55,98.3,10.76,99.99,99.88
925,16.55,98.3,10.76,99.99,99.88
930,16.55,98.3,10.76,99.99,99.88
935,16.55,98.3,10.76,99.99,99.88
940,16.55,98.3,10.76,99.99,99.88
945,16.55,98.3,10.76,99.99,99.88
950,16.55,98.3,10.76,99.99,99.88
955,16.55,98.3,10.76,99.99,99.88
960,16.55,98.29,10.76,99.99,99.88
965,16.55,98.29,10.76,99.99,99.88
970,16.55,98.29,10.76,99.99,99.88
975,16.55,98.29,10.76,99.99,99.88
980,16.55,98.29,10.76,99.99,99.88
985,16.55,98.29,10.76,99.99,99.88
990,16.55,98.29,10.76,99.99,99.88
995,16.55,98.29,10.76,99.99,99.88
1000,16.55,98.29,10.76,99.99,99.88
1005,16.55,98.29,10.76,99.99,99.88
1010,16.55,98.29,10.76,99.99,99.88
1015,16.55,98.29,10.76,99.99,99.88
1020,16.55,98.29,10.76,99.99,99.88
1025,16.55,98.29,10.76,99.99,99.88
1030,16.55,98.29,10.76,99.99,99.88
1035,16.55,98.29,10.76,99.99,99.88
1040,16.55,98.29,10.76,99.99,99.88
1045,16.55,98.29,10.76,99.99,99.88
1050,16.55,98.29,10.76,99.99,99.88
1055,16.55,98.29,10.76,99.99,99.88
1060,16.55,98.29,10.76,99.99,99.88
1065,16.55,98.29,10.76,99.99,99.88
1070,16.55,98.29,12.68,99.99,99.88
1075,16.55,98.29,10.76,99.99,99.88
1080,16.55,98.29,10.76,99.99,99.88
1085,16.55,98.29,10.76,99.99,99.88
1090,16.55,98.29,10.76,99.99,99.88
1095,16.55,98.29,10.76,99.99,99.88
1100,16.55,98.29,10.76,99.99,99.88
1105,16.55,98.29,10.76,99.99,99.88
1110,16.55,98.29,10.76,99.99,99.88
1115,16.55,98.29,10.76,99.99,99.88
1120,16.55,98.29,10.76,99.99,99.88
1125,16.55,98.29,10.76,99.99,99.88
1130,16.55,98.29,10.76,99.99,99.88
1135,16.55,98.29,10.76,99.99,99.88
1140,16.55,98.29,10.76,99.99,99.88
1145,16.55,98.29,10.76,99.99,99.88
1150,16.55,98.29,10.76,99.99,99.88
1155,16.55,98.29,10.76,99.99,99.88
1160,16.55,98.29,10.76,99.99,99.88
1165,16.55,98.29,10.76,99.99,99.88
1170,16.55,98.29,10.76,99.99,99.88
1175,16.55,98.29,10.76,99.99,99.88
1180,16.55,98.29,10.76,99.99,99.88
1185,16.55,98.29,10.76,99.99,99.88
1190,16.55,98.29,10.76,99.99,99.88
1195,16.55,98.29,10.76,99.99,99.88
1200,16.66,97.65,9.75,99.7,99.82
1205,16.66,97.65,9.75,99.67,99.82
1210,16.66,97.64,9.75,99.66,99.82
1215,57.95,97.64,97.48,99.65,99.82
1220,92.92,97.63,97.47,99.64,99.82
1225,92.89,97.63,97.46,99.64,99.81
1230,92.87,97.62,97.45,99.63,99.81
1235,92.85,97.62,97.44,99.62,99.81
1240,92.83,97.61,97.43,99.62,99.81
1245,92.82,97.61,97.42,99.61,99.81
1250,92.8,97.6,97.41,99.61,99.81
1255,92.78,97.6,97.41,99.6,99.81
1260,92.76,97.6,97.4,99.6,99.81
1265,92.75,97.59,97.39,99.6,99.81
1270,92.73,97.59,97.38,99.59,99.81
1275,95.95,97.58,16.49,99.59,99.81
1280,96.21,97.58,9.75,99.59,99.81
1285,96.19,97.58,9.75,99.58,99.81
1290,96.18,97.57,9.75,99.58,99.81
1295,96.17,97.57,9.75,99.58,99.81
1300,96.15,97.57,9.75,99.58,99.81
1305,96.14,97.56,9.75,99.57,99.81
1310,96.13,97.56,9.75,99.57,99.81
1315,96.12,97.56,9.75,99.57,99.81
1320,96.11,97.55,9.75,99.57,99.81
1325,21.09,97.55,9.75,99.56,99.81
1330,16.66,97.55,9.75,99.56,99.81
1335,16.66,97.54,9.75,99.56,99.81
1340,16.66,97.54,9.75,99.56,99.81
1345,16.66,97.54,9.75,99.56,99.81
1350,16.66,97.54,9.75,99.55,99.8
1355,16.66,97.53,9.75,99.55,99.8
1360,16.66,97.53,9.75,99.55,99.8
1365,16.66,97.53,9.75,99.55,99.8
1370,16.66,97.52,9.75,99.55,99.8
1375,16.66,97.52,9.75,99.55,99.8
1380,16.66,97.52,9.75,99.54,99.8
1385,16.66,97.52,9.75,99.54,99.8
1390,16.66,97.51,9.75,99.54,99.8
1395,16.66,97.51,9.75,99.54,99.8
1400,16.66,97.51,9.75,99.54,99.8
1405,16.66,97.51,9.75,99.54,99.8
1410,16.66,97.5,9.75,99.54,99.8
1415,16.66,97.5,9.75,99.53,99.8
1420,16.66,97.5,9.75,99.53,99.8
1425,16.66,97.5,9.75,99.53,99.8
1430,16.66,97.49,9.75,99.53,99.8
1435,16.66,97.49,9.75,99.53,99.8
1440,16.66,97.49,9.75,99.53,99.8
1445,16.66,97.49,9.75,99.53,99.8
1450,16.66,97.49,9.75,99.53,99.8
1455,16.66,97.48,9.75,99.52,99.8
1460,16.66,97.48,9.75,99.52,99.8
1465,16.66,97.48,9.75,99.52,99.8
1470,16.66,97.48,9.75,99.52,99.8
1475,16.66,97.47,9.75,99.52,99.8
1480,16.66,97.47,9.75,99.52,99.8
1485,16.66,97.47,9.75,99.52,99.8
1490,16.66,97.47,9.75,99.52,99.8
1495,16.66,97.47,9.75,99.52,99.8
1500,16.66,97.46,9.75,99.52,99.8
1505,16.66,97.46,9.75,99.51,99.8
1510,16.66,97.46,9.75,99.51,99.8
1515,16.66,97.46,9.75,99.51,99.8
1520,16.66,97.46,9.75,99.51,99.8
1525,16.66,97.45,9.75,99.51,99.8
1530,16.66,97.45,9.75,99.51,99.8
1535,16.66,97.45,9.75,99.51,99.8
1540,16.66,97.45,9.75,99.51,99.8
1545,16.66,97.45,9.75,99.51,99.8
1550,16.66,97.45,9.75,99.51,99.8
1555,16.66,97.44,9.75,99.51,99.8
1560,16.66,97.44,9.75,99.5,99.8
1565,16.66,97.44,9.75,99.5,99.79
1570,16.66,97.44,9.75,99.5,99.79
1575,16.66,97.44,9.75,99.5,99.79
1580,16.66,97.44,9.75,99.5,99.79
1585,16.66,97.43,9.75,99.5,99.79
1590,16.66,97.43,9.75,99.5,99.79
1595,16.66,97.43,9.75,99.5,99.79
1600,16.66,97.43,9.75,99.5,99.79
1605,16.66,97.43,9.75,99.5,99.79
1610,16.66,97.43,9.75,99.5,99.79
1615,16.66,97.42,9.75,99.5,99.79
1620,16.66,97.42,9.75,99.5,99.79
1625,16.66,97.42,9.75,99.5,99.79
1630,16.66,97.42,9.75,99.49,99.79
1635,16.66,97.42,9.75,99.49,99.79
1640,16.66,97.42,9.75,99.49,99.79
1645,16.66,97.41,9.75,99.49,99.79
1650,16.66,97.41,9.75,99.49,99.79
1655,16.66,97.41,9.75,99.49,99.79
1660,16.66,97.41,9.75,99.49,99.79
1665,16.66,97.41,9.75,99.49,99.79
1670,16.66,97.41,9.75,99.49,99.79
1675,16.66,97.4,9.75,99.49,99.79
1680,16.66,97.4,9.75,99.49,99.79
1685,16.66,97.4,9.75,99.49,99.79
1690,16.66,97.4,9.75,99.49,99.79
1695,16.66,97.4,9.75,99.49,99.79
1700,16.66,97.4,9.75,99.49,99.79
1705,16.66,97.4,9.75,99.49,99.79
1710,16.66,97.39,9.75,99.48,99.79
1715,16.66,97.39,9.75,99.48,99.79
1720,16.66,97.39,9.75,99.48,99.79
1725,16.66,97.39,9.75,99.48,99.79
1730,16.66,97.39,9.75,99.48,99.79
1735,16.66,97.39,9.75,99.48,99.79
1740,16.66,97.39,9.75,99.48,99.79
1745,16.66,97.38,9.75,99.48,99.79
1750,16.66,97.38,9.75,99.48,99.79
1755,16.66,97.38,9.75,99.48,99.79
1760,16.66,97.38,9.75,99.48,99.79
1765,16.66,97.38,9.75,99.48,99.79
1770,16.66,97.38,9.75,99.48,99.79
1775,16.66,97.38,9.75,99.48,99.79
1780,16.66,97.38,9.75,99.48,99.79
1785,16.66,97.37,9.75,99.48,99.79
1790,16.66,97.37,9.75,99.48,99.79
1795,16.66,97.37,9.75,99.48,99.79
1800,17.26,98.26,9.73,99.66,99.71
1805,17.26,98.26,9.73,99.66,99.71
1810,17.26,98.26,9.73,99.66,99.7
1815,17.26,98.26,9.73,99.66,99.7
1820,17.26,98.26,9.73,99.66,99.7
1825,17.26,98.26,9.73,99.66,99.7
1830,17.26,98.26,9.73,99.66,99.7
1835,17.26,98.26,9.73,99.65,99.7
1840,17.26,98.26,9.73,99.65,99.7
1845,17.26,98.26,9.73,99.65,99.7
1850,17.26,98.26,9.73,99.65,99.7
1855,17.26,98.26,9.73,99.65,99.7
1860,17.26,98.25,9.73,99.65,99.7
1865,17.26,98.25,9.73,99.65,99.7
1870,17.26,98.25,9.73,99.65,99.69
1875,17.26,98.25,9.73,99.65,99.69
1880,17.26,98.25,9.73,99.65,99.69
1885,17.26,98.25,9.73,99.65,36.71
1890,17.26,98.25,9.73,99.65,0.86
1895,17.26,98.25,9.73,99.65,0.86
1900,17.26,98.25,9.73,99.65,0.86
1905,17.26,98.25,9.73,99.65,0.86
1910,17.26,98.25,9.73,99.65,0.86
1915,17.26,98.24,9.73,99.65,0.86
1920,17.26,98.24,9.73,99.65,0.86
1925,17.26,98.24,9.73,99.65,0.86
1930,17.26,98.24,9.73,99.65,0.86
1935,17.26,98.24,9.73,99.65,0.86
1940,17.26,98.24,9.73,99.65,0.86
1945,17.26,98.24,9.73,99.65,0.86
1950,17.26,98.24,9.73,99.65,0.86
1955,17.26,98.24,9.73,99.65,0.86
1960,17.26,98.24,9.73,99.65,0.86
1965,17.26,98.24,9.73,99.65,0.86
1970,17.26,98.24,9.73,99.65,0.86
1975,17.26,98.23,9.73,99.65,0.86
1980,17.26,98.23,9.73,99.65,0.86
1985,17.26,98.23,9.73,99.65,0.86
1990,17.26,98.23,9.73,99.65,0.86
1995,17.26,98.23,9.73,99.65,0.86
2000,17.26,98.23,9.73,99.65,0.86
2005,17.26,98.23,9.73,99.65,0.86
2010,17.26,98.23,9.73,99.65,0.86
2015,17.26,98.23,9.73,99.65,0.86
2020,17.26,98.23,9.73,99.65,0.86
2025,17.26,98.23,9.73,99.65,0.86
2030,17.26,98.23,9.73,99.65,0.86
2035,17.26,98.22,9.73,99.65,0.86
2040,17.26,98.22,9.73,99.65,0.86
2045,17.26,98.22,9.73,99.65,0.86
2050,17.26,98.22,9.73,99.65,0.86
2055,17.26,98.22,9.73,99.65,0.86
2060,17.26,98.22,9.73,99.65,0.86
2065,17.26,98.22,9.73,99.65,0.86
2070,17.26,98.22,9.73,99.65,0.86
2075,17.26,98.22,9.73,99.65,0.86
2080,17.26,98.22,9.73,99.65,0.86
2085,17.26,98.22,9.73,99.65,0.86
2090,17.26,98.21,9.73,99.65,0.86
2095,17.26,98.21,9.73,99.65,0.86
2100,17.26,98.21,9.73,99.65,0.86
2105,17.26,98.21,9.73,99.65,0.86
2110,17.26,98.21,9.73,99.65,0.86
2115,17.26,98.21,9.73,99.65,0.86
2120,17.26,98.21,9.73,99.65,0.86
2125,17.26,98.21,9.73,99.65,0.86
2130,17.26,98.21,9.73,99.65,0.86
2135,17.26,98.21,9.73,99.65,0.86
2140,17.26,98.21,9.73,99.65,0.86
2145,17.26,98.21,9.73,99.65,0.86
2150,17.26,98.2,9.73,99.65,0.86
2155,17.26,98.2,9.73,99.65,0.86
2160,17.26,98.2,9.73,99.65,0.86
2165,17.26,98.2,9.73,99.65,0.86
2170,17.26,98.2,9.73,99.65,0.86
2175,17.26,98.2,9.73,99.65,0.86
2180,17.26,98.2,9.73,99.65,0.86
2185,17.26,98.2,9.73,99.65,0.86
2190,17.26,98.2,9.73,99.65,0.86
2195,17.26,98.2,9.73,99.65,0.86
2200,17.26,98.2,9.73,99.65,0.86
2205,17.26,98.19,9.73,99.65,0.86
2210,17.26,98.19,9.73,99.65,0.86
2215,17.26,98.19,9.73,99.65,0.86
2220,17.26,98.19,9.73,99.65,0.86
2225,17.26,98.19,9.73,99.65,0.86
2230,17.26,98.19,9.73,99.65,0.86
2235,17.26,98.19,9.73,99.65,0.86
2240,17.26,98.19,9.73,99.65,0.86
2245,17.26,98.19,9.73,99.65,0.86
2250,17.26,98.19,9.73,99.65,0.86
2255,17.26,98.19,9.73,99.65,0.86
2260,17.26,98.19,9.73,99.65,0.86
2265,17.26,98.18,9.73,99.65,0.86
2270,17.26,98.18,9.73,99.65,0.86
2275,17.26,98.18,9.73,99.65,0.86
2280,17.26,98.18,9.73,99.65,0.86
2285,17.26,98.18,9.73,99.65,0.86
2290,17.26,98.18,9.73,99.65,0.86
2295,17.26,98.18,9.73,99.65,0.86
2300,17.26,98.18,9.73,99.65,0.86
2305,17.26,98.18,9.73,99.65,0.86
2310,17.26,98.18,9.73,99.65,0.86
2315,17.26,98.18,9.73,99.65,0.86
2320,17.26,98.17,9.73,99.65,0.86
2325,17.26,98.17,9.73,99.65,0.86
2330,17.26,98.17,9.73,99.65,0.86
2335,17.26,98.17,9.73,99.64,0.86
2340,17.26,98.17,9.73,99.64,0.86
2345,17.26,98.17,9.73,99.64,0.86
2350,17.26,98.17,9.73,99.64,0.86
2355,17.26,98.17,9.73,99.64,0.86
2360,17.26,98.17,9.73,99.64,0.86
2365,17.26,98.17,9.73,99.64,0.86
2370,17.26,98.17,9.73,99.64,0.86
2375,17.26,98.17,9.73,99.64,0.86
2380,17.26,98.16,9.73,99.64,0.86
2385,17.26,98.16,9.73,99.64,0.86
2390,17.26,98.16,9.73,99.64,0.86
2395,17.26,98.16,9.73,99.64,0.86
2400,16.19,97.61,8.69,99.87,0.78
2405,16.19,97.61,8.69,99.87,0.78
2410,16.19,97.61,8.69,99.86,0.78
2415,16.19,97.61,8.69,99.86,0.78
2420,16.19,97.61,8.69,99.86,0.78
2425,16.19,97.61,8.69,99.86,0.78
2430,16.19,97.61,8.69,99.86,0.78
2435,16.19,97.61,8.69,99.86,0.78
2440,16.19,97.6,8.69,99.85,0.78
2445,16.19,97.6,8.69,99.85,0.78
2450,16.19,97.6,8.69,99.85,0.78
2455,16.19,97.6,8.69,99.85,0.78
2460,16.19,97.6,8.69,99.85,0.78
2465,16.19,97.6,8.69,99.85,0.78
2470,16.19,97.6,8.69,99.84,0.78
2475,16.19,97.6,8.69,99.84,0.78
2480,16.19,97.6,8.69,99.84,0.78
2485,16.19,97.6,8.69,99.84,0.78
2490,16.19,97.6,8.69,99.84,0.78
2495,16.19,97.6,8.69,99.84,0.78
2500,16.19,97.59,8.69,99.83,0.78
2505,16.19,97.6,8.69,99.83,0.78
2510,16.19,97.6,8.69,99.83,0.78
2515,16.19,97.6,8.69,99.83,0.78
2520,16.19,97.6,8.69,99.83,0.78
2525,16.19,97.6,8.69,99.83,0.78
2530,16.19,97.61,8.69,99.83,0.78
2535,16.19,97.61,8.69,99.83,0.78
2540,16.19,97.61,8.69,99.83,0.78
2545,16.19,97.61,8.69,99.83,0.78
2550,16.19,97.61,8.69,99.82,0.78
2555,16.19,97.61,8.69,99.82,0.78
2560,16.19,97.62,8.69,99.82,0.78
2565,16.19,97.62,8.69,99.82,0.78
2570,16.19,97.62,8.69,99.82,0.78
2575,16.19,97.62,8.69,99.82,0.78
2580,16.19,97.62,8.69,99.82,0.78
2585,16.19,97.63,8.69,99.82,0.78
2590,16.19,97.63,8.69,99.82,0.78
2595,16.19,97.63,8.69,99.82,0.78
2600,16.19,97.63,8.69,99.82,0.78
2605,16.19,97.63,8.69,99.81,0.78
2610,16.19,97.63,8.69,99.81,0.78
2615,16.19,97.64,8.69,99.81,0.78
2620,16.19,97.64,8.69,99.81,0.78
2625,16.19,97.64,8.69,99.81,0.78
2630,16.19,97.64,8.69,99.81,0.78
2635,16.19,97.64,8.69,99.81,0.78
2640,16.19,97.65,8.69,99.81,0.78
2645,16.19,97.65,8.69,99.81,0.78
2650,16.19,97.65,8.69,99.81,0.78
2655,16.19,97.65,8.69,99.81,0.78
2660,16.19,97.65,8.69,99.8,0.78
2665,16.19,97.65,8.69,99.8,0.78
2670,16.19,97.66,8.69,99.8,0.78
2675,16.19,97.66,8.69,99.8,0.78
2680,16.19,97.66,8.69,99.8,0.78
2685,16.19,97.66,8.69,99.8,0.78
2690,16.19,97.66,8.69,99.8,0.78
2695,16.19,82.27,8.69,99.8,0.78
2700,16.19,10.29,8.69,99.8,0.78
2705,16.19,10.29,8.69,99.8,0.78
2710,16.19,10.29,8.69,99.8,0.78
2715,16.19,10.29,8.69,99.8,0.78
2720,16.19,10.29,8.69,99.8,0.78
2725,16.19,10.29,8.69,99.79,0.78
2730,16.19,10.29,8.69,99.79,0.78
2735,16.19,10.29,8.69,99.79,0.78
2740,16.19,10.29,8.69,99.79,0.78
2745,16.19,10.29,8.69,99.79,0.78
2750,16.19,10.29,8.69,99.79,0.78
2755,16.19,10.29,8.69,99.79,0.78
2760,16.19,10.29,8.69,99.79,0.78
2765,16.19,10.29,8.69,99.79,0.78
2770,16.19,10.29,8.69,99.79,0.78
2775,16.19,10.29,8.69,99.79,0.78
2780,16.19,10.29,8.69,99.79,0.78
2785,16.19,10.29,8.69,66.84,0.78
2790,98.46,97.7,8.69,11.08,99.53
2795,98.46,97.7,8.69,11.08,99.53
2800,98.46,97.7,8.69,11.08,99.53
2805,98.46,97.7,8.69,11.08,99.53
2810,98.46,97.7,8.69,11.08,99.53
2815,98.46,97.71,8.69,11.08,99.53
2820,98.46,97.71,8.69,11.08,99.53
2825,98.46,97.71,8.69,11.08,99.53
2830,98.46,97.71,8.69,11.08,99.53
2835,98.46,97.71,8.69,11.08,99.53
2840,98.46,97.71,8.69,11.08,99.53
2845,98.46,97.72,8.69,11.08,99.53
2850,98.46,97.72,8.69,11.08,99.53
2855,98.46,97.72,8.69,11.08,99.53
2860,98.46,97.72,8.69,11.08,99.53
2865,98.46,97.72,8.69,11.08,99.53
2870,98.46,97.72,8.69,11.08,99.53
2875,98.46,97.72,8.69,11.08,99.53
2880,98.46,97.73,8.69,11.08,99.53
2885,98.47,97.73,8.69,11.08,99.53
2890,98.47,97.73,8.69,10.93,99.53
2895,98.47,97.73,8.69,10.87,99.53
2900,98.47,97.73,8.69,10.87,99.53
2905,98.47,97.73,8.69,10.87,99.53
2910,98.47,97.74,8.69,10.87,99.53
2915,98.47,97.74,8.69,10.87,99.53
2920,98.47,97.74,8.69,10.87,99.53
2925,98.47,97.74,8.69,10.87,99.53
2930,98.47,97.74,8.69,10.87,99.53
2935,98.47,97.74,8.69,10.87,99.53
2940,98.47,97.75,8.69,10.87,99.53
2945,98.47,97.75,8.69,10.87,99.53
2950,98.47,97.75,8.69,10.87,99.53
2955,98.47,97.75,8.69,10.87,99.53
2960,98.47,97.75,8.69,10.87,99.53
2965,98.47,97.75,8.69,10.87,99.53
2970,98.47,97.76,8.69,10.87,99.53
2975,98.47,97.76,8.69,10.87,99.53
2980,98.47,97.76,8.69,10.87,99.52
2985,98.48,97.76,8.69,10.87,62.32
2990,98.48,97.76,8.69,10.87,43.03
2995,98.48,97.76,8.69,10.87,43.03
3000,97.67,96.75,7.86,10.71,42.95
3005,97.66,96.74,7.86,10.71,42.94
3010,97.65,96.74,7.86,10.71,42.94
3015,97.65,96.73,7.86,10.71,42.94
3020,97.64,96.73,7.86,10.71,42.93
3025,97.63,96.73,7.86,10.71,42.93
3030,97.63,96.72,7.86,9.67,42.92
3035,97.62,96.72,7.86,9.01,72.37
3040,97.62,96.71,7.86,9.01,72.39
3045,97.61,96.71,7.86,9.01,72.42
3050,97.6,96.71,7.86,9.01,72.44
3055,97.6,96.7,7.86,9.01,72.46
3060,97.59,96.7,7.86,9.01,72.48
3065,97.59,96.7,7.86,8.91,72.5
3070,97.58,96.69,7.86,8.91,72.52
3075,97.58,96.69,7.86,8.91,72.53
3080,97.57,96.69,7.86,8.91,72.55
3085,97.57,96.68,7.86,8.91,72.57
3090,97.56,96.68,7.86,8.91,72.59
3095,97.56,96.68,7.86,8.91,72.6
3100,97.55,96.67,7.86,8.91,72.62
3105,97.55,96.67,7.86,8.91,72.64
3110,97.54,96.67,7.86,8.91,72.65
3115,97.54,96.66,7.86,8.91,72.67
3120,97.53,96.66,7.86,8.91,72.68
3125,97.53,96.66,7.86,8.91,72.7
3130,97.52,96.65,7.86,8.91,72.71
3135,97.52,96.65,7.86,8.91,72.73
3140,97.51,96.65,7.86,8.91,72.74
3145,97.51,96.65,7.86,8.91,72.76
3150,97.5,96.64,7.86,8.91,42.85
3155,97.5,96.64,7.86,8.91,42.85
3160,97.5,96.64,7.86,8.91,42.84
3165,97.49,96.64,7.86,8.91,42.84
3170,97.49,96.63,7.86,8.91,42.84
3175,97.48,96.63,7.86,8.91,42.84
3180,97.48,96.63,10.3,8.91,42.83
3185,97.48,96.63,7.86,8.91,42.83
3190,97.47,96.62,7.86,8.91,42.83
3195,97.47,96.62,7.86,8.91,42.83
3200,97.47,96.62,7.86,8.91,42.83
3205,97.46,96.62,7.86,8.91,42.82
3210,97.46,96.61,7.86,8.91,42.82
3215,97.45,96.61,7.86,8.91,42.82
3220,97.45,96.61,7.86,8.91,42.82
3225,97.45,96.61,7.86,8.91,42.81
3230,97.44,96.61,7.86,8.91,42.81
3235,97.44,96.6,7.86,8.91,42.81
3240,97.44,96.6,7.86,8.91,42.81
3245,97.43,96.6,7.86,8.91,42.81
3250,97.43,96.6,7.86,8.91,42.81
3255,97.43,96.6,7.86,8.91,42.8
3260,97.43,96.59,7.86,8.91,42.8
3265,97.42,96.59,7.86,8.91,42.8
3270,97.42,96.59,7.86,8.91,42.8
3275,97.42,96.59,7.86,8.91,42.8
3280,97.41,96.59,7.86,8.91,42.79
3285,97.41,96.58,7.86,8.91,42.79
3290,97.41,96.58,94.36,8.91,42.79
3295,97.4,96.58,94.36,8.91,42.79
3300,97.4,96.58,94.35,8.91,42.79
3305,97.4,96.58,94.35,8.91,42.79
3310,97.4,96.58,94.35,8.91,42.79
3315,97.39,96.57,94.35,8.91,42.78
3320,97.39,96.57,94.34,8.91,42.78
3325,97.39,96.57,94.34,8.91,42.78
3330,97.39,96.57,94.34,8.91,42.78
3335,97.38,96.57,94.34,8.91,42.78
3340,97.38,96.57,94.34,8.91,42.78
3345,97.38,96.56,94.33,8.91,42.78
3350,97.38,96.56,94.33,8.91,42.78
3355,97.37,96.56,94.33,8.91,42.77
3360,97.37,96.56,94.33,8.91,42.77
3365,97.37,96.56,94.33,8.91,42.77
3370,97.37,96.56,94.32,8.91,42.77
3375,97.36,96.56,94.32,8.91,42.77
3380,97.36,96.55,94.32,8.91,42.77
3385,97.36,96.55,94.32,8.91,42.77
3390,97.36,96.55,94.32,8.91,42.77
3395,97.36,96.55,94.32,8.91,42.77
3400,97.35,96.55,94.31,8.91,42.76
3405,97.35,96.55,94.31,8.91,42.76
3410,97.35,96.55,94.31,8.91,42.76
3415,97.35,96.55,94.31,8.91,42.76
3420,97.35,96.55,94.31,8.91,42.76
3425,97.34,96.54,94.31,8.91,42.76
3430,97.34,96.54,94.31,8.91,42.76
3435,97.34,96.54,94.3,8.91,42.76
3440,97.34,96.54,94.3,8.91,42.76
3445,97.34,96.54,94.3,8.91,42.76
3450,97.33,96.54,94.3,8.91,42.76
3455,97.33,96.54,94.3,8.91,42.76
3460,97.33,96.54,94.3,8.91,42.75
3465,97.33,96.54,94.3,8.91,42.75
3470,97.33,96.53,94.29,8.91,42.75
3475,97.33,96.53,94.29,8.91,42.75
3480,97.32,96.53,94.29,8.91,42.75
3485,97.32,96.53,94.29,8.91,42.75
3490,97.32,96.53,94.29,8.91,42.75
3495,97.32,96.53,94.29,8.91,42.75
3500,97.32,96.53,94.29,8.91,42.75
3505,97.32,96.53,94.29,8.91,42.75
3510,97.31,96.53,94.29,8.91,42.75
3515,97.31,96.53,94.28,8.62,42.75
3520,97.31,96.53,94.28,8.6,42.75
3525,97.31,96.53,94.28,8.6,42.75
3530,97.31,96.53,94.28,8.6,42.75
3535,97.31,96.52,94.28,8.6,42.75
3540,97.31,96.52,94.28,8.6,42.75
3545,97.3,96.52,94.28,8.6,42.75
3550,97.3,96.52,94.28,8.6,42.74
3555,97.3,96.52,94.28,8.6,42.74
3560,97.3,96.52,94.28,8.6,42.74
3565,97.3,96.52,94.28,8.6,42.74
3570,97.3,96.52,94.28,8.6,42.74
3575,97.3,96.52,94.27,8.6,42.74
3580,97.3,96.52,94.27,8.6,42.74
3585,97.29,96.52,94.27,8.6,42.74
3590,97.29,96.52,94.27,8.6,42.74
3595,97.29,96.52,94.27,8.6,42.74
3600,98.25,95.44,93.6,8.93,42.66
3605,98.25,95.43,93.59,8.93,42.66
3610,98.26,95.42,93.59,8.93,42.66
3615,98.26,95.41,93.58,8.93,42.65
3620,98.26,95.4,93.58,8.93,42.65
3625,98.26,95.39,93.58,8.93,42.65
3630,98.26,95.39,93.57,8.93,42.65
3635,98.26,95.38,93.57,8.93,42.64
3640,98.26,95.37,93.56,8.93,42.64
3645,98.26,95.36,93.56,8.93,42.64
3650,98.27,95.35,93.56,8.93,42.63
3655,98.27,95.34,93.55,8.93,42.63
3660,98.27,95.34,93.55,8.93,42.63
3665,98.27,95.33,93.54,8.93,42.63
3670,98.27,95.32,93.54,8.93,42.62
3675,98.27,95.31,93.54,8.93,42.62
3680,98.27,95.31,93.53,8.93,42.62
3685,98.27,95.3,93.53,8.93,42.62
3690,98.27,95.29,93.52,8.93,42.61
3695,98.28,95.29,93.52,8.93,42.61
3700,98.28,95.28,93.52,8.93,42.61
3705,98.28,95.27,93.51,8.93,42.61
3710,98.28,95.27,93.51,8.93,42.6
3715,98.28,95.26,93.51,8.93,42.6
3720,98.28,95.25,93.5,8.93,42.6
3725,98.28,95.25,93.5,8.93,42.6
3730,98.28,95.24,93.5,8.93,50.85
3735,98.29,95.23,93.49,8.93,59.99
3740,98.29,95.23,93.49,8.93,59.99
3745,98.29,95.22,93.49,8.93,59.98
3750,98.29,95.21,93.49,8.93,59.98
3755,98.29,95.21,93.48,8.93,59.98
3760,98.29,95.2,93.48,8.93,59.97
3765,98.29,95.2,93.48,8.93,59.97
3770,98.29,95.19,93.47,8.93,59.97
3775,98.29,95.18,93.47,8.93,59.97
3780,98.3,95.18,93.47,8.93,59.96
3785,98.3,95.17,93.46,8.93,55.13
3790,98.3,95.17,93.46,8.93,42.57
3795,98.3,95.16,93.46,8.93,42.57
3800,98.3,95.16,93.46,8.93,42.57
3805,98.3,95.15,93.45,8.93,42.57
3810,98.3,95.15,93.45,8.93,42.57
3815,98.3,95.14,93.45,8.93,42.56
3820,98.31,95.14,93.45,8.93,42.56
3825,98.31,95.13,93.44,8.93,42.56
3830,98.31,95.13,93.44,8.93,42.56
3835,98.31,95.12,93.44,8.93,42.56
3840,98.31,95.12,93.44,8.93,42.56
3845,98.31,95.11,93.43,8.93,42.55
3850,98.31,95.11,93.43,8.93,42.55
3855,98.31,95.1,93.43,8.93,42.55
3860,98.31,95.1,93.43,8.93,42.55
3865,98.32,95.09,93.42,8.93,42.55
3870,98.32,95.09,93.42,8.93,42.55
3875,98.32,95.08,93.42,8.93,42.55
3880,98.32,95.08,93.42,8.93,42.54
3885,98.32,95.07,93.42,8.93,42.54
3890,98.32,95.07,93.41,8.93,42.54
3895,98.32,95.06,93.41,8.93,42.54
3900,98.32,95.06,93.41,8.93,42.54
3905,98.32,95.06,93.41,8.93,42.54
3910,98.33,95.05,93.41,8.93,42.54
3915,98.33,95.05,93.4,8.93,42.54
3920,98.33,95.04,93.4,8.93,42.53
3925,98.33,95.04,93.4,8.93,42.53
3930,98.33,95.04,93.4,8.93,42.53
3935,98.33,95.03,93.4,8.93,42.53
3940,98.33,95.03,93.4,8.93,42.53
3945,98.33,95.02,93.39,8.93,42.53
3950,98.33,95.02,93.39,8.93,42.53
3955,98.33,95.02,93.39,8.93,42.53
3960,98.34,95.01,93.39,8.93,42.53
3965,98.34,95.01,93.39,8.57,42.52
3970,98.34,95.01,93.39,8.57,99.3
3975,98.34,95.0,93.38,8.57,99.3
3980,98.34,95.0,93.38,8.57,99.3
3985,98.34,94.99,93.38,8.57,99.3
3990,98.34,94.99,93.38,8.57,99.3
3995,98.34,94.99,93.38,8.57,99.3
4000,98.34,94.98,93.38,8.57,99.3
4005,98.35,94.98,93.38,8.57,99.3
4010,98.35,94.98,93.37,8.57,99.3
4015,98.35,94.97,93.37,8.57,99.3
4020,98.35,94.97,93.37,8.57,99.3
4025,98.35,94.97,93.37,8.57,99.3
4030,98.35,94.96,93.37,8.57,99.3
4035,98.35,94.96,93.37,8.57,99.3
4040,98.35,94.96,93.37,8.57,99.3
4045,98.35,94.96,93.36,8.57,99.3
4050,98.35,94.95,93.36,8.57,99.3
4055,98.36,94.95,93.36,8.57,99.3
4060,98.36,94.95,93.36,8.57,99.3
4065,98.36,94.94,93.36,8.57,99.3
4070,98.36,94.94,93.36,8.57,99.3
4075,98.36,94.94,93.36,8.57,99.3
4080,98.36,94.94,93.36,8.57,99.3
4085,98.36,94.93,93.36,8.57,99.3
4090,98.36,94.93,93.36,8.57,99.3
4095,98.36,94.93,93.35,8.57,99.3
4100,98.37,94.92,93.35,8.57,99.3
4105,98.37,94.92,93.35,8.57,99.3
4110,98.37,94.92,93.35,8.57,99.3
4115,98.37,94.92,93.35,8.57,99.3
4120,98.37,94.91,93.35,8.57,99.3
4125,98.37,94.91,93.35,8.57,99.3
4130,98.37,94.91,93.35,8.57,99.3
4135,98.37,94.91,93.35,8.57,99.3
4140,98.37,94.9,93.35,8.57,99.3
4145,98.37,94.9,93.35,8.48,99.3
4150,98.38,94.9,93.34,8.48,99.3
4155,98.38,94.9,93.34,8.48,99.3
4160,98.38,20.82,93.34,8.48,99.3
4165,98.38,8.19,93.34,8.48,99.3
4170,98.38,8.19,93.34,8.48,99.3
4175,98.38,8.19,93.34,8.48,99.3
4180,98.38,8.19,93.34,8.48,99.3
4185,98.38,8.19,93.34,8.48,99.3
4190,98.38,8.19,93.34,8.48,99.3
4195,98.38,8.19,93.34,8.48,99.3
4200,97.73,7.04,92.51,8.97,99.21
4205,97.73,7.04,92.51,8.97,99.21
4210,97.73,7.04,92.5,8.97,99.21
4215,97.73,7.04,92.5,8.97,99.21
4220,97.73,7.04,92.49,8.97,99.21
4225,97.73,7.04,92.49,8.97,99.21
4230,97.73,7.04,92.48,8.97,99.21
4235,97.73,7.04,92.48,8.97,99.21
4240,97.73,7.04,92.48,8.97,99.21
4245,97.73,7.04,92.47,8.97,99.21
4250,97.73,7.04,92.47,8.97,99.21
4255,97.73,7.04,92.46,8.97,99.21
4260,97.73,7.04,92.46,8.97,99.21
4265,97.73,7.04,92.45,8.97,99.21
4270,97.73,7.04,92.45,8.97,99.21
4275,97.73,7.04,92.45,8.97,99.21
4280,97.73,7.04,92.44,8.97,99.2
4285,97.73,7.04,92.44,8.97,99.2
4290,97.73,7.04,92.43,8.97,99.2
4295,97.73,7.04,92.43,8.97,99.2
4300,97.73,7.04,92.43,8.97,99.2
4305,97.73,7.04,92.42,8.97,99.2
4310,97.73,7.04,92.42,8.97,99.2
4315,97.73,7.04,92.42,8.97,99.2
4320,97.73,7.04,92.41,8.97,99.2
4325,97.73,7.04,92.41,8.97,99.2
4330,97.73,7.04,92.4,8.97,99.2
4335,97.73,7.04,92.4,8.97,99.2
4340,97.73,7.04,92.4,8.97,99.2
4345,97.73,7.04,92.39,8.97,99.2
4350,97.73,7.04,92.39,8.97,99.2
4355,97.73,7.04,92.39,8.97,99.2
4360,97.73,7.04,92.38,8.97,99.2
4365,97.73,7.04,92.38,8.97,99.2
4370,97.73,7.04,92.38,8.97,99.2
4375,97.73,7.04,92.37,8.97,99.2
4380,97.73,7.04,92.37,8.97,99.2
4385,97.73,7.04,92.37,8.97,99.2
4390,97.73,7.04,92.37,8.97,99.2
4395,97.73,7.04,92.36,8.97,99.2
4400,97.73,7.04,92.36,8.97,99.2
4405,97.73,7.04,92.36,8.97,99.2
4410,97.73,7.04,92.35,8.97,99.2
4415,97.73,7.04,92.35,8.97,99.19
4420,97.73,7.04,92.35,8.97,99.19
4425,97.73,7.04,92.34,8.97,99.19
4430,97.73,7.04,92.34,8.97,99.19
4435,97.73,7.04,92.34,8.97,99.19
4440,97.73,7.04,92.34,8.97,99.19
4445,89.48,7.04,92.33,8.97,99.19
4450,88.41,7.04,92.33,8.97,99.19
4455,88.41,7.04,92.33,8.97,99.19
4460,88.41,7.04,92.33,8.97,99.19
4465,88.41,7.04,92.32,8.97,99.19
4470,88.4,7.04,92.32,8.97,99.19
4475,88.4,7.04,92.32,8.97,99.19
4480,88.4,7.04,92.31,8.97,99.19
4485,88.4,7.04,92.31,8.97,99.19
4490,88.4,7.04,92.31,8.97,99.19
4495,88.39,7.04,92.31,8.97,99.19
4500,88.39,7.04,92.31,8.97,99.19
4505,88.39,7.04,92.3,8.97,99.19
4510,88.39,7.04,92.3,8.97,99.19
4515,88.39,7.04,92.3,8.97,99.19
4520,88.39,7.04,92.3,8.97,99.19
4525,88.38,7.04,92.29,8.97,99.19
4530,88.38,7.04,92.29,8.97,99.19
4535,88.38,7.04,92.29,8.97,99.19
4540,88.38,7.04,92.29,8.97,99.19
4545,88.38,7.04,92.28,8.97,99.19
4550,88.38,7.04,92.28,8.97,99.19
4555,88.37,7.04,92.28,8.99,99.19
4560,88.37,7.04,92.28,9.33,99.19
4565,88.37,7.04,92.28,9.33,99.19
4570,88.37,7.04,92.27,9.33,99.19
4575,88.37,7.04,92.27,9.33,99.19
4580,88.37,7.04,92.27,9.33,99.19
4585,88.37,7.04,92.27,9.33,99.19
4590,88.36,7.04,92.27,9.33,99.19
4595,88.36,7.04,92.27,9.33,99.19
4600,88.36,7.04,92.26,9.33,99.19
4605,88.36,7.04,92.26,9.33,99.19
4610,88.36,7.04,92.26,9.33,99.18
4615,88.36,7.04,92.26,9.33,99.18
4620,88.36,7.04,92.26,9.33,99.18
4625,88.35,7.04,92.25,9.33,99.18
4630,88.35,7.04,92.25,9.33,99.18
4635,88.35,7.04,92.25,9.33,99.18
4640,88.35,7.04,92.25,9.33,99.18
4645,88.35,7.04,92.25,9.33,99.18
4650,88.35,7.04,92.25,9.33,99.18
4655,88.35,7.04,92.24,9.33,99.18
4660,88.35,7.04,92.24,9.33,99.18
4665,88.34,7.04,92.24,9.33,99.18
4670,88.34,7.04,92.24,9.33,99.18
4675,88.34,7.04,92.24,9.33,99.18
4680,88.34,7.04,92.24,9.33,99.18
4685,88.34,7.04,92.24,9.33,99.18
4690,88.34,7.04,92.23,9.33,99.18
4695,88.34,7.04,92.23,9.33,99.18
4700,88.34,7.04,92.23,9.33,99.18
4705,88.33,7.04,92.23,9.33,99.18
4710,88.33,7.04,92.23,9.33,99.18
4715,88.33,7.04,92.23,9.33,99.18
4720,88.33,7.04,92.23,9.33,99.18
4725,88.33,7.04,92.22,9.33,99.18
4730,88.33,7.04,92.22,9.33,99.18
4735,88.33,7.04,92.22,9.33,99.18
4740,88.33,7.04,92.22,9.33,99.18
4745,88.33,7.04,92.22,9.33,0.54
4750,88.33,7.04,92.22,9.33,0.54
4755,88.32,7.04,92.22,9.33,0.54
4760,88.32,7.04,92.22,9.33,0.54
4765,88.32,7.04,92.22,9.33,0.54
4770,88.32,7.04,92.21,9.33,0.54
4775,88.32,7.04,92.21,9.33,0.54
4780,88.32,7.04,92.21,9.33,0.54
4785,88.32,7.04,92.21,9.33,0.54
4790,88.32,7.04,92.21,9.33,0.54
4795,88.32,7.04,92.21,9.33,0.54
4800,88.19,6.75,91.57,9.11,0.46
4805,88.19,6.75,91.57,9.11,0.46
4810,88.19,6.75,91.56,9.11,0.46
4815,88.19,6.75,91.56,9.11,0.46
4820,88.18,6.75,91.55,9.11,0.46
4825,88.18,6.75,91.55,9.11,0.46
4830,88.18,6.75,91.55,9.11,0.46
4835,88.17,6.75,91.54,9.11,0.46
4840,88.17,6.75,91.54,9.11,0.46
4845,88.17,6.75,91.54,9.11,0.46
4850,88.17,6.75,91.53,9.11,0.46
4855,88.16,6.75,91.53,9.11,0.46
4860,88.16,6.75,91.53,9.11,0.46
4865,88.16,6.75,91.52,9.11,0.46
4870,88.15,6.75,91.52,9.11,0.46
4875,88.15,6.75,91.52,9.11,0.46
4880,88.15,6.75,91.51,9.11,0.46
4885,88.15,6.75,91.51,9.11,0.46
4890,88.14,6.75,91.51,9.11,0.46
4895,88.14,6.75,91.5,9.11,0.46
4900,88.14,6.75,91.5,9.11,0.46
4905,88.14,6.75,91.5,9.11,0.46
4910,88.13,6.75,91.5,9.11,0.46
4915,88.13,6.75,91.49,9.11,0.46
4920,88.13,6.75,91.49,9.11,0.46
4925,88.13,6.75,91.49,9.11,0.46
4930,88.12,6.75,91.48,9.11,0.46
4935,88.12,6.75,91.48,9.11,0.46
4940,88.12,6.75,91.48,9.11,0.46
4945,88.12,6.75,91.48,9.11,0.46
4950,88.12,6.75,91.47,9.11,0.46
4955,88.11,6.75,91.47,9.11,0.46
4960,88.11,6.75,91.47,9.11,0.46
4965,88.11,6.75,91.46,9.11,0.46
4970,88.11,6.75,91.46,9.11,0.46
4975,88.1,6.75,91.46,9.11,0.46
4980,88.1,6.75,91.46,9.11,0.46
4985,88.1,6.75,91.45,9.11,0.46
4990,88.1,6.75,91.45,9.11,0.46
4995,88.1,6.75,91.45,9.11,0.46
5000,88.09,6.75,91.45,9.11,0.46
5005,88.09,6.75,91.44,9.11,0.46
5010,88.09,6.75,91.44,9.11,0.46
5015,88.09,6.75,91.44,9.11,0.46
5020,88.09,6.75,91.44,9.11,0.46
5025,88.08,6.75,91.43,9.11,0.46
5030,88.08,6.75,91.43,9.11,0.46
5035,88.08,6.75,91.43,9.11,0.46
5040,88.08,6.75,91.43,9.11,0.46
5045,88.08,6.75,91.43,9.11,0.46
5050,88.07,6.75,91.42,9.11,0.46
5055,88.07,6.75,91.42,9.11,0.46
5060,88.07,6.75,91.42,9.11,0.46
5065,88.07,6.75,91.42,9.11,0.46
5070,88.07,6.75,91.41,9.11,0.46
5075,88.07,6.75,91.41,9.11,0.46
5080,88.06,6.75,91.41,9.11,0.46
5085,88.06,6.75,91.41,9.11,0.46
5090,88.06,6.75,91.41,9.11,0.46
5095,88.06,6.75,91.4,9.11,0.46
5100,88.06,6.75,91.4,9.11,0.46
5105,88.06,6.75,91.4,9.11,0.46
5110,88.05,6.75,91.4,9.11,0.46
5115,88.05,6.75,91.4,9.11,0.46
5120,88.05,6.75,91.39,9.11,0.46
5125,88.05,6.75,91.39,9.11,0.46
5130,88.05,6.75,91.39,9.11,0.46
5135,88.05,6.75,91.39,9.11,0.46
5140,88.04,6.75,91.39,9.11,0.46
5145,88.04,6.75,91.39,9.11,0.46
5150,88.04,6.75,91.38,9.11,0.46
5155,88.04,6.75,91.38,9.11,0.46
5160,88.04,6.75,91.38,9.11,0.46
5165,88.04,6.75,91.38,8.76,0.46
5170,88.03,6.75,91.38,8.76,0.46
5175,88.03,6.75,91.38,8.76,0.46
5180,88.03,6.75,91.37,8.76,0.46
5185,88.03,6.75,91.37,8.76,0.46
5190,88.03,6.75,91.37,8.76,0.46
5195,88.03,6.75,91.37,8.76,0.46
5200,88.03,6.75,91.37,8.76,0.46
5205,88.03,6.75,91.37,8.76,0.46
5210,88.02,6.75,91.36,8.76,0.46
5215,88.02,6.75,91.36,8.76,0.46
5220,88.02,6.75,91.36,8.76,0.46
5225,15.56,6.75,5.72,8.76,0.46
5230,15.56,6.75,5.72,8.76,0.46
5235,15.56,6.75,5.72,8.76,0.46
5240,15.56,6.75,5.72,8.76,0.46
5245,15.56,6.75,5.72,8.76,0.46
5250,15.56,6.75,5.72,8.76,0.46
5255,15.56,6.75,5.72,8.76,0.46
5260,15.56,6.75,5.72,8.76,0.46
5265,15.56,6.75,5.72,8.76,0.46
5270,15.56,6.75,5.72,8.76,0.46
5275,15.56,6.75,5.72,8.76,0.46
5280,15.56,6.75,5.72,8.76,0.46
5285,15.56,6.75,5.72,8.76,0.46
5290,15.56,6.75,5.72,8.76,0.46
5295,15.56,6.75,5.72,8.76,0.46
5300,15.56,6.75,5.72,8.76,0.46
5305,15.56,6.75,5.72,8.76,0.46
5310,15.56,6.75,5.72,8.76,0.46
5315,15.56,6.75,5.72,8.76,0.46
5320,15.56,6.75,5.72,8.76,0.46
5325,15.56,6.75,5.72,8.76,0.46
5330,15.56,6.75,5.72,8.76,0.46
5335,15.56,6.75,5.72,8.76,0.46
5340,15.56,6.75,5.72,8.76,0.46
5345,15.56,6.75,5.72,8.76,0.46
5350,15.56,6.75,5.72,8.76,0.46
5355,15.56,6.75,5.72,8.76,0.46
5360,15.56,6.75,5.72,8.76,0.46
5365,15.56,6.75,5.72,8.76,0.46
5370,15.56,6.75,5.72,8.76,0.46
5375,15.56,6.75,5.72,8.76,0.46
5380,15.56,6.75,5.72,8.76,0.46
5385,15.56,6.75,5.72,8.76,0.46
5390,15.56,6.75,5.72,8.76,0.46
5395,15.56,6.75,5.72,8.76,0.46
5400,16.88,5.82,5.46,8.57,0.37
5405,16.88,5.82,5.46,8.57,0.37
5410,16.88,5.82,5.46,8.57,0.37
5415,16.88,5.82,5.46,8.57,0.37
5420,16.88,5.82,5.46,8.57,0.37
5425,16.88,5.82,5.46,8.57,0.37
5430,16.88,5.82,5.46,8.57,0.37
5435,16.88,5.82,5.46,8.57,0.37
5440,16.88,5.82,5.46,8.57,0.37
5445,16.88,5.82,5.46,8.57,0.37
5450,16.88,5.82,5.46,8.57,0.37
5455,16.88,5.82,5.46,8.57,0.37
5460,16.88,5.82,5.46,8.57,0.37
5465,16.88,5.82,5.46,8.57,0.37
5470,16.88,5.82,5.46,8.57,0.37
5475,16.88,5.82,5.46,8.57,0.37
5480,16.88,5.82,5.46,8.57,0.37
5485,16.88,5.82,5.46,8.57,0.37
5490,16.88,5.82,5.46,8.57,0.37
5495,16.88,5.82,5.46,8.57,0.37
5500,16.88,5.82,5.46,8.57,0.37
5505,16.88,5.82,5.46,8.57,0.37
5510,16.88,5.82,5.46,8.57,0.37
5515,16.88,5.82,5.46,8.57,0.37
5520,16.88,5.82,5.46,8.57,0.37
5525,16.88,5.82,5.46,8.57,0.37
5530,16.88,5.82,5.46,8.57,0.37
5535,16.88,5.82,5.46,8.57,0.37
5540,16.88,5.82,5.46,8.57,0.37
5545,16.88,5.82,5.46,8.57,0.37
5550,16.88,5.82,5.46,8.57,0.37
5555,16.88,5.82,5.46,8.57,0.37
5560,16.88,5.82,5.46,8.57,0.37
5565,16.88,5.82,5.46,8.57,0.37
5570,16.88,5.82,5.46,8.57,0.37
5575,16.88,5.82,5.46,8.57,0.37
5580,16.88,5.82,5.46,8.57,0.37
5585,16.88,5.82,5.46,8.57,0.37
5590,16.88,5.82,5.46,8.57,0.37
5595,16.88,5.82,5.46,8.57,0.37
5600,16.88,5.82,5.46,8.57,0.37
5605,16.88,5.82,5.46,8.57,0.37
5610,16.88,5.82,5.46,8.57,0.37
5615,16.88,5.82,5.46,8.57,0.37
5620,16.88,5.82,5.46,8.57,0.37
5625,16.88,5.82,5.46,8.57,0.37
5630,16.88,5.82,5.46,8.57,0.37
5635,16.88,5.82,5.46,8.57,0.37
5640,16.88,5.82,5.46,8.57,0.37
5645,16.88,5.82,5.46,8.57,0.37
5650,16.88,5.82,5.46,8.57,0.37
5655,16.88,5.82,5.46,8.57,0.37
5660,16.88,5.82,5.46,8.57,0.37
5665,16.88,5.82,5.46,8.57,0.37
5670,16.88,5.82,5.46,8.57,0.37
5675,16.88,5.82,5.46,8.57,0.37
5680,16.88,5.82,5.46,8.57,0.37
5685,16.88,5.82,5.46,8.57,0.37
5690,16.88,5.82,5.46,8.57,0.37
5695,16.88,5.82,5.46,8.57,0.37
5700,16.88,5.82,5.46,8.57,0.37
5705,16.88,5.82,5.46,8.57,0.37
5710,16.88,5.82,5.46,8.57,0.37
5715,16.88,5.82,5.46,8.57,0.37
5720,16.88,5.82,5.46,8.57,0.37
5725,16.88,5.82,5.46,8.57,0.37
5730,16.88,5.82,5.46,8.57,0.37
5735,16.88,5.82,5.46,8.57,0.37
5740,16.88,5.82,5.46,8.57,0.37
5745,16.88,5.82,5.46,8.57,0.37
5750,16.88,5.82,5.46,8.57,0.37
5755,16.88,5.82,5.46,8.57,0.37
5760,16.88,5.82,5.46,8.57,0.37
5765,16.88,5.82,5.46,8.57,0.37
5770,16.88,5.82,5.46,8.57,0.37
5775,16.88,5.82,5.46,8.57,0.37
5780,16.88,5.82,5.46,8.57,0.37
5785,16.88,5.82,5.46,8.57,0.37
5790,16.88,5.82,5.46,8.57,0.37
5795,16.88,5.82,5.46,8.57,0.37
5800,16.88,5.82,5.46,8.57,0.37
5805,16.88,5.82,5.46,8.57,0.37
5810,16.88,5.82,5.46,8.57,0.37
5815,16.88,5.82,5.46,8.57,0.37
5820,16.88,5.82,5.46,8.57,0.37
5825,16.88,5.82,5.46,8.57,0.37
5830,16.88,5.82,5.46,8.57,0.37
5835,16.88,5.82,5.46,8.57,0.37
5840,16.88,5.82,5.46,8.57,0.37
5845,16.88,5.82,5.46,8.57,0.37
5850,16.88,5.82,5.46,8.57,0.37
5855,16.88,5.82,5.46,8.57,0.37
5860,16.88,5.82,5.46,8.57,0.37
5865,16.88,5.82,5.46,8.57,0.37
5870,16.88,5.82,5.46,8.57,0.37
5875,16.88,5.82,5.46,8.57,0.37
5880,16.88,5.82,5.46,8.57,0.37
5885,16.88,5.82,5.46,8.57,0.37
5890,16.88,5.82,5.46,8.57,0.37
5895,16.88,5.82,5.46,8.57,0.37
5900,16.88,5.82,5.46,8.57,0.37
5905,16.88,5.82,5.46,8.57,0.37
5910,16.88,5.82,5.46,8.57,0.37
5915,16.88,5.82,5.46,8.57,0.37
5920,16.88,5.82,5.46,8.57,0.37
5925,16.88,5.82,5.46,8.57,0.37
5930,16.88,5.82,5.46,8.57,0.37
5935,16.88,5.82,5.46,8.57,0.37
5940,16.88,5.82,5.46,8.57,0.37
5945,16.88,5.82,5.46,8.57,0.37
5950,16.88,5.82,5.46,8.57,0.37
5955,16.88,5.82,5.46,8.57,0.37
5960,16.88,5.82,5.46,8.57,0.37
5965,16.88,5.82,5.46,8.57,0.37
5970,16.88,5.82,5.46,8.57,0.37
5975,16.88,5.82,5.46,8.57,0.37
5980,16.88,5.82,5.46,8.57,0.37
5985,16.88,5.82,5.46,8.57,0.37
5990,16.88,5.82,5.46,8.57,0.37
5995,16.88,5.82,5.46,8.57,0.37
6000,16.37,13.49,5.49,8.66,0.37
6005,16.37,13.49,5.49,8.66,0.37
6010,16.37,13.49,5.49,8.66,0.37
6015,16.37,13.49,5.49,8.66,0.37
6020,16.37,13.49,5.49,8.66,0.37
6025,16.37,13.49,5.49,8.66,0.37
6030,16.37,13.49,5.49,8.66,0.37
6035,16.37,13.49,5.49,8.66,0.37
6040,16.37,13.49,5.49,8.66,0.37
6045,16.37,13.49,5.49,8.66,0.37
6050,16.37,13.49,5.49,8.66,0.37
6055,16.37,13.49,5.49,8.66,0.37
6060,16.37,13.49,5.49,8.66,0.37
6065,16.37,13.49,5.49,8.66,0.37
6070,16.37,13.49,5.49,8.66,0.37
6075,16.37,13.49,5.49,8.66,0.37
6080,16.37,13.49,5.49,8.66,0.37
6085,16.37,13.49,5.49,8.66,0.37
6090,16.37,13.49,5.49,8.66,0.37
6095,16.37,13.49,5.49,8.66,0.37
6100,16.37,13.49,5.49,8.66,0.37
6105,16.37,13.49,5.49,8.66,0.37
6110,16.37,13.49,5.49,8.66,0.37
6115,16.37,13.49,5.49,8.66,0.37
6120,16.37,13.49,5.49,8.66,0.37
6125,16.37,13.49,5.49,8.66,0.37
6130,16.37,13.49,5.49,8.66,0.37
6135,16.37,13.49,5.49,8.66,0.37
6140,16.37,13.49,5.49,8.66,0.37
6145,16.37,13.49,5.49,8.66,0.37
6150,16.37,13.49,5.49,8.66,0.37
6155,16.37,13.49,5.49,8.66,0.37
6160,16.37,13.49,5.49,8.66,0.37
6165,16.37,13.49,5.49,8.66,0.37
6170,16.37,13.49,5.49,8.66,0.37
6175,16.37,13.49,5.49,8.66,0.37
6180,16.37,13.49,5.49,8.66,0.37
6185,16.37,13.49,5.49,8.66,0.37
6190,16.37,13.49,5.49,8.66,0.37
6195,16.37,13.49,5.49,8.66,0.37
6200,16.37,13.49,5.49,8.66,0.37
6205,16.37,13.49,5.49,8.66,0.37
6210,16.37,13.49,5.49,8.66,0.37
6215,16.37,13.49,5.49,8.66,0.37
6220,16.37,13.49,5.49,8.66,0.37
6225,16.37,13.49,5.49,8.66,0.37
6230,16.37,13.49,5.49,8.66,0.37
6235,16.37,13.49,5.49,8.66,0.37
6240,16.37,13.49,5.49,8.66,0.37
6245,16.37,13.49,5.49,8.66,0.37
6250,16.37,13.49,5.49,8.66,0.37
6255,16.37,13.49,5.49,8.66,0.37
6260,16.37,13.49,5.49,8.66,0.37
6265,16.37,13.49,5.49,8.66,0.37
6270,16.37,13.49,5.49,8.66,0.37
6275,16.37,13.49,5.49,8.66,0.37
6280,16.37,13.49,5.49,8.66,0.37
6285,16.37,13.49,5.49,8.66,0.37
6290,16.37,13.49,5.49,8.66,0.37
6295,16.37,13.49,5.49,8.66,0.37
6300,16.37,13.49,5.49,8.66,0.37
6305,16.37,13.49,5.49,8.66,0.37
6310,16.37,13.49,5.49,8.66,0.37
6315,16.37,13.49,5.49,8.66,0.37
6320,16.37,13.49,5.49,8.66,0.37
6325,16.37,13.49,5.49,8.66,0.37
6330,16.37,13.49,5.49,8.66,0.37
6335,16.37,13.49,5.49,8.66,0.37
6340,16.37,13.49,5.49,8.66,0.37
6345,16.37,13.49,5.49,8.66,0.37
6350,16.37,13.49,5.49,8.66,0.37
6355,16.37,13.49,5.49,8.66,0.37
6360,16.37,13.49,5.49,8.66,0.37
6365,16.37,13.49,5.49,8.66,0.37
6370,16.37,13.49,5.49,8.66,0.37
6375,16.37,13.49,5.49,8.66,0.37
6380,16.37,13.49,5.49,8.66,0.37
6385,16.37,13.49,5.49,8.66,0.37
6390,16.37,13.49,5.49,8.66,0.37
6395,16.37,13.49,5.49,8.66,0.37
6400,16.37,13.49,5.49,8.66,0.37
6405,16.37,13.49,5.49,8.66,0.37
6410,16.37,13.49,5.49,8.66,0.37
6415,16.37,13.49,5.49,8.66,0.37
6420,16.37,13.49,5.49,8.66,0.37
6425,16.37,13.49,5.49,8.66,0.37
6430,16.37,13.49,5.49,8.66,0.37
6435,16.37,13.49,5.49,8.66,0.37
6440,16.37,13.49,5.49,8.66,0.37
6445,16.37,13.49,5.49,8.66,0.37
6450,16.37,13.49,5.49,8.66,0.37
6455,16.37,13.49,5.49,8.66,0.37
6460,16.37,13.49,5.49,8.66,0.37
6465,16.37,13.49,5.49,8.66,0.37
6470,16.37,13.49,5.49,8.66,0.37
6475,16.37,13.49,5.49,8.66,0.37
6480,16.37,13.49,5.49,8.66,0.37
6485,16.37,13.49,5.49,8.66,0.37
6490,16.37,13.49,5.49,8.66,0.37
6495,16.37,13.49,5.49,8.66,0.37
6500,16.37,13.49,5.49,8.66,0.37
6505,16.37,13.49,5.49,8.66,0.37
6510,16.37,13.49,5.49,8.66,0.37
6515,16.37,13.49,5.49,8.66,0.37
6520,16.37,13.49,5.49,8.66,0.37
6525,16.37,13.49,5.49,8.66,0.37
6530,16.37,13.49,5.49,8.66,0.37
6535,16.37,13.49,5.49,8.66,0.37
6540,16.37,13.49,5.49,8.66,0.37
6545,16.37,13.49,5.49,8.66,0.37
6550,16.37,13.49,5.49,8.66,0.37
6555,16.37,13.49,5.49,8.66,0.37
6560,16.37,13.49,5.49,8.66,0.37
6565,16.37,13.49,5.49,8.66,0.37
6570,16.37,13.49,5.49,8.66,0.37
6575,16.37,13.49,5.49,8.66,0.37
6580,16.37,13.49,5.49,8.66,0.37
6585,16.37,13.49,5.49,8.66,0.37
6590,16.37,13.49,5.49,8.66,0.37
6595,16.37,13.49,5.49,8.66,0.37
6600,15.04,12.88,5.47,8.76,0.35
6605,15.04,12.88,5.47,8.76,0.35
6610,15.04,12.88,5.47,8.76,0.35
6615,15.04,12.88,5.47,8.76,0.35
6620,15.04,12.88,5.47,8.76,0.35
6625,15.04,12.88,5.47,8.76,0.35
6630,15.04,12.88,5.47,8.76,0.35
6635,15.04,12.88,5.47,8.76,0.35
6640,15.04,12.88,5.47,8.76,0.35
6645,15.04,12.88,5.47,8.76,0.35
6650,15.04,12.88,5.47,8.76,0.35
6655,15.04,12.88,5.47,8.76,0.35
6660,15.04,12.88,5.47,8.76,0.35
6665,15.04,12.88,5.47,8.76,0.35
6670,15.04,12.88,5.47,8.76,0.35
6675,15.04,12.88,5.47,8.76,0.35
6680,15.04,12.88,5.47,8.76,0.35
6685,15.04,12.88,5.47,8.76,0.35
6690,15.04,12.88,5.47,8.76,0.35
6695,15.04,12.88,5.47,8.76,0.35
6700,15.04,12.88,5.47,8.76,0.35
6705,15.04,12.88,5.47,8.76,0.35
6710,15.04,12.88,5.47,8.76,0.35
6715,15.04,12.88,5.47,8.76,0.35
6720,15.04,12.88,5.47,8.76,0.35
6725,15.04,12.88,5.47,8.76,0.35
6730,15.04,12.88,5.47,8.76,0.35
6735,15.04,12.88,5.47,8.76,0.35
6740,15.04,12.88,5.47,8.76,0.35
6745,15.04,12.88,5.47,8.76,0.35
6750,15.04,12.88,5.47,8.76,0.35
6755,15.04,12.88,5.47,8.76,0.35
6760,15.04,12.88,5.47,8.76,0.35
6765,15.04,12.88,5.47,8.76,0.35
6770,15.04,12.88,5.47,8.76,0.35
6775,15.04,12.88,5.47,8.76,0.35
6780,15.04,12.88,5.47,8.76,0.35
6785,15.04,12.88,5.47,8.76,0.35
6790,15.04,12.88,5.47,8.76,0.35
6795,15.04,12.88,5.47,8.76,0.35
6800,15.04,12.88,5.47,8.76,0.35
6805,15.04,12.88,5.47,8.76,0.35
6810,15.04,12.88,5.47,8.76,0.35
6815,15.04,12.88,5.47,8.76,0.35
6820,15.04,12.88,5.47,8.76,0.35
6825,15.04,12.88,5.47,8.76,0.35
6830,15.04,12.88,5.47,8.76,0.35
6835,15.04,12.88,5.47,8.76,0.35
6840,15.04,12.88,5.47,8.76,0.35
6845,15.04,12.88,5.47,8.76,0.35
6850,15.04,12.88,5.47,8.76,0.35
6855,15.04,12.88,5.47,8.76,0.35
6860,15.04,12.88,5.47,8.76,0.35
6865,15.04,12.88,5.47,8.76,0.35
6870,15.04,12.88,5.47,8.76,0.35
6875,15.04,12.88,5.47,8.76,0.35
6880,15.04,12.88,5.47,8.76,0.35
6885,15.04,12.88,5.47,8.76,0.35
6890,15.04,12.88,5.47,8.76,0.35
6895,15.04,12.88,5.47,8.76,0.35
6900,15.04,12.88,5.47,8.76,0.35
6905,15.04,12.88,5.47,8.76,0.35
6910,15.04,12.88,5.47,8.76,0.35
6915,15.04,12.88,5.47,8.76,0.35
6920,15.04,12.88,5.47,8.76,0.35
6925,15.04,12.88,5.47,8.76,0.35
6930,15.04,12.88,5.47,8.76,0.35
6935,15.04,12.88,5.47,8.76,0.35
6940,15.04,12.88,5.47,8.76,0.35
6945,15.04,12.88,5.47,8.76,0.35
6950,15.04,12.88,5.47,8.76,0.35
6955,15.04,12.88,5.47,8.76,0.35
6960,15.04,12.88,5.47,8.76,0.35
6965,15.04,12.88,5.47,8.76,0.35
6970,15.04,12.88,5.47,8.76,0.35
6975,15.04,12.88,5.47,8.76,0.35
6980,15.04,12.88,5.47,8.76,0.35
6985,15.04,12.88,5.47,8.76,0.35
6990,15.04,12.88,5.47,8.76,0.35
6995,15.04,12.88,5.47,8.76,0.35
7000,15.04,12.88,5.47,8.76,0.35
7005,15.04,12.88,5.47,8.76,0.35
7010,15.04,12.88,5.47,8.76,0.35
7015,15.04,12.88,5.47,8.76,0.35
7020,15.04,12.88,5.47,8.76,0.35
7025,15.04,12.88,5.47,8.76,0.35
7030,15.04,12.88,5.47,8.76,0.35
7035,15.04,12.88,5.47,8.76,0.35
7040,15.04,12.88,5.47,8.76,0.35
7045,15.04,12.88,5.47,8.76,0.35
7050,15.04,12.88,5.47,8.76,0.35
7055,15.04,12.88,5.47,8.76,0.35
7060,15.04,12.88,5.47,8.76,0.35
7065,15.04,12.88,5.47,8.76,0.35
7070,15.04,12.88,5.47,8.76,0.35
7075,15.04,12.88,5.47,8.76,0.35
7080,15.04,12.88,5.47,8.76,0.35
7085,15.04,12.88,5.47,8.76,0.35
7090,15.04,12.88,5.47,8.76,0.35
7095,15.04,12.88,5.47,8.76,0.35
7100,15.04,12.88,5.47,8.76,0.35
7105,15.04,12.88,5.47,8.76,0.35
7110,15.04,12.88,5.47,8.76,0.35
7115,15.04,12.88,5.47,8.76,0.35
7120,15.04,12.88,5.47,8.76,0.35
7125,15.04,12.88,5.47,8.76,0.35
7130,15.04,12.88,5.47,8.76,0.35
7135,15.04,12.88,5.47,8.76,0.35
7140,15.04,12.88,5.47,8.76,0.35
7145,15.04,12.88,5.47,8.76,0.35
7150,15.04,12.88,5.47,8.76,0.35
7155,15.04,12.88,5.47,8.76,0.35
7160,15.04,12.88,5.47,8.76,0.35
7165,15.04,12.88,5.47,8.76,0.35
7170,15.04,12.88,5.47,8.76,0.35
7175,15.04,12.88,5.47,8.76,0.35
7180,15.04,12.88,5.47,8.76,0.35
7185,15.04,12.88,5.47,8.76,0.35
7190,15.04,12.88,5.47,8.76,0.35
7195,15.04,12.88,5.47,8.76,0.35
7200,13.93,10.73,4.56,8.56,0.35
7205,13.93,10.73,4.56,8.56,0.35
7210,13.93,10.73,4.56,8.56,0.35
7215,13.93,10.73,4.56,8.56,0.35
7220,13.93,10.73,4.56,8.56,0.35
7225,13.93,10.73,4.56,8.56,0.35
7230,13.93,10.73,4.56,8.56,0.35
7235,13.93,10.73,4.56,8.56,0.35
7240,13.93,10.73,4.56,8.56,0.35
7245,13.93,10.73,4.56,8.56,0.35
7250,13.93,10.73,4.56,8.56,0.35
7255,13.93,10.73,4.56,8.56,0.35
7260,13.93,10.73,4.56,8.56,0.35
7265,13.93,10.73,4.56,8.56,0.35
7270,13.93,10.73,4.56,8.56,0.35
7275,13.93,10.73,4.56,8.56,0.35
7280,13.93,10.73,4.56,8.56,0.35
7285,13.93,10.73,4.56,8.56,0.35
7290,13.93,10.73,4.56,8.56,0.35
7295,13.93,10.73,4.56,8.56,0.35
7300,13.93,10.73,4.56,8.56,0.35
7305,13.93,10.73,4.56,8.56,0.35
7310,13.93,10.73,4.56,8.56,0.35
7315,13.93,10.73,4.56,8.56,0.35
7320,13.93,10.73,4.56,8.56,0.35
7325,13.93,10.73,4.56,8.56,0.35
7330,13.93,10.73,4.56,8.56,0.35
7335,13.93,10.73,4.56,8.56,0.35
7340,13.93,10.73,4.56,8.56,0.35
7345,13.93,10.73,4.56,8.56,0.35
7350,13.93,10.73,4.56,8.56,0.35
7355,13.93,10.73,4.56,8.56,0.35
7360,13.93,10.73,4.56,8.56,0.35
7365,13.93,10.73,4.56,8.56,0.35
7370,13.93,10.73,4.56,8.56,0.35
7375,13.93,10.73,4.56,8.56,0.35
7380,13.93,10.73,4.56,8.56,0.35
7385,13.93,10.73,4.56,8.56,0.35
7390,13.93,10.73,4.56,8.56,0.35
7395,13.93,10.73,4.56,8.56,0.35
7400,13.93,10.73,4.56,8.56,0.35
7405,13.93,10.73,4.56,8.56,0.35
7410,13.93,10.73,4.56,8.56,0.35
7415,13.93,10.73,4.56,8.56,0.35
7420,13.93,10.73,4.56,8.56,0.35
7425,13.93,10.73,4.56,8.56,0.35
7430,13.93,10.73,4.56,8.56,0.35
7435,13.93,10.73,4.56,8.56,0.35
7440,13.93,10.73,4.56,8.56,0.35
7445,13.93,10.73,4.56,8.56,0.35
7450,13.93,10.73,4.56,8.56,0.35
7455,13.93,10.73,4.56,8.56,0.35
7460,13.93,10.73,4.56,8.56,0.35
7465,13.93,10.73,4.56,8.56,0.35
7470,13.93,10.73,4.56,8.56,0.35
7475,13.93,10.73,4.56,8.56,0.35
7480,13.93,10.73,4.56,8.56,0.35
7485,13.93,10.73,4.56,8.56,0.35
7490,13.93,10.73,4.56,8.56,0.35
7495,13.93,10.73,4.56,8.56,0.35
7500,13.93,10.73,4.56,8.56,0.35
7505,13.93,10.73,4.56,8.56,0.35
7510,13.93,10.73,4.56,8.56,0.35
7515,13.93,10.73,4.56,8.56,0.35
7520,13.93,10.73,4.56,8.56,0.35
7525,13.93,10.73,4.56,8.56,0.35
7530,13.93,10.73,4.56,8.56,0.35
7535,13.93,10.73,4.56,8.56,0.35
7540,13.93,10.73,4.56,8.56,0.35
7545,13.93,10.73,4.56,8.56,0.35
7550,13.93,10.73,4.56,8.56,0.35
7555,13.93,10.73,4.56,8.56,0.35
7560,13.93,10.73,4.56,8.56,0.35
7565,13.93,10.73,4.56,8.56,0.35
7570,13.93,10.73,4.56,8.56,0.35
7575,13.93,10.73,4.56,8.56,0.35
7580,13.93,10.73,4.56,8.56,0.35
7585,13.93,10.73,4.56,8.56,0.35
7590,13.93,10.73,4.56,8.56,0.35
7595,13.93,10.73,4.56,8.56,0.35
7600,13.93,10.73,4.56,8.56,0.35
7605,13.93,10.73,4.56,8.56,0.35
7610,13.93,10.73,4.56,8.56,0.35
7615,13.93,10.73,4.56,8.56,0.35
7620,13.93,10.73,4.56,8.56,0.35
7625,13.93,10.73,4.56,8.56,0.35
7630,13.93,10.73,4.56,8.56,0.35
7635,13.93,10.73,4.56,8.56,0.35
7640,13.93,10.73,4.56,8.56,0.35
7645,13.93,10.73,4.56,8.56,0.35
7650,13.93,10.73,4.56,8.56,0.35
7655,13.93,10.73,4.56,8.56,0.35
7660,13.93,10.73,4.56,8.56,0.35
7665,13.93,10.73,4.56,8.56,0.35
7670,13.93,10.73,4.56,8.56,0.35
7675,13.93,10.73,4.56,8.56,0.35
7680,13.93,10.73,4.56,8.56,0.35
7685,13.93,10.73,4.56,8.56,0.35
7690,13.93,10.73,4.56,8.56,0.35
7695,13.93,10.73,4.56,8.56,0.35
7700,13.93,10.73,4.56,8.56,0.35
7705,13.93,10.73,4.56,8.56,0.35
7710,13.93,10.73,4.56,8.56,0.35
7715,13.93,10.73,4.56,8.56,0.35
7720,13.93,10.73,4.56,8.56,0.35
7725,13.93,10.73,4.56,8.56,0.35
7730,13.93,10.73,4.56,8.56,0.35
7735,13.93,10.73,4.56,8.56,0.35
7740,13.93,10.73,4.56,8.56,0.35
7745,13.93,10.73,4.56,8.56,0.35
7750,13.93,10.73,4.56,8.56,0.35
7755,13.93,10.73,4.56,8.56,0.35
7760,13.93,10.73,4.56,8.56,0.35
7765,13.93,10.73,4.56,8.56,0.35
7770,13.93,10.73,4.56,8.56,0.35
7775,13.93,10.73,4.56,8.56,0.35
7780,13.93,10.73,4.56,8.56,0.35
7785,13.93,10.73,4.56,8.56,0.35
7790,13.93,10.73,4.56,8.56,0.35
7795,13.93,10.73,4.56,8.56,0.35
7800,13.88,10.02,4.44,7.99,0.35
7805,13.88,10.02,4.44,7.99,0.35
7810,13.88,10.02,4.44,7.99,0.35
7815,13.88,10.02,4.44,7.99,0.35
7820,13.88,10.02,4.44,7.99,0.35
7825,13.88,10.02,4.44,7.99,0.35
7830,13.88,10.02,4.44,7.99,0.35
7835,13.88,10.02,4.44,7.99,0.35
7840,13.88,10.02,4.44,7.99,0.35
7845,13.88,10.02,4.44,7.99,0.35
7850,13.88,10.02,4.44,7.99,0.35
7855,13.88,10.02,4.44,7.99,0.35
7860,13.88,10.02,4.44,7.99,0.35
7865,13.88,10.02,4.44,7.99,0.35
7870,13.88,10.02,4.44,7.99,0.35
7875,13.88,10.02,4.44,7.99,0.35
7880,13.88,10.02,4.44,7.99,0.35
7885,13.88,10.02,4.44,7.99,0.35
7890,13.88,10.02,4.44,7.99,0.35
7895,13.88,10.02,4.44,7.99,0.35
7900,13.88,10.02,4.44,7.99,0.35
7905,13.88,10.02,4.44,7.99,0.35
7910,13.88,10.02,4.44,7.99,0.35
7915,13.88,10.02,4.44,7.99,0.35
7920,13.88,10.02,4.44,7.99,0.35
7925,13.88,10.02,4.44,7.99,0.35
7930,13.88,10.02,4.44,7.99,0.35
7935,13.88,10.02,4.44,7.99,0.35
7940,13.88,10.02,4.44,7.99,0.35
7945,13.88,10.02,4.44,7.99,0.35
7950,13.88,10.02,4.44,7.99,0.35
7955,13.88,10.02,4.44,7.99,0.35
7960,13.88,10.02,4.44,7.99,0.35
7965,13.88,10.02,4.44,7.99,0.35
7970,13.88,10.02,4.44,7.99,0.35
7975,13.88,10.02,4.44,7.99,0.35
7980,13.88,10.02,4.44,7.99,0.35
7985,13.88,10.02,4.44,7.99,0.35
7990,13.88,10.02,4.44,7.99,0.35
7995,13.88,10.02,4.44,7.99,0.35
8000,13.88,10.02,4.44,7.99,0.35
8005,13.88,10.02,4.44,7.99,0.35
8010,13.88,10.02,4.44,7.99,0.35
8015,13.88,10.02,4.44,7.99,0.35
8020,13.88,10.02,4.44,7.99,0.35
8025,13.88,10.02,4.44,7.99,0.35
8030,13.88,10.02,4.44,7.99,0.35
8035,13.88,10.02,4.44,7.99,0.35
8040,13.88,10.02,4.44,7.99,0.35
8045,13.88,10.02,4.44,7.99,0.35
8050,13.88,10.02,4.44,7.99,0.35
8055,13.88,10.02,4.44,7.99,0.35
8060,13.88,10.02,4.44,7.99,0.35
8065,13.88,10.02,4.44,7.99,0.35
8070,13.88,10.02,4.44,7.99,0.35
8075,13.88,10.02,4.44,7.99,0.35
8080,13.88,10.02,4.44,7.99,0.35
8085,13.88,10.02,4.44,7.99,0.35
8090,13.88,10.02,4.44,7.99,0.35
8095,13.88,10.02,4.44,7.99,0.35
8100,13.88,10.02,4.44,7.99,0.35
8105,13.88,10.02,4.44,7.99,0.35
8110,13.88,10.02,4.44,7.99,0.35
8115,13.88,10.02,4.44,7.99,0.35
8120,13.88,10.02,4.44,7.99,0.35
8125,13.88,10.02,4.44,7.99,0.35
8130,13.88,10.02,4.44,7.99,0.35
8135,13.88,10.02,4.44,7.99,0.35
8140,13.88,10.02,4.44,7.99,0.35
8145,13.88,10.02,4.44,7.99,0.35
8150,13.88,10.02,4.44,7.99,0.35
8155,13.88,10.02,4.44,7.99,0.35
8160,13.88,10.02,4.44,7.99,0.35
8165,13.88,10.02,4.44,7.99,0.35
8170,13.88,10.02,4.44,7.99,0.35
8175,13.88,10.02,4.44,7.99,0.35
8180,13.88,10.02,4.44,7.99,0.35
8185,13.88,10.02,4.44,7.99,0.35
8190,13.88,10.02,4.44,7.99,0.35
8195,13.88,10.02,4.44,7.99,0.35
8200,13.88,10.02,4.44,7.99,0.35
8205,13.88,10.02,4.44,7.99,0.35
8210,13.88,10.02,4.44,7.99,0.35
8215,13.88,10.02,4.44,7.99,0.35
8220,13.88,10.02,4.44,7.99,0.35
8225,13.88,10.02,4.44,7.99,0.35
8230,13.88,10.02,4.44,7.99,0.35
8235,13.88,10.02,4.44,7.99,0.35
8240,13.88,10.02,4.44,7.99,0.35
8245,13.88,10.02,4.44,7.99,0.35
8250,13.88,10.02,4.44,7.99,0.35
8255,13.88,10.02,4.44,7.99,0.35
8260,13.88,10.02,4.44,7.99,0.35
8265,13.88,10.02,4.44,7.99,0.35
8270,13.88,10.02,4.44,7.99,0.35
8275,13.88,10.02,4.44,7.99,0.35
8280,13.88,10.02,4.44,7.99,0.35
8285,13.88,10.02,4.44,7.99,0.35
8290,13.88,10.02,4.44,7.99,0.35
8295,13.88,10.02,4.44,7.99,0.35
8300,13.88,10.02,4.44,7.99,0.35
8305,13.88,10.02,4.44,7.99,0.35
8310,13.88,10.02,4.44,7.99,0.35
8315,13.88,10.02,4.44,7.99,0.35
8320,13.88,10.02,4.44,7.99,0.35
8325,13.88,10.02,4.44,7.99,0.35
8330,13.88,10.02,4.44,7.99,0.35
8335,13.88,10.02,4.44,7.99,0.35
8340,13.88,10.02,4.44,7.99,0.35
8345,13.88,10.02,4.44,7.99,0.35
8350,13.88,10.02,4.44,7.99,0.35
8355,13.88,10.02,4.44,7.99,0.35
8360,13.88,10.02,4.44,7.99,0.35
8365,13.88,10.02,4.44,7.99,0.35
8370,13.88,10.02,4.44,7.99,0.35
8375,13.88,10.02,4.44,7.99,0.35
8380,13.88,10.02,4.44,7.99,0.35
8385,13.88,10.02,4.44,7.99,0.35
8390,13.88,10.02,4.44,7.99,0.35
8395,13.88,10.02,4.44,7.99,0.35
8400,13.41,9.82,3.97,7.84,0.35
8405,13.41,9.82,3.97,7.84,0.35
8410,13.41,9.82,3.97,7.84,0.35
8415,13.41,9.82,3.97,7.84,0.35
8420,13.41,9.82,3.97,7.84,0.35
8425,13.41,9.82,3.97,7.84,0.35
8430,13.41,9.82,3.97,7.84,0.35
8435,13.41,9.82,3.97,7.84,0.35
8440,13.41,9.82,3.97,7.84,0.35
8445,13.41,9.82,3.97,7.84,0.35
8450,13.41,9.82,3.97,7.84,0.35
8455,13.41,9.82,3.97,7.84,0.35
8460,13.41,9.82,3.97,7.84,0.35
8465,13.41,9.82,3.97,7.84,0.35
8470,13.41,9.82,3.97,7.84,0.35
8475,13.41,9.82,3.97,7.84,0.35
8480,13.41,9.82,3.97,7.84,0.35
8485,13.41,9.82,3.97,7.84,0.35
8490,13.41,9.82,3.97,7.84,0.35
8495,13.41,9.82,3.97,7.84,0.35
8500,13.41,9.82,3.97,7.84,0.35
8505,13.41,9.82,3.97,7.84,0.35
8510,13.41,9.82,3.97,7.84,0.35
8515,13.41,9.82,3.97,7.84,0.35
8520,13.41,9.82,3.97,7.84,0.35
8525,13.41,9.82,3.97,7.84,0.35
8530,13.41,9.82,3.97,7.84,0.35
8535,13.41,9.82,3.97,7.84,0.35
8540,13.41,9.82,3.97,7.84,0.35
8545,13.41,9.82,3.97,7.84,0.35
8550,13.41,9.82,3.97,7.84,0.35
8555,13.41,9.82,3.97,7.84,0.35
8560,13.41,9.82,3.97,7.84,0.35
8565,13.41,9.82,3.97,7.84,0.35
8570,13.41,9.82,3.97,7.84,0.35
8575,13.41,9.82,3.97,7.84,0.35
8580,13.41,9.82,3.97,7.84,0.35
8585,13.41,9.82,3.97,7.84,0.35
8590,13.41,9.82,3.97,7.84,0.35
8595,13.41,9.82,3.97,7.84,0.35
8600,13.41,9.82,3.97,7.84,0.35
8605,13.41,9.82,3.97,7.84,0.35
8610,13.41,9.82,3.97,7.84,0.35
8615,13.41,9.82,3.97,7.84,0.35
8620,13.41,9.82,3.97,7.84,0.35
8625,13.41,9.82,3.97,7.84,0.35
8630,13.41,9.82,3.97,7.84,0.35
8635,13.41,9.82,3.97,7.84,0.35
8640,13.41,9.82,3.97,7.84,0.35
8645,13.41,9.82,3.97,7.84,0.35
8650,13.41,9.82,3.97,7.84,0.35
8655,13.41,9.82,3.97,7.84,0.35
8660,13.41,9.82,3.97,7.84,0.35
8665,13.41,9.82,3.97,7.84,0.35
8670,13.41,9.82,3.97,7.84,0.35
8675,13.41,9.82,3.97,7.84,0.35
8680,13.41,9.82,3.97,7.84,0.35
8685,13.41,9.82,3.97,7.84,0.35
8690,13.41,9.82,3.97,7.84,0.35
8695,13.41,9.82,3.97,7.84,0.35
8700,13.41,9.82,3.97,7.84,0.35
8705,13.41,9.82,3.97,7.84,0.35
8710,13.41,9.82,3.97,7.84,0.35
8715,13.41,9.82,3.97,7.84,0.35
8720,13.41,9.82,3.97,7.84,0.35
8725,13.41,9.82,3.97,7.84,0.35
8730,13.41,9.82,3.97,7.84,0.35
8735,13.41,9.82,3.97,7.84,0.35
8740,13.41,9.82,3.97,7.84,0.35
8745,13.41,9.82,3.97,7.84,0.35
8750,13.41,9.82,3.97,7.84,0.35
8755,13.41,9.82,3.97,7.84,0.35
8760,13.41,9.82,3.97,7.84,0.35
8765,13.41,9.82,3.97,7.84,0.35
8770,13.41,9.82,3.97,7.84,0.35
8775,13.41,9.82,3.97,7.84,0.35
8780,13.41,9.82,3.97,7.84,0.35
8785,13.41,9.82,3.97,7.84,0.35
8790,13.41,9.82,3.97,7.84,0.35
8795,13.41,9.82,3.97,7.84,0.35
8800,13.41,9.82,3.97,7.84,0.35
8805,13.41,9.82,3.97,7.84,0.35
8810,13.41,9.82,3.97,7.84,0.35
8815,13.41,9.82,3.97,7.84,0.35
8820,13.41,9.82,3.97,7.84,0.35
8825,13.41,9.82,3.97,7.84,0.35
8830,13.41,9.82,3.97,7.84,0.35
8835,13.41,9.82,3.97,7.84,0.35
8840,13.41,9.82,3.97,7.84,0.35
8845,13.41,9.82,3.97,7.84,0.35
8850,13.41,9.82,3.97,7.84,0.35
8855,13.41,9.82,3.97,7.84,0.35
8860,13.41,9.82,3.97,7.84,0.35
8865,13.41,9.82,3.97,7.84,0.35
8870,13.41,9.82,3.97,7.84,0.35
8875,13.41,9.82,3.97,7.84,0.35
8880,13.41,9.82,3.97,7.84,0.35
8885,13.41,9.82,3.97,7.84,0.35
8890,13.41,9.82,3.97,7.84,0.35
8895,13.41,9.82,3.97,7.84,0.35
8900,13.41,9.82,3.97,7.84,0.35
8905,13.41,9.82,3.97,7.84,0.35
8910,13.41,9.82,3.97,7.84,0.35
8915,13.41,9.82,3.97,7.84,0.35
8920,13.41,9.82,3.97,7.84,0.35
8925,13.41,9.82,3.97,7.84,0.35
8930,13.41,9.82,3.97,7.84,0.35
8935,13.41,9.82,3.97,7.84,0.35
8940,13.41,9.82,3.97,7.84,0.35
8945,13.41,9.82,3.97,7.84,0.35
8950,13.41,9.82,3.97,7.84,0.35
8955,13.41,9.82,3.97,7.84,0.35
8960,13.41,9.82,3.97,7.84,0.35
8965,13.41,9.82,3.97,7.84,0.35
8970,13.41,9.82,3.97,7.84,0.35
8975,13.41,9.82,3.97,7.84,0.35
8980,13.41,9.82,3.97,7.84,0.35
8985,13.41,9.82,3.97,7.84,0.35
8990,13.41,9.82,3.97,7.84,0.35
8995,13.41,9.82,3.97,7.84,0.35
9000,10.89,10.88,3.36,7.27,0.35
9005,10.89,10.88,3.36,7.27,0.35
9010,10.89,10.88,3.36,7.27,0.35
9015,10.89,10.88,3.36,7.27,0.35
9020,10.89,10.88,3.36,7.27,0.35
9025,10.89,10.88,3.36,7.27,0.35
9030,10.89,10.88,3.36,7.27,0.35
9035,10.89,10.88,3.36,7.27,0.35
9040,10.89,10.88,3.36,7.27,0.35
9045,10.89,10.88,3.36,7.27,0.35
9050,10.89,10.88,3.36,7.27,0.35
9055,10.89,10.88,3.36,7.27,0.35
9060,10.89,10.88,3.36,7.27,0.35
9065,10.89,10.88,3.36,7.27,0.35
9070,10.89,10.88,3.36,7.27,0.35
9075,10.89,10.88,3.36,7.27,0.35
9080,10.89,10.88,3.36,7.27,0.35
9085,10.89,10.88,3.36,7.27,0.35
