ts,changchun,haerbin,jinan,shenyang,taiyuan,tianjin,wulanchabu
50,24.59,2.77,4.52,6.37,42.93,5.27,50.94
55,24.59,2.77,4.52,6.37,42.93,5.27,50.94
60,24.59,2.77,4.52,6.37,42.93,5.27,50.94
65,24.59,2.77,4.52,6.37,42.93,5.27,50.94
70,24.59,2.77,4.52,6.37,42.93,5.27,50.94
75,24.59,2.77,4.52,6.37,42.93,5.27,50.94
80,24.59,2.77,4.52,6.37,42.93,5.27,50.94
85,24.59,2.77,4.52,6.37,42.93,5.27,50.94
90,24.59,2.77,4.52,6.37,42.93,5.27,50.94
95,24.59,2.77,4.52,6.37,42.93,5.27,50.94
100,24.59,2.77,4.52,6.37,42.93,5.27,50.94
105,24.59,2.77,4.52,6.37,42.93,5.27,50.94
110,24.59,2.77,4.52,6.37,42.93,5.27,50.94
115,24.59,2.77,4.52,6.37,42.93,5.27,50.94
120,24.59,2.77,4.52,6.37,42.93,5.27,50.94
125,24.59,2.77,4.52,6.37,42.93,5.27,50.94
130,24.59,2.77,4.52,6.37,42.93,5.27,50.94
135,24.59,2.77,4.52,6.37,42.93,5.27,50.94
140,24.59,2.77,4.52,6.37,42.93,5.27,50.94
145,24.59,2.77,4.52,6.37,42.93,5.27,50.94
150,24.59,2.77,4.52,6.37,42.93,5.27,50.94
155,24.59,2.77,4.52,6.37,42.93,5.27,50.94
160,24.59,2.77,4.52,6.37,42.93,5.27,50.94
165,24.59,2.77,4.52,6.37,42.93,5.27,50.94
170,24.59,2.77,4.52,6.37,42.93,5.27,50.94
175,24.59,2.77,4.52,6.37,42.93,5.27,50.94
180,24.59,2.77,4.52,6.37,42.93,5.27,50.94
185,24.59,2.77,4.52,6.37,42.93,5.27,50.94
190,24.59,2.77,4.52,6.37,42.93,5.27,50.94
195,24.59,2.77,4.52,6.37,42.93,5.27,50.94
200,24.59,2.77,4.52,6.37,42.93,5.27,50.94
205,24.59,2.77,4.52,6.37,42.93,5.27,50.94
210,24.59,2.77,4.52,6.37,42.93,5.27,50.94
215,24.59,2.77,4.52,6.37,42.93,5.27,50.94
220,24.59,2.77,4.52,6.37,42.93,5.27,50.94
225,24.59,2.77,4.52,6.37,42.93,5.27,50.94
230,24.59,2.77,4.52,6.37,42.93,5.27,50.94
235,24.59,2.77,4.52,6.37,42.93,5.27,50.94
240,24.59,2.77,4.52,6.37,42.93,5.27,50.94
245,24.59,2.77,4.52,6.37,42.93,5.27,50.94
250,24.59,2.77,4.52,6.37,42.93,5.27,50.94
255,24.59,2.77,4.52,6.37,42.93,5.27,50.94
260,24.59,2.77,4.52,6.37,42.93,5.27,50.94
265,24.59,2.77,4.52,6.37,42.93,5.27,50.94
270,24.59,2.77,4.52,6.37,42.93,5.27,50.94
275,24.59,2.77,4.52,6.37,42.93,5.27,50.94
280,24.59,2.77,4.52,6.37,42.93,5.27,50.94
285,24.59,2.77,4.52,6.37,42.93,5.27,50.94
290,24.59,2.77,4.52,6.37,42.93,5.27,50.94
295,24.59,2.77,4.52,6.37,42.93,5.27,50.94
300,24.59,2.77,4.52,6.37,42.93,5.27,50.94
305,24.59,2.77,4.52,6.37,42.93,5.27,50.94
310,24.59,2.77,4.52,6.37,42.93,5.27,50.94
315,24.59,2.77,4.52,6.37,42.93,5.27,50.94
320,24.59,2.77,4.52,6.37,42.93,5.27,50.94
325,24.59,2.77,4.52,6.37,42.93,5.27,50.94
330,24.59,2.77,4.52,6.37,42.93,5.27,50.94
335,24.59,2.77,4.52,6.37,42.93,5.27,50.94
340,24.59,2.77,4.52,6.37,42.93,5.27,50.94
345,24.59,2.77,4.52,6.37,42.93,5.27,50.94
350,24.59,2.77,4.52,6.37,42.93,5.27,50.94
355,24.59,2.77,4.52,6.37,42.93,5.27,50.94
360,24.59,2.77,4.52,6.37,42.93,5.27,50.94
365,24.59,2.77,4.52,6.37,42.93,5.27,50.94
370,24.59,2.77,4.52,6.37,42.93,5.27,50.94
375,24.59,2.77,4.52,6.37,42.93,5.27,50.94
380,24.59,2.77,4.52,6.37,42.93,5.27,50.94
385,24.59,2.77,4.52,6.37,42.93,5.27,50.94
390,24.59,2.77,4.52,6.37,42.93,5.27,50.94
395,24.59,2.77,4.52,6.37,42.93,5.27,50.94
400,24.59,2.77,4.52,6.37,42.93,5.27,50.94
405,24.59,2.77,4.52,6.37,42.93,5.27,50.94
410,24.59,2.77,4.52,6.37,42.93,5.27,50.94
415,24.59,2.77,4.52,6.37,42.93,5.27,50.94
420,24.59,2.77,4.52,6.37,42.93,5.27,50.94
425,24.59,2.77,4.52,6.37,42.93,5.27,50.94
430,24.59,2.77,4.52,6.37,42.93,5.27,50.94
435,24.59,2.77,4.52,6.37,42.93,5.27,50.94
440,24.59,2.77,4.52,6.37,42.93,5.27,50.94
445,24.59,2.77,4.52,6.37,42.93,5.27,50.94
450,24.59,2.77,4.52,6.37,42.93,5.27,50.94
455,24.59,2.77,4.52,6.37,42.93,5.27,50.94
460,24.59,2.77,4.52,6.37,42.93,5.27,50.94
465,24.59,2.77,4.52,6.37,42.93,5.27,50.94
470,24.59,2.77,4.52,6.37,42.93,5.27,50.94
475,24.59,2.77,4.52,6.37,42.93,5.27,50.94
480,24.59,2.77,4.52,6.37,42.93,5.27,50.94
485,24.59,2.77,4.52,6.37,42.93,5.27,50.94
490,24.59,2.77,4.52,6.37,42.93,5.27,50.94
495,24.59,2.77,4.52,6.37,42.93,5.27,50.94
500,24.59,2.77,4.52,6.37,42.93,5.27,50.94
505,24.59,2.77,4.52,6.37,42.93,5.27,50.94
510,24.59,2.77,4.52,6.37,42.93,5.27,50.94
515,24.59,2.77,4.52,6.37,42.93,5.27,50.94
520,24.59,2.77,4.52,6.37,42.93,5.27,50.94
525,24.59,2.77,4.52,6.37,42.93,5.27,50.94
530,24.59,2.77,4.52,6.37,42.93,5.27,50.94
535,24.59,2.77,4.52,6.37,42.93,5.27,50.94
540,24.59,2.77,4.52,6.37,42.93,5.27,50.94
545,24.59,2.77,4.52,6.37,42.93,5.27,50.94
550,24.59,2.77,4.52,6.37,42.93,5.27,50.94
555,24.59,2.77,4.52,6.37,42.93,5.27,50.94
560,24.59,2.77,4.52,6.37,42.93,5.27,50.94
565,24.59,2.77,4.52,6.37,42.93,5.27,50.94
570,24.59,2.77,4.52,6.37,42.93,5.27,50.94
575,24.59,2.77,4.52,6.37,42.93,5.27,50.94
580,24.59,2.77,4.52,6.37,42.93,5.27,50.94
585,24.59,2.77,4.52,6.37,42.93,5.27,50.94
590,24.59,2.77,4.52,6.37,42.93,5.27,50.94
595,24.59,2.77,4.52,6.37,42.93,5.27,50.94
600,24.59,2.64,4.6,6.51,40.86,5.13,50.33
605,24.59,2.64,4.6,6.51,40.86,5.13,50.33
610,24.59,2.64,4.6,6.51,40.86,5.13,50.33
615,24.59,2.64,4.6,6.51,40.86,5.13,50.33
620,24.59,2.64,4.6,6.51,40.86,5.13,50.33
625,24.59,2.64,4.6,6.51,40.86,5.13,50.33
630,24.59,2.64,4.6,6.51,40.86,5.13,50.33
635,24.59,2.64,4.6,6.51,40.86,5.13,50.33
640,24.59,2.64,4.6,6.51,40.86,5.13,50.33
645,24.59,2.64,4.6,6.51,40.86,5.13,50.33
650,24.59,2.64,4.6,6.51,40.86,5.13,50.33
655,24.59,2.64,4.6,6.51,40.86,5.13,50.33
660,24.59,2.64,4.6,6.51,40.86,5.13,50.33
665,24.59,2.64,4.6,6.51,40.86,5.13,50.33
670,24.59,2.64,4.6,6.51,40.86,5.13,50.33
675,24.59,2.64,4.6,6.51,40.86,5.13,50.33
680,24.59,2.64,4.6,6.51,40.86,5.13,50.33
685,24.59,2.64,4.6,6.51,40.86,5.13,50.33
690,24.59,2.64,4.6,6.51,40.86,5.13,50.33
695,24.59,2.64,4.6,6.51,40.86,5.13,50.33
700,24.59,2.64,4.6,6.51,40.86,5.13,50.33
705,24.59,2.64,4.6,6.51,40.86,5.13,50.33
710,24.59,2.64,4.6,6.51,40.86,5.13,50.33
715,24.59,2.64,4.6,6.51,40.86,5.13,50.33
720,24.59,2.64,4.6,6.51,40.86,5.13,50.33
725,24.59,2.64,4.6,6.51,40.86,5.13,50.33
730,24.59,2.64,4.6,6.51,40.86,5.13,50.33
735,24.59,2.64,4.6,6.51,40.86,5.13,50.33
740,24.59,2.64,4.6,6.51,40.86,5.13,50.33
745,24.59,2.64,4.6,6.51,40.86,5.13,50.33
750,24.59,2.64,4.6,6.51,40.86,5.13,50.33
755,24.59,2.64,4.6,6.51,40.86,5.13,50.33
760,24.59,2.64,4.6,6.51,40.86,5.13,50.33
765,24.59,2.64,4.6,6.51,40.86,5.13,50.33
770,24.59,2.64,4.6,6.51,40.86,5.13,50.33
775,24.59,2.64,4.6,6.51,40.86,5.13,50.33
780,24.59,2.64,4.6,6.51,40.86,5.13,50.33
785,24.59,2.64,4.6,6.51,40.86,5.13,50.33
790,24.59,2.64,4.6,6.51,40.86,5.13,50.33
795,24.59,2.64,4.6,6.51,40.86,5.13,50.33
800,24.59,2.64,4.6,6.51,40.86,5.13,50.33
805,24.59,2.64,4.6,6.51,40.86,5.13,50.33
810,24.59,2.64,4.6,6.51,40.86,5.13,50.33
815,24.59,2.64,4.6,6.51,40.86,5.13,50.33
820,24.59,2.64,4.6,6.51,40.86,5.13,50.33
825,24.59,2.64,4.6,6.51,40.86,5.13,50.33
830,24.59,2.64,4.6,6.51,40.86,5.13,50.33
835,24.59,2.64,4.6,6.51,40.86,5.13,50.33
840,24.59,2.64,4.6,6.51,40.86,5.13,50.33
845,24.59,2.64,4.6,6.51,40.86,5.13,50.33
850,24.59,2.64,4.6,6.51,40.86,5.13,50.33
855,24.59,2.64,4.6,6.51,40.86,5.13,50.33
860,24.59,2.64,4.6,6.51,40.86,5.13,50.33
865,24.59,2.64,4.6,6.51,40.86,5.13,50.33
870,24.59,2.64,4.6,6.51,40.86,5.13,50.33
875,24.59,2.64,4.6,6.51,40.86,5.13,50.33
880,24.59,2.64,4.6,6.51,40.86,5.13,50.33
885,24.59,2.64,4.6,6.51,40.86,5.13,50.33
890,24.59,2.64,4.6,6.51,40.86,5.13,50.33
895,24.59,2.64,4.6,6.51,40.86,5.13,50.33
900,24.59,2.64,4.6,6.51,40.86,5.13,50.33
905,24.59,2.64,4.6,6.51,40.86,5.13,50.33
910,24.59,2.64,4.6,6.51,40.86,5.13,50.33
915,24.59,2.64,4.6,6.51,40.86,5.13,50.33
920,24.59,2.64,4.6,6.51,40.86,5.13,50.33
925,24.59,2.64,4.6,6.51,40.86,5.13,50.33
930,24.59,2.64,4.6,6.51,40.86,5.13,50.33
935,24.59,2.64,4.6,6.51,40.86,5.13,50.33
940,24.59,2.64,4.6,6.51,40.86,5.13,50.33
945,24.59,2.64,4.6,6.51,40.86,5.13,50.33
950,24.59,2.64,4.6,6.51,40.86,5.13,50.33
955,24.59,2.64,4.6,6.51,40.86,5.13,50.33
960,24.59,2.64,4.6,6.51,40.86,5.13,50.33
965,24.59,2.64,4.6,6.51,40.86,5.13,50.33
970,24.59,2.64,4.6,6.51,40.86,5.13,50.33
975,24.59,2.64,4.6,6.51,40.86,5.13,50.33
980,24.59,2.64,4.6,6.51,40.86,5.13,50.33
985,24.59,2.64,4.6,6.51,40.86,5.13,50.33
990,24.59,2.64,4.6,6.51,40.86,5.13,50.33
995,24.59,2.64,4.6,6.51,40.86,5.13,50.33
1000,24.59,2.64,4.6,6.51,40.86,5.13,50.33
1005,24.59,2.64,4.6,6.51,40.86,5.13,50.33
1010,24.59,2.64,4.6,6.51,40.86,5.13,50.33
1015,24.59,2.64,4.6,6.51,40.86,5.13,50.33
1020,24.59,2.64,4.6,6.51,40.86,5.13,50.33
1025,24.59,2.64,4.6,6.51,40.86,5.13,50.33
1030,24.59,2.64,4.6,6.51,40.86,5.13,50.33
1035,24.59,2.64,4.6,6.51,40.86,5.13,50.33
1040,24.59,2.64,4.6,6.51,40.86,5.13,50.33
1045,24.59,2.64,4.6,6.51,40.86,5.13,50.33
1050,24.59,2.64,4.6,6.51,40.86,5.13,50.33
1055,24.59,2.64,4.6,6.51,40.86,5.13,50.33
1060,24.59,2.64,4.6,6.51,40.86,5.13,50.33
1065,24.59,2.64,4.6,6.51,40.86,5.13,50.33
1070,24.59,2.64,4.6,6.51,40.86,5.13,50.33
1075,24.59,2.64,4.6,6.51,40.86,5.13,50.33
1080,24.59,2.64,4.6,6.51,40.86,5.13,50.33
1085,24.59,2.64,4.6,6.51,40.86,5.13,50.33
1090,24.59,2.64,4.6,6.51,40.86,5.13,50.33
1095,24.59,2.64,4.6,6.51,40.86,5.13,50.33
1100,24.59,2.64,4.6,6.51,40.86,5.13,50.33
1105,24.59,2.64,4.6,6.51,40.86,5.13,50.33
1110,24.59,2.64,4.6,6.51,40.86,5.13,50.33
1115,24.59,2.64,4.6,6.51,40.86,5.13,50.33
1120,24.59,2.64,4.6,6.51,40.86,5.13,50.33
1125,24.59,2.64,4.6,6.51,40.86,5.13,50.33
1130,24.59,2.64,4.6,6.51,40.86,5.13,50.33
1135,24.59,2.64,4.6,6.51,40.86,5.13,50.33
1140,24.59,2.64,4.6,6.51,40.86,5.13,50.33
1145,24.59,2.64,4.6,6.51,40.86,5.13,50.33
1150,24.59,2.64,4.6,6.51,40.86,5.13,50.33
1155,24.59,2.64,4.6,6.51,40.86,5.13,50.33
1160,24.59,2.64,4.6,6.51,40.86,5.13,50.33
1165,24.59,2.64,4.6,6.51,40.86,5.13,50.33
1170,24.59,2.64,4.6,6.51,40.86,5.13,50.33
1175,24.59,2.64,4.6,6.51,40.86,5.13,50.33
1180,24.59,2.64,4.6,6.51,40.86,5.13,50.33
1185,24.59,2.64,4.6,6.51,40.86,5.13,50.33
1190,24.59,2.64,4.6,6.51,40.86,5.13,50.33
1195,24.59,2.64,4.6,6.51,40.86,5.13,50.33
1200,23.2,2.59,4.49,6.43,37.32,5.15,49.08
1205,23.2,2.59,4.49,6.43,37.32,5.15,49.08
1210,23.2,2.59,4.49,6.43,37.32,5.15,49.08
1215,23.2,2.59,4.49,6.43,37.32,5.15,49.08
1220,23.2,2.59,4.49,6.43,37.32,5.15,49.08
1225,23.2,2.59,4.49,6.43,37.32,5.15,49.08
1230,23.2,2.59,4.49,6.43,37.32,5.15,49.08
1235,23.2,2.59,4.49,6.43,37.32,5.15,49.08
1240,23.2,2.59,4.49,6.43,37.32,5.15,49.08
1245,23.2,2.59,4.49,6.43,37.32,5.15,49.08
1250,23.2,2.59,4.49,6.43,37.32,5.15,49.08
1255,23.2,2.59,4.49,6.43,37.32,5.15,49.08
1260,23.2,2.59,4.49,6.43,37.32,5.15,49.08
1265,23.2,2.59,4.49,6.43,37.32,5.15,49.08
1270,23.2,2.59,4.49,6.43,37.32,5.15,49.08
1275,23.2,2.59,4.49,6.43,37.32,5.15,49.08
1280,23.2,2.59,4.49,6.43,37.32,5.15,49.08
1285,23.2,2.59,4.49,6.43,37.32,5.15,49.08
1290,23.2,2.59,4.49,6.43,37.32,5.15,49.08
1295,23.2,2.59,4.49,6.43,37.32,5.15,49.08
1300,23.2,2.59,4.49,6.43,37.32,5.15,49.08
1305,23.2,2.59,4.49,6.43,37.32,5.15,49.08
1310,23.2,2.59,4.49,6.43,37.32,5.15,49.08
1315,23.2,2.59,4.49,6.43,37.32,5.15,49.08
1320,23.2,2.59,4.49,6.43,37.32,5.15,49.08
1325,23.2,2.59,4.49,6.43,37.32,5.15,49.08
1330,23.2,2.59,4.49,6.43,37.32,5.15,49.08
1335,23.2,2.59,4.49,6.43,37.32,5.15,49.08
1340,23.2,2.59,4.49,6.43,37.32,5.15,49.08
1345,23.2,2.59,4.49,6.43,37.32,5.15,49.08
1350,23.2,2.59,4.49,6.43,37.32,5.15,49.08
1355,23.2,2.59,4.49,6.43,37.32,5.15,49.08
1360,23.2,2.59,4.49,6.43,37.32,5.15,49.08
1365,23.2,2.59,4.49,6.43,37.32,5.15,49.08
1370,23.2,2.59,4.49,6.43,37.32,5.15,49.08
1375,23.2,2.59,4.49,6.43,37.32,5.15,49.08
1380,23.2,2.59,4.49,6.43,37.32,5.15,49.08
1385,23.2,2.59,4.49,6.43,37.32,5.15,49.08
1390,23.2,2.59,4.49,6.43,37.32,5.15,49.08
1395,23.2,2.59,4.49,6.43,37.32,5.15,49.08
1400,23.2,2.59,4.49,6.43,37.32,5.15,49.08
1405,23.2,2.59,4.49,6.43,37.32,5.15,49.08
1410,23.2,2.59,4.49,6.43,37.32,5.15,49.08
1415,23.2,2.59,4.49,6.43,37.32,5.15,49.08
1420,23.2,2.59,4.49,6.43,37.32,5.15,49.08
1425,23.2,2.59,4.49,6.43,37.32,5.15,49.08
1430,23.2,2.59,4.49,6.43,37.32,5.15,49.08
1435,23.2,2.59,4.49,6.43,37.32,5.15,49.08
1440,23.2,2.59,4.49,6.43,37.32,5.15,49.08
1445,23.2,2.59,4.49,6.43,37.32,5.15,49.08
1450,23.2,2.59,4.49,6.43,37.32,5.15,49.08
1455,23.2,2.59,4.49,6.43,37.32,5.15,49.08
1460,23.2,2.59,4.49,6.43,37.32,5.15,49.08
1465,23.2,2.59,4.49,6.43,37.32,5.15,49.08
1470,23.2,2.59,4.49,6.43,37.32,5.15,49.08
1475,23.2,2.59,4.49,6.43,37.32,5.15,49.08
1480,23.2,2.59,4.49,6.43,37.32,5.15,49.08
1485,23.2,2.59,4.49,6.43,37.32,5.15,49.08
1490,23.2,2.59,4.49,6.43,37.32,5.15,49.08
1495,23.2,2.59,4.49,6.43,37.32,5.15,49.08
1500,23.2,2.59,4.49,6.43,37.32,5.15,49.08
1505,23.2,2.59,4.49,6.43,37.32,5.15,49.08
1510,23.2,2.59,4.49,6.43,37.32,5.15,49.08
1515,23.2,2.59,4.49,6.43,37.32,5.15,49.08
1520,23.2,2.59,4.49,6.43,37.32,5.15,49.08
1525,23.2,2.59,4.49,6.43,37.32,5.15,49.08
1530,23.2,2.59,4.49,6.43,37.32,5.15,49.08
1535,23.2,2.59,4.49,6.43,37.32,5.15,49.08
1540,23.2,2.59,4.49,6.43,37.32,5.15,49.08
1545,23.2,2.59,4.49,6.43,37.32,5.15,49.08
1550,23.2,2.59,4.49,6.43,37.32,5.15,49.08
1555,23.2,2.59,4.49,6.43,37.32,5.15,49.08
1560,23.2,2.59,4.49,6.43,37.32,5.15,49.08
1565,23.2,2.59,4.49,6.43,37.32,5.15,49.08
1570,23.2,2.59,4.49,6.43,37.32,5.15,49.08
1575,23.2,2.59,4.49,6.43,37.32,5.15,49.08
1580,23.2,2.59,4.49,6.43,37.32,5.15,49.08
1585,23.2,2.59,4.49,6.43,37.32,5.15,49.08
1590,23.2,2.59,4.49,6.43,37.32,5.15,49.08
1595,23.2,2.59,4.49,6.43,37.32,5.15,49.08
1600,23.2,2.59,4.49,6.43,37.32,5.15,49.08
1605,23.2,2.59,4.49,6.43,37.32,5.15,49.08
1610,23.2,2.59,4.49,6.43,37.32,5.15,49.08
1615,23.2,2.59,4.49,6.43,37.32,5.15,49.08
1620,23.2,2.59,4.49,6.43,37.32,5.15,49.08
1625,23.2,2.59,4.49,6.43,37.32,5.15,49.08
1630,23.2,2.59,4.49,6.43,37.32,5.15,49.08
1635,23.2,2.59,4.49,6.43,37.32,5.15,49.08
1640,23.2,2.59,4.49,6.43,37.32,5.15,49.08
1645,23.2,2.59,4.49,6.43,37.32,5.15,49.08
1650,23.2,2.59,4.49,6.43,37.32,5.15,49.08
1655,23.2,2.59,4.49,6.43,37.32,5.15,49.08
1660,23.2,2.59,4.49,6.43,37.32,5.15,49.08
1665,23.2,2.59,4.49,6.43,37.32,5.15,49.08
1670,23.2,2.59,4.49,6.43,37.32,5.15,49.08
1675,23.2,2.59,4.49,6.43,37.32,5.15,49.08
1680,23.2,2.59,4.49,6.43,37.32,5.15,49.08
1685,23.2,2.59,4.49,6.43,37.32,5.15,49.08
1690,23.2,2.59,4.49,6.43,37.32,5.15,49.08
1695,23.2,2.59,4.49,6.43,37.32,5.15,49.08
1700,23.2,2.59,4.49,6.43,37.32,5.15,49.08
1705,23.2,2.59,4.49,6.43,37.32,5.15,49.08
1710,23.2,2.59,4.49,6.43,37.32,5.15,49.08
1715,23.2,2.59,4.49,6.43,37.32,5.15,49.08
1720,23.2,2.59,4.49,6.43,37.32,5.15,49.08
1725,23.2,2.59,4.49,6.43,37.32,5.15,49.08
1730,23.2,2.59,4.49,6.43,37.32,5.15,49.08
1735,23.2,2.59,4.49,6.43,37.32,5.15,49.08
1740,23.2,2.59,4.49,6.43,37.32,5.15,49.08
1745,23.2,2.59,4.49,6.43,37.32,5.15,49.08
1750,23.2,2.59,4.49,6.43,37.32,5.15,49.08
1755,23.2,2.59,4.49,6.43,37.32,5.15,49.08
1760,23.2,2.59,4.49,6.43,37.32,5.15,49.08
1765,23.2,2.59,4.49,6.43,37.32,5.15,49.08
1770,23.2,2.59,4.49,6.43,37.32,5.15,49.08
1775,23.2,2.59,4.49,6.43,37.32,5.15,49.08
1780,23.2,2.59,4.49,6.43,37.32,5.15,49.08
1785,23.2,2.59,4.49,6.43,37.32,5.15,49.08
1790,23.2,2.59,4.49,6.43,37.32,5.15,49.08
1795,23.2,2.59,4.49,6.43,37.32,5.15,49.08
1800,21.24,2.52,4.55,6.45,33.69,4.99,48.02
1805,21.24,2.52,4.55,6.45,33.69,4.99,48.02
1810,21.24,2.52,4.55,6.45,33.69,4.99,48.02
1815,21.24,2.52,4.55,6.45,33.69,4.99,48.02
1820,21.24,2.52,4.55,6.45,33.69,4.99,48.02
1825,21.24,2.52,4.55,6.45,33.69,4.99,48.02
1830,21.24,2.52,4.55,6.45,33.69,4.99,48.02
1835,21.24,2.52,4.55,6.45,33.69,4.99,48.02
1840,21.24,2.52,4.55,6.45,33.69,4.99,48.02
1845,21.24,2.52,4.55,6.45,33.69,4.99,48.02
1850,21.24,2.52,4.55,6.45,33.69,4.99,48.02
1855,21.24,2.52,4.55,6.45,33.69,4.99,48.02
1860,21.24,2.52,4.55,6.45,33.69,4.99,48.02
1865,21.24,2.52,4.55,6.45,33.69,4.99,48.02
1870,21.24,2.52,4.55,6.45,33.69,4.99,48.02
1875,21.24,2.52,4.55,6.45,33.69,4.99,48.02
1880,21.24,2.52,4.55,6.45,33.69,4.99,48.02
1885,21.24,2.52,4.55,6.45,33.69,4.99,48.02
1890,21.24,2.52,4.55,6.45,33.69,4.99,48.02
1895,21.24,2.52,4.55,6.45,33.69,4.99,48.02
1900,21.24,2.52,4.55,6.45,33.69,4.99,48.02
1905,21.24,2.52,4.55,6.45,33.69,4.99,48.02
1910,21.24,2.52,4.55,6.45,33.69,4.99,48.02
1915,21.24,2.52,4.55,6.45,33.69,4.99,48.02
1920,21.24,2.52,4.55,6.45,33.69,4.99,48.02
1925,21.24,2.52,4.55,6.45,33.69,4.99,48.02
1930,21.24,2.52,4.55,6.45,33.69,4.99,48.02
1935,21.24,2.52,4.55,6.45,33.69,4.99,48.02
1940,21.24,2.52,4.55,6.45,33.69,4.99,48.02
1945,21.24,2.52,4.55,6.45,33.69,4.99,48.02
1950,21.24,2.52,4.55,6.45,33.69,4.99,48.02
1955,21.24,2.52,4.55,6.45,33.69,4.99,48.02
1960,21.24,2.52,4.55,6.45,33.69,4.99,48.02
1965,21.24,2.52,4.55,6.45,33.69,4.99,48.02
1970,21.24,2.52,4.55,6.45,33.69,4.99,48.02
1975,21.24,2.52,4.55,6.45,33.69,4.99,48.02
1980,21.24,2.52,4.55,6.45,33.69,4.99,48.02
1985,21.24,2.52,4.55,6.45,33.69,4.99,48.02
1990,21.24,2.52,4.55,6.45,33.69,4.99,48.02
1995,21.24,2.52,4.55,6.45,33.69,4.99,48.02
2000,21.24,2.52,4.55,6.45,33.69,4.99,48.02
2005,21.24,2.52,4.55,6.45,33.69,4.99,48.02
2010,21.24,2.52,4.55,6.45,33.69,4.99,48.02
2015,21.24,2.52,4.55,6.45,33.69,4.99,48.02
2020,21.24,2.52,4.55,6.45,33.69,4.99,48.02
2025,21.24,2.52,4.55,6.45,33.69,4.99,48.02
2030,21.24,2.52,4.55,6.45,33.69,4.99,48.02
2035,21.24,2.52,4.55,6.45,33.69,4.99,48.02
2040,21.24,2.52,4.55,6.45,33.69,4.99,48.02
2045,21.24,2.52,4.55,6.45,33.69,4.99,48.02
2050,21.24,2.52,4.55,6.45,33.69,4.99,48.02
2055,21.24,2.52,4.55,6.45,33.69,4.99,48.02
2060,21.24,2.52,4.55,6.45,33.69,4.99,48.02
2065,21.24,2.52,4.55,6.45,33.69,4.99,48.02
2070,21.24,2.52,4.55,6.45,33.69,4.99,48.02
2075,21.24,2.52,4.55,6.45,33.69,4.99,48.02
2080,21.24,2.52,4.55,6.45,33.69,4.99,48.02
2085,21.24,2.52,4.55,6.45,33.69,4.99,48.02
2090,21.24,2.52,4.55,6.45,33.69,4.99,48.02
2095,21.24,2.52,4.55,6.45,33.69,4.99,48.02
2100,21.24,2.52,4.55,6.45,33.69,4.99,48.02
2105,21.24,2.52,4.55,6.45,33.69,4.99,48.02
2110,21.24,2.52,4.55,6.45,33.69,4.99,48.02
2115,21.24,2.52,4.55,6.45,33.69,4.99,48.02
2120,21.24,2.52,4.55,6.45,33.69,4.99,48.02
2125,21.24,2.52,4.55,6.45,33.69,4.99,48.02
2130,21.24,2.52,4.55,6.45,33.69,4.99,48.02
2135,21.24,2.52,4.55,6.45,33.69,4.99,48.02
2140,21.24,2.52,4.55,6.45,33.69,4.99,48.02
2145,21.24,2.52,4.55,6.45,33.69,4.99,48.02
2150,21.24,2.52,4.55,6.45,33.69,4.99,48.02
2155,21.24,2.52,4.55,6.45,33.69,4.99,48.02
2160,21.24,2.52,4.55,6.45,33.69,4.99,48.02
2165,21.24,2.52,4.55,6.45,33.69,4.99,48.02
2170,21.24,2.52,4.55,6.45,33.69,4.99,48.02
2175,21.24,2.52,4.55,6.45,33.69,4.99,48.02
2180,21.24,2.52,4.55,6.45,33.69,4.99,48.02
2185,21.24,2.52,4.55,6.45,33.69,4.99,48.02
2190,21.24,2.52,4.55,6.45,33.69,4.99,48.02
2195,21.24,2.52,4.55,6.45,33.69,4.99,48.02
2200,21.24,2.52,4.55,6.45,33.69,4.99,48.02
2205,21.24,2.52,4.55,6.45,33.69,4.99,48.02
2210,21.24,2.52,4.55,6.45,33.69,4.99,48.02
2215,21.24,2.52,4.55,6.45,33.69,4.99,48.02
2220,21.24,2.52,4.55,6.45,33.69,4.99,48.02
2225,21.24,2.52,4.55,6.45,33.69,4.99,48.02
2230,21.24,2.52,4.55,6.45,33.69,4.99,48.02
2235,21.24,2.52,4.55,6.45,33.69,4.99,48.02
2240,21.24,2.52,4.55,6.45,33.69,4.99,48.02
2245,21.24,2.52,4.55,6.45,33.69,4.99,48.02
2250,21.24,2.52,4.55,6.45,33.69,4.99,48.02
2255,21.24,2.52,4.55,6.45,33.69,4.99,48.02
2260,21.24,2.52,4.55,6.45,33.69,4.99,48.02
2265,21.24,2.52,4.55,6.45,33.69,4.99,48.02
2270,21.24,2.52,4.55,6.45,33.69,4.99,48.02
2275,21.24,2.52,4.55,6.45,33.69,4.99,48.02
2280,21.24,2.52,4.55,6.45,33.69,4.99,48.02
2285,21.24,2.52,4.55,6.45,33.69,4.99,48.02
2290,21.24,2.52,4.55,6.45,33.69,4.99,48.02
2295,21.24,2.52,4.55,6.45,33.69,4.99,48.02
2300,21.24,2.52,4.55,6.45,33.69,4.99,48.02
2305,21.24,2.52,4.55,6.45,33.69,4.99,48.02
2310,21.24,2.52,4.55,6.45,33.69,4.99,48.02
2315,21.24,2.52,4.55,6.45,33.69,4.99,48.02
2320,21.24,2.52,4.55,6.45,33.69,4.99,48.02
2325,21.24,2.52,4.55,6.45,33.69,4.99,48.02
2330,21.24,2.52,4.55,6.45,33.69,4.99,48.02
2335,21.24,2.52,4.55,6.45,33.69,4.99,48.02
2340,21.24,2.52,4.55,6.45,33.69,4.99,48.02
2345,21.24,2.52,4.55,6.45,33.69,4.99,48.02
2350,21.24,2.52,4.55,6.45,33.69,4.99,48.02
2355,21.24,2.52,4.55,6.45,33.69,4.99,48.02
2360,21.24,2.52,4.55,6.45,33.69,4.99,48.02
2365,21.24,2.52,4.55,6.45,33.69,4.99,48.02
2370,21.24,2.52,4.55,6.45,33.69,4.99,48.02
2375,21.24,2.52,4.55,6.45,33.69,4.99,48.02
2380,21.24,2.52,4.55,6.45,33.69,4.99,48.02
2385,21.24,2.52,4.55,6.45,33.69,4.99,48.02
2390,21.24,2.52,4.55,6.45,33.69,4.99,48.02
2395,21.24,2.52,4.55,6.45,33.69,4.99,48.02
2400,19.13,2.89,4.55,6.08,29.65,4.87,46.89
2405,19.13,2.89,4.55,6.08,29.65,4.87,46.89
2410,19.13,2.89,4.55,6.08,29.65,4.87,46.89
2415,19.13,2.89,4.55,6.08,29.65,4.87,46.89
2420,19.13,2.89,4.55,6.08,29.65,4.87,46.89
2425,19.13,2.89,4.55,6.08,29.65,4.87,46.89
2430,19.13,2.89,4.55,6.08,29.65,4.87,46.89
2435,19.13,2.89,4.55,6.08,29.65,4.87,46.89
2440,19.13,2.89,4.55,6.08,29.65,4.87,46.89
2445,19.13,2.89,4.55,6.08,29.65,4.87,46.89
2450,19.13,2.89,4.55,6.08,29.65,4.87,46.89
2455,19.13,2.89,4.55,6.08,29.65,4.87,46.89
2460,19.13,2.89,4.55,6.08,29.65,4.87,46.89
2465,19.13,2.89,4.55,6.08,29.65,4.87,46.89
2470,19.13,2.89,4.55,6.08,29.65,4.87,46.89
2475,19.13,2.89,4.55,6.08,29.65,4.87,46.89
2480,19.13,2.89,4.55,6.08,29.65,4.87,46.89
2485,19.13,2.89,4.55,6.08,29.65,4.87,46.89
2490,19.13,2.89,4.55,6.08,29.65,4.87,46.89
2495,19.13,2.89,4.55,6.08,29.65,4.87,46.89
2500,19.13,2.89,4.55,6.08,29.65,4.87,46.89
2505,19.13,2.89,4.55,6.08,29.65,4.87,46.89
2510,19.13,2.89,4.55,6.08,29.65,4.87,46.89
2515,19.13,2.89,4.55,6.08,29.65,4.87,46.89
2520,19.13,2.89,4.55,6.08,29.65,4.87,46.89
2525,19.13,2.89,4.55,6.08,29.65,4.87,46.89
2530,19.13,2.89,4.55,6.08,29.65,4.87,46.89
2535,19.13,2.89,4.55,6.08,29.65,4.87,46.89
2540,19.13,2.89,4.55,6.08,29.65,4.87,46.89
2545,19.13,2.89,4.55,6.08,29.65,4.87,46.89
2550,19.13,2.89,4.55,6.08,29.65,4.87,46.89
2555,19.13,2.89,4.55,6.08,29.65,4.87,46.89
2560,19.13,2.89,4.55,6.08,29.65,4.87,46.89
2565,19.13,2.89,4.55,6.08,29.65,4.87,46.89
2570,19.13,2.89,4.55,6.08,29.65,4.87,46.89
2575,19.13,2.89,4.55,6.08,29.65,4.87,46.89
2580,19.13,2.89,4.55,6.08,29.65,4.87,46.89
2585,19.13,2.89,4.55,6.08,29.65,4.87,46.89
2590,19.13,2.89,4.55,6.08,29.65,4.87,46.89
2595,19.13,2.89,4.55,6.08,29.65,4.87,46.89
2600,19.13,2.89,4.55,6.08,29.65,4.87,46.89
2605,19.13,2.89,4.55,6.08,29.65,4.87,46.89
2610,19.13,2.89,4.55,6.08,29.65,4.87,46.89
2615,19.13,2.89,4.55,6.08,29.65,4.87,46.89
2620,19.13,2.89,4.55,6.08,29.65,4.87,46.89
2625,19.13,2.89,4.55,6.08,29.65,4.87,46.89
2630,19.13,2.89,4.55,6.08,29.65,4.87,46.89
2635,19.13,2.89,4.55,6.08,29.65,4.87,46.89
2640,19.13,2.89,4.55,6.08,29.65,4.87,46.89
2645,19.13,2.89,4.55,6.08,29.65,4.87,46.89
2650,19.13,2.89,4.55,6.08,29.65,4.87,46.89
2655,19.13,2.89,4.55,6.08,29.65,4.87,46.89
2660,19.13,2.89,4.55,6.08,29.65,4.87,46.89
2665,19.13,2.89,4.55,6.08,29.65,4.87,46.89
2670,19.13,2.89,4.55,6.08,29.65,4.87,46.89
2675,19.13,2.89,4.55,6.08,29.65,4.87,46.89
2680,19.13,2.89,4.55,6.08,29.65,4.87,46.89
2685,19.13,2.89,4.55,6.08,29.65,4.87,46.89
2690,19.13,2.89,4.55,6.08,29.65,4.87,46.89
2695,19.13,2.89,4.55,6.08,29.65,4.87,46.89
2700,19.13,2.89,4.55,6.08,29.65,4.87,46.89
2705,19.13,2.89,4.55,6.08,29.65,4.87,46.89
2710,19.13,2.89,4.55,6.08,29.65,4.87,46.89
2715,19.13,2.89,4.55,6.08,29.65,4.87,46.89
2720,19.13,2.89,4.55,6.08,29.65,4.87,46.89
2725,19.13,2.89,4.55,6.08,29.65,4.87,46.89
2730,19.13,2.89,4.55,6.08,29.65,4.87,46.89
2735,19.13,2.89,4.55,6.08,29.65,4.87,46.89
2740,19.13,2.89,4.55,6.08,29.65,4.87,46.89
2745,19.13,2.89,4.55,6.08,29.65,4.87,46.89
2750,19.13,2.89,4.55,6.08,29.65,4.87,46.89
2755,19.13,2.89,4.55,6.08,29.65,4.87,46.89
2760,19.13,2.89,4.55,6.08,29.65,4.87,46.89
2765,19.13,2.89,4.55,6.08,29.65,4.87,46.89
2770,19.13,2.89,4.55,6.08,29.65,4.87,46.89
2775,19.13,2.89,4.55,6.08,29.65,4.87,46.89
2780,19.13,2.89,4.55,6.08,29.65,4.87,46.89
2785,19.13,2.89,4.55,6.08,29.65,4.87,46.89
2790,19.13,2.89,4.55,6.08,29.65,4.87,46.89
2795,19.13,2.89,4.55,6.08,29.65,4.87,46.89
2800,19.13,2.89,4.55,6.08,29.65,4.87,46.89
2805,19.13,2.89,4.55,6.08,29.65,4.87,46.89
2810,19.13,2.89,4.55,6.08,29.65,4.87,46.89
2815,19.13,2.89,4.55,6.08,29.65,4.87,46.89
2820,19.13,2.89,4.55,6.08,29.65,4.87,46.89
2825,19.13,2.89,4.55,6.08,29.65,4.87,46.89
2830,19.13,2.89,4.55,6.08,29.65,4.87,46.89
2835,19.13,2.89,4.55,6.08,29.65,4.87,46.89
2840,19.13,2.89,4.55,6.08,29.65,4.87,46.89
2845,19.13,2.89,4.55,6.08,29.65,4.87,46.89
2850,19.13,2.89,4.55,6.08,29.65,4.87,46.89
2855,19.13,2.89,4.55,6.08,29.65,4.87,46.89
2860,19.13,2.89,4.55,6.08,29.65,4.87,46.89
2865,19.13,2.89,4.55,6.08,29.65,4.87,46.89
2870,19.13,2.89,4.55,6.08,29.65,4.87,46.89
2875,19.13,2.89,4.55,6.08,29.65,4.87,46.89
2880,19.13,2.89,4.55,6.08,29.65,4.87,46.89
2885,19.13,2.89,4.55,6.08,29.65,4.87,46.89
2890,19.13,2.89,4.55,6.08,29.65,4.87,46.89
2895,19.13,2.89,4.55,6.08,29.65,4.87,46.89
2900,19.13,2.89,4.55,6.08,29.65,4.87,46.89
2905,19.13,2.89,4.55,6.08,29.65,4.87,46.89
2910,19.13,2.89,4.55,6.08,29.65,4.87,46.89
2915,19.13,2.89,4.55,6.08,29.65,4.87,46.89
2920,19.13,2.89,4.55,6.08,29.65,4.87,46.89
2925,19.13,2.89,4.55,6.08,29.65,4.87,46.89
2930,19.13,2.89,4.55,6.08,29.65,4.87,46.89
2935,19.13,2.89,4.55,6.08,29.65,4.87,46.89
2940,19.13,2.89,4.55,6.08,29.65,4.87,46.89
2945,19.13,2.89,4.55,6.08,29.65,4.87,46.89
2950,19.13,2.89,4.55,6.08,29.65,4.87,46.89
2955,19.13,2.89,4.55,6.08,29.65,4.87,46.89
2960,19.13,2.89,4.55,6.08,29.65,4.87,46.89
2965,19.13,2.89,4.55,6.08,29.65,4.87,46.89
2970,19.13,2.89,4.55,6.08,29.65,4.87,46.89
2975,19.13,2.89,4.55,6.08,29.65,4.87,46.89
2980,19.13,2.89,4.55,6.08,29.65,4.87,46.89
2985,19.13,2.89,4.55,6.08,29.65,4.87,46.89
2990,19.13,2.89,4.55,6.08,29.65,4.87,46.89
2995,19.13,2.89,4.55,6.08,29.65,4.87,46.89
3000,16.98,2.82,4.49,5.7,25.36,5.14,46.27
3005,16.98,2.82,4.49,5.7,25.36,5.14,46.27
3010,16.98,2.82,4.49,5.7,25.36,5.14,46.27
3015,16.98,2.82,4.49,5.7,25.36,5.14,46.27
3020,16.98,2.82,4.49,5.7,25.36,5.14,46.27
3025,16.98,2.82,4.49,5.7,25.36,5.14,46.27
3030,16.98,2.82,4.49,5.7,25.36,5.14,46.27
3035,16.98,2.82,4.49,5.7,25.36,5.14,46.27
3040,16.98,2.82,4.49,5.7,25.36,5.14,46.27
3045,16.98,2.82,4.49,5.7,25.36,5.14,46.27
3050,16.98,2.82,4.49,5.7,25.36,5.14,46.27
3055,16.98,2.82,4.49,5.7,25.36,5.14,46.27
3060,16.98,2.82,4.49,5.7,25.36,5.14,46.27
3065,16.98,2.82,4.49,5.7,25.36,5.14,46.27
3070,16.98,2.82,4.49,5.7,25.36,5.14,46.27
3075,16.98,2.82,4.49,5.7,25.36,5.14,46.27
3080,16.98,2.82,4.49,5.7,25.36,5.14,46.27
3085,16.98,2.82,4.49,5.7,25.36,5.14,46.27
3090,16.98,2.82,4.49,5.7,25.36,5.14,46.27
3095,16.98,2.82,4.49,5.7,25.36,5.14,46.27
3100,16.98,2.82,4.49,5.7,25.36,5.14,46.27
3105,16.98,2.82,4.49,5.7,25.36,5.14,46.27
3110,16.98,2.82,4.49,5.7,25.36,5.14,46.27
3115,16.98,2.82,4.49,5.7,25.36,5.14,46.27
3120,16.98,2.82,4.49,5.7,25.36,5.14,46.27
3125,16.98,2.82,4.49,5.7,25.36,5.14,46.27
3130,16.98,2.82,4.49,5.7,25.36,5.14,46.27
3135,16.98,2.82,4.49,5.7,25.36,5.14,46.27
3140,16.98,2.82,4.49,5.7,25.36,5.14,46.27
3145,16.98,2.82,4.49,5.7,25.36,5.14,46.27
3150,16.98,2.82,4.49,5.7,25.36,5.14,46.27
3155,16.98,2.82,4.49,5.7,25.36,5.14,46.27
3160,16.98,2.82,4.49,5.7,25.36,5.14,46.27
3165,16.98,2.82,4.49,5.7,25.36,5.14,46.27
3170,16.98,2.82,4.49,5.7,25.36,5.14,46.27
3175,16.98,2.82,4.49,5.7,25.36,5.14,46.27
3180,16.98,2.82,4.49,5.7,25.36,5.14,46.27
3185,16.98,2.82,4.49,5.7,25.36,5.14,46.27
3190,16.98,2.82,4.49,5.7,25.36,5.14,46.27
3195,16.98,2.82,4.49,5.7,25.36,5.14,46.27
3200,16.98,2.82,4.49,5.7,25.36,5.14,46.27
3205,16.98,2.82,4.49,5.7,25.36,5.14,46.27
3210,16.98,2.82,4.49,5.7,25.36,5.14,46.27
3215,16.98,2.82,4.49,5.7,25.36,5.14,46.27
3220,16.98,2.82,4.49,5.7,25.36,5.14,46.27
3225,16.98,2.82,4.49,5.7,25.36,5.14,46.27
3230,16.98,2.82,4.49,5.7,25.36,5.14,46.27
3235,16.98,2.82,4.49,5.7,25.36,5.14,46.27
3240,16.98,2.82,4.49,5.7,25.36,5.14,46.27
3245,16.98,2.82,4.49,5.7,25.36,5.14,46.27
3250,16.98,2.82,4.49,5.7,25.36,5.14,46.27
3255,16.98,2.82,4.49,5.7,25.36,5.14,46.27
3260,16.98,2.82,4.49,5.7,25.36,5.14,46.27
3265,16.98,2.82,4.49,5.7,25.36,5.14,46.27
3270,16.98,2.82,4.49,5.7,25.36,5.14,46.27
3275,16.98,2.82,4.49,5.7,25.36,5.14,46.27
3280,16.98,2.82,4.49,5.7,25.36,5.14,46.27
3285,16.98,2.82,4.49,5.7,25.36,5.14,46.27
3290,16.98,2.82,4.49,5.7,25.36,5.14,46.27
3295,16.98,2.82,4.49,5.7,25.36,5.14,46.27
3300,16.98,2.82,4.49,5.7,25.36,5.14,46.27
3305,16.98,2.82,4.49,5.7,25.36,5.14,46.27
3310,16.98,2.82,4.49,5.7,25.36,5.14,46.27
3315,16.98,2.82,4.49,5.7,25.36,5.14,46.27
3320,16.98,2.82,4.49,5.7,25.36,5.14,46.27
3325,16.98,2.82,4.49,5.7,25.36,5.14,46.27
3330,16.98,2.82,4.49,5.7,25.36,5.14,46.27
3335,16.98,2.82,4.49,5.7,25.36,5.14,46.27
3340,16.98,2.82,4.49,5.7,25.36,5.14,46.27
3345,16.98,2.82,4.49,5.7,25.36,5.14,46.27
3350,16.98,2.82,4.49,5.7,25.36,5.14,46.27
3355,16.98,2.82,4.49,5.7,25.36,5.14,46.27
3360,16.98,2.82,4.49,5.7,25.36,5.14,46.27
3365,16.98,2.82,4.49,5.7,25.36,5.14,46.27
3370,16.98,2.82,4.49,5.7,25.36,5.14,46.27
3375,16.98,2.82,4.49,5.7,25.36,5.14,46.27
3380,16.98,2.82,4.49,5.7,25.36,5.14,46.27
3385,16.98,2.82,4.49,5.7,25.36,5.14,46.27
3390,16.98,2.82,4.49,5.7,25.36,5.14,46.27
3395,16.98,2.82,4.49,5.7,25.36,5.14,46.27
3400,16.98,2.82,4.49,5.7,25.36,5.14,46.27
3405,16.98,2.82,4.49,5.7,25.36,5.14,46.27
3410,16.98,2.82,4.49,5.7,25.36,5.14,46.27
3415,16.98,2.82,4.49,5.7,25.36,5.14,46.27
3420,16.98,2.82,4.49,5.7,25.36,5.14,46.27
3425,16.98,2.82,4.49,5.7,25.36,5.14,46.27
3430,16.98,2.82,4.49,5.7,25.36,5.14,46.27
3435,16.98,2.82,4.49,5.7,25.36,5.14,46.27
3440,16.98,2.82,4.49,5.7,25.36,5.14,46.27
3445,16.98,2.82,4.49,5.7,25.36,5.14,46.27
3450,16.98,2.82,4.49,5.7,25.36,5.14,46.27
3455,16.98,2.82,4.49,5.7,25.36,5.14,46.27
3460,16.98,2.82,4.49,5.7,25.36,5.14,46.27
3465,16.98,2.82,4.49,5.7,25.36,5.14,46.27
3470,16.98,2.82,4.49,5.7,25.36,5.14,46.27
3475,16.98,2.82,4.49,5.7,25.36,5.14,46.27
3480,16.98,2.82,4.49,5.7,25.36,5.14,46.27
3485,16.98,2.82,4.49,5.7,25.36,5.14,46.27
3490,16.98,2.82,4.49,5.7,25.36,5.14,46.27
3495,16.98,2.82,4.49,5.7,25.36,5.14,46.27
3500,16.98,2.82,4.49,5.7,25.36,5.14,46.27
3505,16.98,2.82,4.49,5.7,25.36,5.14,46.27
3510,16.98,2.82,4.49,5.7,25.36,5.14,46.27
3515,16.98,2.82,4.49,5.7,25.36,5.14,46.27
3520,16.98,2.82,4.49,5.7,25.36,5.14,46.27
3525,16.98,2.82,4.49,5.7,25.36,5.14,46.27
3530,16.98,2.82,4.49,5.7,25.36,5.14,46.27
3535,16.98,2.82,4.49,5.7,25.36,5.14,46.27
3540,16.98,2.82,4.49,5.7,25.36,5.14,46.27
3545,16.98,2.82,4.49,5.7,25.36,5.14,46.27
3550,16.98,2.82,4.49,5.7,25.36,5.14,46.27
3555,16.98,2.82,4.49,5.7,25.36,5.14,46.27
3560,16.98,2.82,4.49,5.7,25.36,5.14,46.27
3565,16.98,2.82,4.49,5.7,25.36,5.14,46.27
3570,16.98,2.82,4.49,5.7,25.36,5.14,46.27
3575,16.98,2.82,4.49,5.7,25.36,5.14,46.27
3580,16.98,2.82,4.49,5.7,25.36,5.14,46.27
3585,16.98,2.82,4.49,5.7,25.36,5.14,46.27
3590,16.98,2.82,4.49,5.7,25.36,5.14,46.27
3595,16.98,2.82,4.49,5.7,25.36,5.14,46.27
3600,14.84,2.88,4.51,5.5,21.49,5.24,45.6
3605,14.84,2.88,4.51,5.5,21.49,5.24,45.6
3610,14.84,2.88,4.51,5.5,21.49,5.24,45.6
3615,14.84,2.88,4.51,5.5,21.49,5.24,45.6
3620,14.84,2.88,4.51,5.5,21.49,5.24,45.6
3625,14.84,2.88,4.51,5.5,21.49,5.24,45.6
3630,14.84,2.88,4.51,5.5,21.49,5.24,45.6
3635,14.84,2.88,4.51,5.5,21.49,5.24,45.6
3640,14.84,2.88,4.51,5.5,21.49,5.24,45.6
3645,14.84,2.88,4.51,5.5,21.49,5.24,45.6
3650,14.84,2.88,4.51,5.5,21.49,5.24,45.6
3655,14.84,2.88,4.51,5.5,21.49,5.24,45.6
3660,14.84,2.88,4.51,5.5,21.49,5.24,45.6
3665,14.84,2.88,4.51,5.5,21.49,5.24,45.6
3670,14.84,2.88,4.51,5.5,21.49,5.24,45.6
3675,14.84,2.88,4.51,5.5,21.49,5.24,45.6
3680,14.84,2.88,4.51,5.5,21.49,5.24,45.6
3685,14.84,2.88,4.51,5.5,21.49,5.24,45.6
3690,14.84,2.88,4.51,5.5,21.49,5.24,45.6
3695,14.84,2.88,4.51,5.5,21.49,5.24,45.6
3700,14.84,2.88,4.51,5.5,21.49,5.24,45.6
3705,14.84,2.88,4.51,5.5,21.49,5.24,45.6
3710,14.84,2.88,4.51,5.5,21.49,5.24,45.6
3715,14.84,2.88,4.51,5.5,21.49,5.24,45.6
3720,14.84,2.88,4.51,5.5,21.49,5.24,45.6
3725,14.84,2.88,4.51,5.5,21.49,5.24,45.6
3730,14.84,2.88,4.51,5.5,21.49,5.24,45.6
3735,14.84,2.88,4.51,5.5,21.49,5.24,45.6
3740,14.84,2.88,4.51,5.5,21.49,5.24,45.6
3745,14.84,2.88,4.51,5.5,21.49,5.24,45.6
3750,14.84,2.88,4.51,5.5,21.49,5.24,45.6
3755,14.84,2.88,4.51,5.5,21.49,5.24,45.6
3760,14.84,2.88,4.51,5.5,21.49,5.24,45.6
3765,14.84,2.88,4.51,5.5,21.49,5.24,45.6
3770,14.84,2.88,4.51,5.5,21.49,5.24,45.6
3775,14.84,2.88,4.51,5.5,21.49,5.24,45.6
3780,14.84,2.88,4.51,5.5,21.49,5.24,45.6
3785,14.84,2.88,4.51,5.5,21.49,5.24,45.6
3790,14.84,2.88,4.51,5.5,21.49,5.24,45.6
3795,14.84,2.88,4.51,5.5,21.49,5.24,45.6
3800,14.84,2.88,4.51,5.5,21.49,5.24,45.6
3805,14.84,2.88,4.51,5.5,21.49,5.24,45.6
3810,14.84,2.88,4.51,5.5,21.49,5.24,45.6
3815,14.84,2.88,4.51,5.5,21.49,5.24,45.6
3820,14.84,2.88,4.51,5.5,21.49,5.24,45.6
3825,14.84,2.88,4.51,5.5,21.49,5.24,45.6
3830,14.84,2.88,4.51,5.5,21.49,5.24,45.6
3835,14.84,2.88,4.51,5.5,21.49,5.24,45.6
3840,14.84,2.88,4.51,5.5,21.49,5.24,45.6
3845,14.84,2.88,4.51,5.5,21.49,5.24,45.6
3850,14.84,2.88,4.51,5.5,21.49,5.24,45.6
3855,14.84,2.88,4.51,5.5,21.49,5.24,45.6
3860,14.84,2.88,4.51,5.5,21.49,5.24,45.6
3865,14.84,2.88,4.51,5.5,21.49,5.24,45.6
3870,14.84,2.88,4.51,5.5,21.49,5.24,45.6
3875,14.84,2.88,4.51,5.5,21.49,5.24,45.6
3880,14.84,2.88,4.51,5.5,21.49,5.24,45.6
3885,14.84,2.88,4.51,5.5,21.49,5.24,45.6
3890,14.84,2.88,4.51,5.5,21.49,5.24,45.6
3895,14.84,2.88,4.51,5.5,21.49,5.24,45.6
3900,14.84,2.88,4.51,5.5,21.49,5.24,45.6
3905,14.84,2.88,4.51,5.5,21.49,5.24,45.6
3910,14.84,2.88,4.51,5.5,21.49,5.24,45.6
3915,14.84,2.88,4.51,5.5,21.49,5.24,45.6
3920,14.84,2.88,4.51,5.5,21.49,5.24,45.6
3925,14.84,2.88,4.51,5.5,21.49,5.24,45.6
3930,14.84,2.88,4.51,5.5,21.49,5.24,45.6
3935,14.84,2.88,4.51,5.5,21.49,5.24,45.6
3940,14.84,2.88,4.51,5.5,21.49,5.24,45.6
3945,14.84,2.88,4.51,5.5,21.49,5.24,45.6
3950,14.84,2.88,4.51,5.5,21.49,5.24,45.6
3955,14.84,2.88,4.51,5.5,21.49,5.24,45.6
3960,14.84,2.88,4.51,5.5,21.49,5.24,45.6
3965,14.84,2.88,4.51,5.5,21.49,5.24,45.6
3970,14.84,2.88,4.51,5.5,21.49,5.24,45.6
3975,14.84,2.88,4.51,5.5,21.49,5.24,45.6
3980,14.84,2.88,4.51,5.5,21.49,5.24,45.6
3985,14.84,2.88,4.51,5.5,21.49,5.24,45.6
3990,14.84,2.88,4.51,5.5,21.49,5.24,45.6
3995,14.84,2.88,4.51,5.5,21.49,5.24,45.6
4000,14.84,2.88,4.51,5.5,21.49,5.24,45.6
4005,14.84,2.88,4.51,5.5,21.49,5.24,45.6
4010,14.84,2.88,4.51,5.5,21.49,5.24,45.6
4015,14.84,2.88,4.51,5.5,21.49,5.24,45.6
4020,14.84,2.88,4.51,5.5,21.49,5.24,45.6
4025,14.84,2.88,4.51,5.5,21.49,5.24,45.6
4030,14.84,2.88,4.51,5.5,21.49,5.24,45.6
4035,14.84,2.88,4.51,5.5,21.49,5.24,45.6
4040,14.84,2.88,4.51,5.5,21.49,5.24,45.6
4045,14.84,2.88,4.51,5.5,21.49,5.24,45.6
4050,14.84,2.88,4.51,5.5,21.49,5.24,45.6
4055,14.84,2.88,4.51,5.5,21.49,5.24,45.6
4060,14.84,2.88,4.51,5.5,21.49,5.24,45.6
4065,14.84,2.88,4.51,5.5,21.49,5.24,45.6
4070,14.84,2.88,4.51,5.5,21.49,5.24,45.6
4075,14.84,2.88,4.51,5.5,21.49,5.24,45.6
4080,14.84,2.88,4.51,5.5,21.49,5.24,45.6
4085,14.84,2.88,4.51,5.5,21.49,5.24,45.6
4090,14.84,2.88,4.51,5.5,21.49,5.24,45.6
4095,14.84,2.88,4.51,5.5,21.49,5.24,45.6
4100,14.84,2.88,4.51,5.5,21.49,5.24,45.6
4105,14.84,2.88,4.51,5.5,21.49,5.24,45.6
4110,14.84,2.88,4.51,5.5,21.49,5.24,45.6
4115,14.84,2.88,4.51,5.5,21.49,5.24,45.6
4120,14.84,2.88,4.51,5.5,21.49,5.24,45.6
4125,14.84,2.88,4.51,5.5,21.49,5.24,45.6
4130,14.84,2.88,4.51,5.5,21.49,5.24,45.6
4135,14.84,2.88,4.51,5.5,21.49,5.24,45.6
4140,14.84,2.88,4.51,5.5,21.49,5.24,45.6
4145,14.84,2.88,4.51,5.5,21.49,5.24,45.6
4150,14.84,2.88,4.51,5.5,21.49,5.24,45.6
4155,14.84,2.88,4.51,5.5,21.49,5.24,45.6
4160,14.84,2.88,4.51,5.5,21.49,5.24,45.6
4165,14.84,2.88,4.51,5.5,21.49,5.24,45.6
4170,14.84,2.88,4.51,5.5,21.49,5.24,45.6
4175,14.84,2.88,4.51,5.5,21.49,5.24,45.6
4180,14.84,2.88,4.51,5.5,21.49,5.24,45.6
4185,14.84,2.88,4.51,5.5,21.49,5.24,45.6
4190,14.84,2.88,4.51,5.5,21.49,5.24,45.6
4195,14.84,2.88,4.51,5.5,21.49,5.24,45.6
4200,12.86,2.81,4.38,7.44,17.45,5.19,44.47
4205,12.86,2.81,4.38,7.44,17.45,5.19,44.47
4210,12.86,2.81,4.38,7.44,17.45,5.19,44.47
4215,12.86,2.81,4.38,7.44,17.45,5.19,44.47
4220,12.86,2.81,4.38,7.44,17.45,5.19,44.47
4225,12.86,2.81,4.38,7.44,17.45,5.19,44.47
4230,12.86,2.81,4.38,7.44,17.45,5.19,44.47
4235,12.86,2.81,4.38,7.44,17.45,5.19,44.47
4240,12.86,2.81,4.38,7.44,17.45,5.19,44.47
4245,12.86,2.81,4.38,7.44,17.45,5.19,44.47
4250,12.86,2.81,4.38,7.44,17.45,5.19,44.47
4255,12.86,2.81,4.38,7.44,17.45,5.19,44.47
4260,12.86,2.81,4.38,7.44,17.45,5.19,44.47
4265,12.86,2.81,4.38,7.44,17.45,5.19,44.47
4270,12.86,2.81,4.38,7.44,17.45,5.19,44.47
4275,12.86,2.81,4.38,7.44,17.45,5.19,44.47
4280,12.86,2.81,4.38,7.44,17.45,5.19,44.47
4285,12.86,2.81,4.38,7.44,17.45,5.19,44.47
4290,12.86,2.81,4.38,7.44,17.45,5.19,44.47
4295,12.86,2.81,4.38,7.44,17.45,5.19,44.47
4300,12.86,2.81,4.38,7.44,17.45,5.19,44.47
4305,12.86,2.81,4.38,7.44,17.45,5.19,44.47
4310,12.86,2.81,4.38,7.44,17.45,5.19,44.47
4315,12.86,2.81,4.38,7.44,17.45,5.19,44.47
4320,12.86,2.81,4.38,7.44,17.45,5.19,44.47
4325,12.86,2.81,4.38,7.44,17.45,5.19,44.47
4330,12.86,2.81,4.38,7.44,17.45,5.19,44.47
4335,12.86,2.81,4.38,7.44,17.45,5.19,44.47
4340,12.86,2.81,4.38,7.44,17.45,5.19,44.47
4345,12.86,2.81,4.38,7.44,17.45,5.19,44.47
4350,12.86,2.81,4.38,7.44,17.45,5.19,44.47
4355,12.86,2.81,4.38,7.44,17.45,5.19,44.47
4360,12.86,2.81,4.38,7.44,17.45,5.19,44.47
4365,12.86,2.81,4.38,7.44,17.45,5.19,44.47
4370,12.86,2.81,4.38,7.44,17.45,5.19,44.47
4375,12.86,2.81,4.38,7.44,17.45,5.19,44.47
4380,12.86,2.81,4.38,7.44,17.45,5.19,44.47
4385,12.86,2.81,4.38,7.44,17.45,5.19,44.47
4390,12.86,2.81,4.38,7.44,17.45,5.19,44.47
4395,12.86,2.81,4.38,7.44,17.45,5.19,44.47
4400,12.86,2.81,4.38,7.44,17.45,5.19,44.47
4405,12.86,2.81,4.38,7.44,17.45,5.19,44.47
4410,12.86,2.81,4.38,7.44,17.45,5.19,44.47
4415,12.86,2.81,4.38,7.44,17.45,5.19,44.47
4420,12.86,2.81,4.38,7.44,17.45,5.19,44.47
4425,12.86,2.81,4.38,7.44,17.45,5.19,44.47
4430,12.86,2.81,4.38,7.44,17.45,5.19,44.47
4435,12.86,2.81,4.38,7.44,17.45,5.19,44.47
4440,12.86,2.81,4.38,7.44,17.45,5.19,44.47
4445,12.86,2.81,4.38,7.44,17.45,5.19,44.47
4450,12.86,2.81,4.38,7.44,17.45,5.19,44.47
4455,12.86,2.81,4.38,7.44,17.45,5.19,44.47
4460,12.86,2.81,4.38,7.44,17.45,5.19,44.47
4465,12.86,2.81,4.38,7.44,17.45,5.19,44.47
4470,12.86,2.81,4.38,7.44,17.45,5.19,44.47
4475,12.86,2.81,4.38,7.44,17.45,5.19,44.47
4480,12.86,2.81,4.38,7.44,17.45,5.19,44.47
4485,12.86,2.81,4.38,7.44,17.45,5.19,44.47
4490,12.86,2.81,4.38,7.44,17.45,5.19,44.47
4495,12.86,2.81,4.38,7.44,17.45,5.19,44.47
4500,12.86,2.81,4.38,7.44,17.45,5.19,44.47
4505,12.86,2.81,4.38,7.44,17.45,5.19,44.47
4510,12.86,2.81,4.38,7.44,17.45,5.19,44.47
4515,12.86,2.81,4.38,7.44,17.45,5.19,44.47
4520,12.86,2.81,4.38,7.44,17.45,5.19,44.47
4525,12.86,2.81,4.38,7.44,17.45,5.19,44.47
4530,12.86,2.81,4.38,7.44,17.45,5.19,44.47
4535,12.86,2.81,4.38,7.44,17.45,5.19,44.47
4540,12.86,2.81,4.38,7.44,17.45,5.19,44.47
4545,12.86,2.81,4.38,7.44,17.45,5.19,44.47
4550,12.86,2.81,4.38,7.44,17.45,5.19,44.47
4555,12.86,2.81,4.38,7.44,17.45,5.19,44.47
4560,12.86,2.81,4.38,7.44,17.45,5.19,44.47
4565,12.86,2.81,4.38,7.44,17.45,5.19,44.47
4570,12.86,2.81,4.38,7.44,17.45,5.19,44.47
4575,12.86,2.81,4.38,7.44,17.45,5.19,44.47
4580,12.86,2.81,4.38,7.44,17.45,5.19,44.47
4585,12.86,2.81,4.38,7.44,17.45,5.19,44.47
4590,12.86,2.81,4.38,7.44,17.45,5.19,44.47
4595,12.86,2.81,4.38,7.44,17.45,5.19,44.47
4600,12.86,2.81,4.38,7.44,17.45,5.19,44.47
4605,12.86,2.81,4.38,7.44,17.45,5.19,44.47
4610,12.86,2.81,4.38,7.44,17.45,5.19,44.47
4615,12.86,2.81,4.38,7.44,17.45,5.19,44.47
4620,12.86,2.81,4.38,7.44,17.45,5.19,44.47
4625,12.86,2.81,4.38,7.44,17.45,5.19,44.47
4630,12.86,2.81,4.38,7.44,17.45,5.19,44.47
4635,12.86,2.81,4.38,7.44,17.45,5.19,44.47
4640,12.86,2.81,4.38,7.44,17.45,5.19,44.47
4645,12.86,2.81,4.38,7.44,17.45,5.19,44.47
4650,12.86,2.81,4.38,7.44,17.45,5.19,44.47
4655,12.86,2.81,4.38,7.44,17.45,5.19,44.47
4660,12.86,2.81,4.38,7.44,17.45,5.19,44.47
4665,12.86,2.81,4.38,7.44,17.45,5.19,44.47
4670,12.86,2.81,4.38,7.44,17.45,5.19,44.47
4675,12.86,2.81,4.38,7.44,17.45,5.19,44.47
4680,12.86,2.81,4.38,7.44,17.45,5.19,44.47
4685,12.86,2.81,4.38,7.44,17.45,5.19,44.47
4690,12.86,2.81,4.38,7.44,17.45,5.19,44.47
4695,12.86,2.81,4.38,7.44,17.45,5.19,44.47
4700,12.86,2.81,4.38,7.44,17.45,5.19,44.47
4705,12.86,2.81,4.38,7.44,17.45,5.19,44.47
4710,12.86,2.81,4.38,7.44,17.45,5.19,44.47
4715,12.86,2.81,4.38,7.44,17.45,5.19,44.47
4720,12.86,2.81,4.38,7.44,17.45,5.19,44.47
4725,12.86,2.81,4.38,7.44,17.45,5.19,44.47
4730,12.86,2.81,4.38,7.44,17.45,5.19,44.47
4735,12.86,2.81,4.38,7.44,17.45,5.19,44.47
4740,12.86,2.81,4.38,7.44,17.45,5.19,44.47
4745,12.86,2.81,4.38,7.44,17.45,5.19,44.47
4750,12.86,2.81,4.38,7.44,17.45,5.19,44.47
4755,12.86,2.81,4.38,7.44,17.45,5.19,44.47
4760,12.86,2.81,4.38,7.44,17.45,5.19,44.47
4765,12.86,2.81,4.38,7.44,17.45,5.19,44.47
4770,12.86,2.81,4.38,7.44,17.45,5.19,44.47
4775,12.86,2.81,4.38,7.44,17.45,5.19,44.47
4780,12.86,2.81,4.38,7.44,17.45,5.19,44.47
4785,12.86,2.81,4.38,7.44,17.45,5.19,44.47
4790,12.86,2.81,4.38,7.44,17.45,5.19,44.47
4795,12.86,2.81,4.38,7.44,17.45,5.19,44.47
4800,10.86,2.67,4.23,7.33,13.21,5.4,43.63
4805,10.86,2.67,4.23,7.33,13.21,5.4,43.63
4810,10.86,2.67,4.23,7.33,13.21,5.4,43.63
4815,10.86,2.67,4.23,7.33,13.21,5.4,43.63
4820,10.86,2.67,4.23,7.33,13.21,5.4,43.63
4825,10.86,2.67,4.23,7.33,13.21,5.4,43.63
4830,10.86,2.67,4.23,7.33,13.21,5.4,43.63
4835,10.86,2.67,4.23,7.33,13.21,5.4,43.63
4840,10.86,2.67,4.23,7.33,13.21,5.4,43.63
4845,10.86,2.67,4.23,7.33,13.21,5.4,43.63
4850,10.86,2.67,4.23,7.33,13.21,5.4,43.63
4855,10.86,2.67,4.23,7.33,13.21,5.4,43.63
4860,10.86,2.67,4.23,7.33,13.21,5.4,43.63
4865,10.86,2.67,4.23,7.33,13.21,5.4,43.63
4870,10.86,2.67,4.23,7.33,13.21,5.4,43.63
4875,10.86,2.67,4.23,7.33,13.21,5.4,43.63
4880,10.86,2.67,4.23,7.33,13.21,5.4,43.63
4885,10.86,2.67,4.23,7.33,13.21,5.4,43.63
4890,10.86,2.67,4.23,7.33,13.21,5.4,43.63
4895,10.86,2.67,4.23,7.33,13.21,5.4,43.63
4900,10.86,2.67,4.23,7.33,13.21,5.4,43.63
4905,10.86,2.67,4.23,7.33,13.21,5.4,43.63
4910,10.86,2.67,4.23,7.33,13.21,5.4,43.63
4915,10.86,2.67,4.23,7.33,13.21,5.4,43.63
4920,10.86,2.67,4.23,7.33,13.21,5.4,43.63
4925,10.86,2.67,4.23,7.33,13.21,5.4,43.63
4930,10.86,2.67,4.23,7.33,13.21,5.4,43.63
4935,10.86,2.67,4.23,7.33,13.21,5.4,43.63
4940,10.86,2.67,4.23,7.33,13.21,5.4,43.63
4945,10.86,2.67,4.23,7.33,13.21,5.4,43.63
4950,10.86,2.67,4.23,7.33,13.21,5.4,43.63
4955,10.86,2.67,4.23,7.33,13.21,5.4,43.63
4960,10.86,2.67,4.23,7.33,13.21,5.4,43.63
4965,10.86,2.67,4.23,7.33,13.21,5.4,43.63
4970,10.86,2.67,4.23,7.33,13.21,5.4,43.63
4975,10.86,2.67,4.23,7.33,13.21,5.4,43.63
4980,10.86,2.67,4.23,7.33,13.21,5.4,43.63
4985,10.86,2.67,4.23,7.33,13.21,5.4,43.63
4990,10.86,2.67,4.23,7.33,13.21,5.4,43.63
4995,10.86,2.67,4.23,7.33,13.21,5.4,43.63
5000,10.86,2.67,4.23,7.33,13.21,5.4,43.63
5005,10.86,2.67,4.23,7.33,13.21,5.4,43.63
5010,10.86,2.67,4.23,7.33,13.21,5.4,43.63
5015,10.86,2.67,4.23,7.33,13.21,5.4,43.63
5020,10.86,2.67,4.23,7.33,13.21,5.4,43.63
5025,10.86,2.67,4.23,7.33,13.21,5.4,43.63
5030,10.86,2.67,4.23,7.33,13.21,5.4,43.63
5035,10.86,2.67,4.23,7.33,13.21,5.4,43.63
5040,10.86,2.67,4.23,7.33,13.21,5.4,43.63
5045,10.86,2.67,4.23,7.33,13.21,5.4,43.63
5050,10.86,2.67,4.23,7.33,13.21,5.4,43.63
5055,10.86,2.67,4.23,7.33,13.21,5.4,43.63
5060,10.86,2.67,4.23,7.33,13.21,5.4,43.63
5065,10.86,2.67,4.23,7.33,13.21,5.4,43.63
5070,10.86,2.67,4.23,7.33,13.21,5.4,43.63
5075,10.86,2.67,4.23,7.33,13.21,5.4,43.63
5080,10.86,2.67,4.23,7.33,13.21,5.4,43.63
5085,10.86,2.67,4.23,7.33,13.21,5.4,43.63
5090,10.86,2.67,4.23,7.33,13.21,5.4,43.63
5095,10.86,2.67,4.23,7.33,13.21,5.4,43.63
5100,10.86,2.67,4.23,7.33,13.21,5.4,43.63
5105,10.86,2.67,4.23,7.33,13.21,5.4,43.63
5110,10.86,2.67,4.23,7.33,13.21,5.4,43.63
5115,10.86,2.67,4.23,7.33,13.21,5.4,43.63
5120,10.86,2.67,4.23,7.33,13.21,5.4,43.63
5125,10.86,2.67,4.23,7.33,13.21,5.4,43.63
5130,10.86,2.67,4.23,7.33,13.21,5.4,43.63
5135,10.86,2.67,4.23,7.33,13.21,5.4,43.63
5140,10.86,2.67,4.23,7.33,13.21,5.4,43.63
5145,10.86,2.67,4.23,7.33,13.21,5.4,43.63
5150,10.86,2.67,4.23,7.33,13.21,5.4,43.63
5155,10.86,2.67,4.23,7.33,13.21,5.4,43.63
5160,10.86,2.67,4.23,7.33,13.21,5.4,43.63
5165,10.86,2.67,4.23,7.33,13.21,5.4,43.63
5170,10.86,2.67,4.23,7.33,13.21,5.4,43.63
5175,10.86,2.67,4.23,7.33,13.21,5.4,43.63
5180,10.86,2.67,4.23,7.33,13.21,5.4,43.63
5185,10.86,2.67,4.23,7.33,13.21,5.4,43.63
5190,10.86,2.67,4.23,7.33,13.21,5.4,43.63
5195,10.86,2.67,4.23,7.33,13.21,5.4,43.63
5200,10.86,2.67,4.23,7.33,13.21,5.4,43.63
5205,10.86,2.67,4.23,7.33,13.21,5.4,43.63
5210,10.86,2.67,4.23,7.33,13.21,5.4,43.63
5215,10.86,2.67,4.23,7.33,13.21,5.4,43.63
5220,10.86,2.67,4.23,7.33,13.21,5.4,43.63
5225,10.86,2.67,4.23,7.33,13.21,5.4,43.63
5230,10.86,2.67,4.23,7.33,13.21,5.4,43.63
5235,10.86,2.67,4.23,7.33,13.21,5.4,43.63
5240,10.86,2.67,4.23,7.33,13.21,5.4,43.63
5245,10.86,2.67,4.23,7.33,13.21,5.4,43.63
5250,10.86,2.67,4.23,7.33,13.21,5.4,43.63
5255,10.86,2.67,4.23,7.33,13.21,5.4,43.63
5260,10.86,2.67,4.23,7.33,13.21,5.4,43.63
5265,10.86,2.67,4.23,7.33,13.21,5.4,43.63
5270,10.86,2.67,4.23,7.33,13.21,5.4,43.63
5275,10.86,2.67,4.23,7.33,13.21,5.4,43.63
5280,10.86,2.67,4.23,7.33,13.21,5.4,43.63
5285,10.86,2.67,4.23,7.33,13.21,5.4,43.63
5290,10.86,2.67,4.23,7.33,13.21,5.4,43.63
5295,10.86,2.67,4.23,7.33,13.21,5.4,43.63
5300,10.86,2.67,4.23,7.33,13.21,5.4,43.63
5305,10.86,2.67,4.23,7.33,13.21,5.4,43.63
5310,10.86,2.67,4.23,7.33,13.21,5.4,43.63
5315,10.86,2.67,4.23,7.33,13.21,5.4,43.63
5320,10.86,2.67,4.23,7.33,13.21,5.4,43.63
5325,10.86,2.67,4.23,7.33,13.21,5.4,43.63
5330,10.86,2.67,4.23,7.33,13.21,5.4,43.63
5335,10.86,2.67,4.23,7.33,13.21,5.4,43.63
5340,10.86,2.67,4.23,7.33,13.21,5.4,43.63
5345,10.86,2.67,4.23,7.33,13.21,5.4,43.63
5350,10.86,2.67,4.23,7.33,13.21,5.4,43.63
5355,10.86,2.67,4.23,7.33,13.21,5.4,43.63
5360,10.86,2.67,4.23,7.33,13.21,5.4,43.63
5365,10.86,2.67,4.23,7.33,13.21,5.4,43.63
5370,10.86,2.67,4.23,7.33,13.21,5.4,43.63
5375,10.86,2.67,4.23,7.33,13.21,5.4,43.63
5380,10.86,2.67,4.23,7.33,13.21,5.4,43.63
5385,10.86,2.67,4.23,7.33,13.21,5.4,43.63
5390,10.86,2.67,4.23,7.33,13.21,5.4,43.63
5395,10.86,2.67,4.23,7.33,13.21,5.4,43.63
5400,9.36,2.51,4.01,7.6,9.03,6.19,42.84
5405,9.36,2.51,4.01,7.6,9.03,6.19,42.84
5410,9.36,2.51,4.01,7.6,9.03,6.19,42.84
5415,9.36,2.51,4.01,7.6,9.03,6.19,42.84
5420,9.36,2.51,4.01,7.6,9.03,6.19,42.84
5425,9.36,2.51,4.01,7.6,9.03,6.19,42.84
5430,9.36,2.51,4.01,7.6,9.03,6.19,42.84
5435,9.36,2.51,4.01,7.6,9.03,6.19,42.84
5440,9.36,2.51,4.01,7.6,9.03,6.19,42.84
5445,9.36,2.51,4.01,7.6,9.03,6.19,42.84
5450,9.36,2.51,4.01,7.6,9.03,6.19,42.84
5455,9.36,2.51,4.01,7.6,9.03,6.19,42.84
5460,9.36,2.51,4.01,7.6,9.03,6.19,42.84
5465,9.36,2.51,4.01,7.6,9.03,6.19,42.84
5470,9.36,2.51,4.01,7.6,9.03,6.19,42.84
5475,9.36,2.51,4.01,7.6,9.03,6.19,42.84
5480,9.36,2.51,4.01,7.6,9.03,6.19,42.84
5485,9.36,2.51,4.01,7.6,9.03,6.19,42.84
5490,9.36,2.51,4.01,7.6,9.03,6.19,42.84
5495,9.36,2.51,4.01,7.6,9.03,6.19,42.84
5500,9.36,2.51,4.01,7.6,9.03,6.19,42.84
5505,9.36,2.51,4.01,7.6,9.03,6.19,42.84
5510,9.36,2.51,4.01,7.6,9.03,6.19,42.84
5515,9.36,2.51,4.01,7.6,9.03,6.19,42.84
5520,9.36,2.51,4.01,7.6,9.03,6.19,42.84
5525,9.36,2.51,4.01,7.6,9.03,6.19,42.84
5530,9.36,2.51,4.01,7.6,9.03,6.19,42.84
5535,9.36,2.51,4.01,7.6,9.03,6.19,42.84
5540,9.36,2.51,4.01,7.6,9.03,6.19,42.84
5545,9.36,2.51,4.01,7.6,9.03,6.19,42.84
5550,9.36,2.51,4.01,7.6,9.03,6.19,42.84
5555,9.36,2.51,4.01,7.6,9.03,6.19,42.84
5560,9.36,2.51,4.01,7.6,9.03,6.19,42.84
5565,9.36,2.51,4.01,7.6,9.03,6.19,42.84
5570,9.36,2.51,4.01,7.6,9.03,6.19,42.84
5575,9.36,2.51,4.01,7.6,9.03,6.19,42.84
5580,9.36,2.51,4.01,7.6,9.03,6.19,42.84
5585,9.36,2.51,4.01,7.6,9.03,6.19,42.84
5590,9.36,2.51,4.01,7.6,9.03,6.19,42.84
5595,9.36,2.51,4.01,7.6,9.03,6.19,42.84
5600,9.36,2.51,4.01,7.6,9.03,6.19,42.84
5605,9.36,2.51,4.01,7.6,9.03,6.19,42.84
5610,9.36,2.51,4.01,7.6,9.03,6.19,42.84
5615,9.36,2.51,4.01,7.6,9.03,6.19,42.84
5620,9.36,2.51,4.01,7.6,9.03,6.19,42.84
5625,9.36,2.51,4.01,7.6,9.03,6.19,42.84
5630,9.36,2.51,4.01,7.6,9.03,6.19,42.84
5635,9.36,2.51,4.01,7.6,9.03,6.19,42.84
5640,9.36,2.51,4.01,7.6,9.03,6.19,42.84
5645,9.36,2.51,4.01,7.6,9.03,6.19,42.84
5650,9.36,2.51,4.01,7.6,9.03,6.19,42.84
5655,9.36,2.51,4.01,7.6,9.03,6.19,42.84
5660,9.36,2.51,4.01,7.6,9.03,6.19,42.84
5665,9.36,2.51,4.01,7.6,9.03,6.19,42.84
5670,9.36,2.51,4.01,7.6,9.03,6.19,42.84
5675,9.36,2.51,4.01,7.6,9.03,6.19,42.84
5680,9.36,2.51,4.01,7.6,9.03,6.19,42.84
5685,9.36,2.51,4.01,7.6,9.03,6.19,42.84
5690,9.36,2.51,4.01,7.6,9.03,6.19,42.84
5695,9.36,2.51,4.01,7.6,9.03,6.19,42.84
5700,9.36,2.51,4.01,7.6,9.03,6.19,42.84
5705,9.36,2.51,4.01,7.6,9.03,6.19,42.84
5710,9.36,2.51,4.01,7.6,9.03,6.19,42.84
5715,9.36,2.51,4.01,7.6,9.03,6.19,42.84
5720,9.36,2.51,4.01,7.6,9.03,6.19,42.84
5725,9.36,2.51,4.01,7.6,9.03,6.19,42.84
5730,9.36,2.51,4.01,7.6,9.03,6.19,42.84
5735,9.36,2.51,4.01,7.6,9.03,6.19,42.84
5740,9.36,2.51,4.01,7.6,9.03,6.19,42.84
5745,9.36,2.51,4.01,7.6,9.03,6.19,42.84
5750,9.36,2.51,4.01,7.6,9.03,6.19,42.84
5755,9.36,2.51,4.01,7.6,9.03,6.19,42.84
5760,9.36,2.51,4.01,7.6,9.03,6.19,42.84
5765,9.36,2.51,4.01,7.6,9.03,6.19,42.84
5770,9.36,2.51,4.01,7.6,9.03,6.19,42.84
5775,9.36,2.51,4.01,7.6,9.03,6.19,42.84
5780,9.36,2.51,4.01,7.6,9.03,6.19,42.84
5785,9.36,2.51,4.01,7.6,9.03,6.19,42.84
5790,9.36,2.51,4.01,7.6,9.03,6.19,42.84
5795,9.36,2.51,4.01,7.6,9.03,6.19,42.84
5800,9.36,2.51,4.01,7.6,9.03,6.19,42.84
5805,9.36,2.51,4.01,7.6,9.03,6.19,42.84
5810,9.36,2.51,4.01,7.6,9.03,6.19,42.84
5815,9.36,2.51,4.01,7.6,9.03,6.19,42.84
5820,9.36,2.51,4.01,7.6,9.03,6.19,42.84
5825,9.36,2.51,4.01,7.6,9.03,6.19,42.84
5830,9.36,2.51,4.01,7.6,9.03,6.19,42.84
5835,9.36,2.51,4.01,7.6,9.03,6.19,42.84
5840,9.36,2.51,4.01,7.6,9.03,6.19,42.84
5845,9.36,2.51,4.01,7.6,9.03,6.19,42.84
5850,9.36,2.51,4.01,7.6,9.03,6.19,42.84
5855,9.36,2.51,4.01,7.6,9.03,6.19,42.84
5860,9.36,2.51,4.01,7.6,9.03,6.19,42.84
5865,9.36,2.51,4.01,7.6,9.03,6.19,42.84
5870,9.36,2.51,4.01,7.6,9.03,6.19,42.84
5875,9.36,2.51,4.01,7.6,9.03,6.19,42.84
5880,9.36,2.51,4.01,7.6,9.03,6.19,42.84
5885,9.36,2.51,4.01,7.6,9.03,6.19,42.84
5890,9.36,2.51,4.01,7.6,9.03,6.19,42.84
5895,9.36,2.51,4.01,7.6,9.03,6.19,42.84
5900,9.36,2.51,4.01,7.6,9.03,6.19,42.84
5905,9.36,2.51,4.01,7.6,9.03,6.19,42.84
5910,9.36,2.51,4.01,7.6,9.03,6.19,42.84
5915,9.36,2.51,4.01,7.6,9.03,6.19,42.84
5920,9.36,2.51,4.01,7.6,9.03,6.19,42.84
5925,9.36,2.51,4.01,7.6,9.03,6.19,42.84
5930,9.36,2.51,4.01,7.6,9.03,6.19,42.84
5935,9.36,2.51,4.01,7.6,9.03,6.19,42.84
5940,9.36,2.51,4.01,7.6,9.03,6.19,42.84
5945,9.36,2.51,4.01,7.6,9.03,6.19,42.84
5950,9.36,2.51,4.01,7.6,9.03,6.19,42.84
5955,9.36,2.51,4.01,7.6,9.03,6.19,42.84
5960,9.36,2.51,4.01,7.6,9.03,6.19,42.84
5965,9.36,2.51,4.01,7.6,9.03,6.19,42.84
5970,9.36,2.51,4.01,7.6,9.03,6.19,42.84
5975,9.36,2.51,4.01,7.6,9.03,6.19,42.84
5980,9.36,2.51,4.01,7.6,9.03,6.19,42.84
5985,9.36,2.51,4.01,7.6,9.03,6.19,42.84
5990,9.36,2.51,4.01,7.6,9.03,6.19,42.84
5995,9.36,2.51,4.01,7.6,9.03,6.19,42.84
6000,7.38,2.56,3.77,7.01,6.84,6.13,43.1
