ts,hefei,ningbo,wenzhou,wuhan,wuxi
50,24.54,14.95,24.69,23.41,1.46
55,24.54,14.95,24.69,23.41,1.46
60,24.54,14.95,24.69,23.41,1.46
65,24.54,14.95,24.69,23.41,1.46
70,24.54,14.95,24.69,23.41,1.46
75,24.54,14.95,24.69,23.41,1.46
80,24.54,14.95,24.69,23.41,1.46
85,24.54,14.95,24.69,23.41,1.46
90,24.54,14.95,24.69,23.41,1.46
95,24.54,14.95,24.69,23.41,1.46
100,24.54,14.95,24.69,23.41,1.46
105,24.54,14.95,24.69,23.41,1.46
110,24.54,14.95,24.69,23.41,1.46
115,24.54,14.95,24.69,23.41,1.46
120,24.54,14.95,24.69,23.41,1.46
125,24.54,14.95,24.69,23.41,1.46
130,24.54,14.95,24.69,23.41,1.46
135,24.54,14.95,24.69,23.41,1.46
140,24.54,14.95,24.69,23.41,1.46
145,24.54,14.95,24.69,23.41,1.46
150,24.54,14.95,24.69,23.41,1.46
155,24.54,14.95,24.69,23.41,1.46
160,24.54,14.95,24.69,23.41,1.46
165,24.54,14.95,24.69,23.41,1.46
170,24.54,14.95,24.69,23.41,1.46
175,24.54,14.95,24.69,23.41,1.46
180,24.54,14.95,24.69,23.41,1.46
185,24.54,14.95,24.69,23.41,1.46
190,24.54,14.95,24.69,23.41,1.46
195,24.54,14.95,24.69,23.41,1.46
200,24.54,14.95,24.69,23.41,1.46
205,24.54,14.95,24.69,23.41,1.46
210,24.54,14.95,24.69,23.41,1.46
215,24.54,14.95,24.69,23.41,1.46
220,24.54,14.95,24.69,23.41,1.46
225,24.54,14.95,24.69,23.41,1.46
230,24.54,14.95,24.69,23.41,1.46
235,24.54,14.95,24.69,23.41,1.46
240,24.54,14.95,24.69,23.41,1.46
245,24.54,14.95,24.69,23.41,1.46
250,24.54,14.95,24.69,23.41,1.46
255,24.54,14.95,24.69,23.41,1.46
260,24.54,14.95,24.69,23.41,1.46
265,24.54,14.95,24.69,23.41,1.46
270,24.54,14.95,24.69,23.41,1.46
275,24.54,14.95,24.69,23.41,1.46
280,24.54,14.95,24.69,23.41,1.46
285,24.54,14.95,24.69,23.41,1.46
290,24.54,14.95,24.69,23.41,1.46
295,24.54,14.95,24.69,23.41,1.46
300,24.54,14.95,24.69,23.41,1.46
305,24.54,14.95,24.69,23.41,1.46
310,24.54,14.95,24.69,23.41,1.46
315,24.54,14.95,24.69,23.41,1.46
320,24.54,14.95,24.69,23.41,1.46
325,24.54,14.95,24.69,23.41,1.46
330,24.54,14.95,24.69,23.41,1.46
335,24.54,14.95,24.69,23.41,1.46
340,24.54,14.95,24.69,23.41,1.46
345,24.54,14.95,24.69,23.41,1.46
350,24.54,14.95,24.69,23.41,1.46
355,24.54,14.95,24.69,23.41,1.46
360,24.54,14.95,24.69,23.41,1.46
365,24.54,14.95,24.69,23.41,1.46
370,24.54,14.95,24.69,23.41,1.46
375,24.54,14.95,24.69,23.41,1.46
380,24.54,14.95,24.69,23.41,1.46
385,24.54,14.95,24.69,23.41,1.46
390,24.54,14.95,24.69,23.41,1.46
395,24.54,14.95,24.69,23.41,1.46
400,24.54,14.95,24.69,23.41,1.46
405,24.54,14.95,24.69,23.41,1.46
410,24.54,14.95,24.69,23.41,1.46
415,24.54,14.95,24.69,23.41,1.46
420,24.54,14.95,24.69,23.41,1.46
425,24.54,14.95,24.69,23.41,1.46
430,24.54,14.95,24.69,23.41,1.46
435,24.54,14.95,24.69,23.41,1.46
440,24.54,14.95,24.69,23.41,1.46
445,24.54,14.95,24.69,23.41,1.46
450,24.54,14.95,24.69,23.41,1.46
455,24.54,14.95,24.69,23.41,1.46
460,24.54,14.95,24.69,23.41,1.46
465,24.54,14.95,24.69,23.41,1.46
470,24.54,14.95,24.69,23.41,1.46
475,24.54,14.95,24.69,23.41,1.46
480,24.54,14.95,24.69,23.41,1.46
485,24.54,14.95,24.69,23.41,1.46
490,24.54,14.95,24.69,23.41,1.46
495,24.54,14.95,24.69,23.41,1.46
500,24.54,14.95,24.69,23.41,1.46
505,24.54,14.95,24.69,23.41,1.46
510,24.54,14.95,24.69,23.41,1.46
515,24.54,14.95,24.69,23.41,1.46
520,24.54,14.95,24.69,23.41,1.46
525,24.54,14.95,24.69,23.41,1.46
530,24.54,14.95,24.69,23.41,1.46
535,24.54,14.95,24.69,23.41,1.46
540,24.54,14.95,24.69,23.41,1.46
545,24.54,14.95,24.69,23.41,1.46
550,24.54,14.95,24.69,23.41,1.46
555,24.54,14.95,24.69,23.41,1.46
560,24.54,14.95,24.69,23.41,1.46
565,24.54,14.95,24.69,23.41,1.46
570,24.54,14.95,24.69,23.41,1.46
575,24.54,14.95,24.69,23.41,1.46
580,24.54,14.95,24.69,23.41,1.46
585,24.54,14.95,24.69,23.41,1.46
590,24.54,14.95,24.69,23.41,1.46
595,24.54,14.95,24.69,23.41,1.46
600,24.9,13.46,22.56,23.39,1.35
605,24.9,13.46,22.56,23.39,1.35
610,24.9,13.46,22.56,23.39,1.35
615,24.9,13.46,22.56,23.39,1.35
620,24.9,13.46,22.56,23.39,1.35
625,24.9,13.46,22.56,23.39,1.35
630,24.9,13.46,22.56,23.39,1.35
635,24.9,13.46,22.56,23.39,1.35
640,24.9,13.46,22.56,23.39,1.35
645,24.9,13.46,22.56,23.39,1.35
650,24.9,13.46,22.56,23.39,1.35
655,24.9,13.46,22.56,23.39,1.35
660,24.9,13.46,22.56,23.39,1.35
665,24.9,13.46,22.56,23.39,1.35
670,24.9,13.46,22.56,23.39,1.35
675,24.9,13.46,22.56,23.39,1.35
680,24.9,13.46,22.56,23.39,1.35
685,24.9,13.46,22.56,23.39,1.35
690,24.9,13.46,22.56,23.39,1.35
695,24.9,13.46,22.56,23.39,1.35
700,24.9,13.46,22.56,23.39,1.35
705,24.9,13.46,22.56,23.39,1.35
710,24.9,13.46,22.56,23.39,1.35
715,24.9,13.46,22.56,23.39,1.35
720,24.9,13.46,22.56,23.39,1.35
725,24.9,13.46,22.56,23.39,1.35
730,24.9,13.46,22.56,23.39,1.35
735,24.9,13.46,22.56,23.39,1.35
740,24.9,13.46,22.56,23.39,1.35
745,24.9,13.46,22.56,23.39,1.35
750,24.9,13.46,22.56,23.39,1.35
755,24.9,13.46,22.56,23.39,1.35
760,24.9,13.46,22.56,23.39,1.35
765,24.9,13.46,22.56,23.39,1.35
770,24.9,13.46,22.56,23.39,1.35
775,24.9,13.46,22.56,23.39,1.35
780,24.9,13.46,22.56,23.39,1.35
785,24.9,13.46,22.56,23.39,1.35
790,24.9,13.46,22.56,23.39,1.35
795,24.9,13.46,22.56,23.39,1.35
800,24.9,13.46,22.56,23.39,1.35
805,24.9,13.46,22.56,23.39,1.35
810,24.9,13.46,22.56,23.39,1.35
815,24.9,13.46,22.56,23.39,1.35
820,24.9,13.46,22.56,23.39,1.35
825,24.9,13.46,22.56,23.39,1.35
830,24.9,13.46,22.56,23.39,1.35
835,24.9,13.46,22.56,23.39,1.35
840,24.9,13.46,22.56,23.39,1.35
845,24.9,13.46,22.56,23.39,1.35
850,24.9,13.46,22.56,23.39,1.35
855,24.9,13.46,22.56,23.39,1.35
860,24.9,13.46,22.56,23.39,1.35
865,24.9,13.46,22.56,23.39,1.35
870,24.9,13.46,22.56,23.39,1.35
875,24.9,13.46,22.56,23.39,1.35
880,24.9,13.46,22.56,23.39,1.35
885,24.9,13.46,22.56,23.39,1.35
890,24.9,13.46,22.56,23.39,1.35
895,24.9,13.46,22.56,23.39,1.35
900,24.9,13.46,22.56,23.39,1.35
905,24.9,13.46,22.56,23.39,1.35
910,24.9,13.46,22.56,23.39,1.35
915,24.9,13.46,22.56,23.39,1.35
920,24.9,13.46,22.56,23.39,1.35
925,24.9,13.46,22.56,23.39,1.35
930,24.9,13.46,22.56,23.39,1.35
935,24.9,13.46,22.56,23.39,1.35
940,24.9,13.46,22.56,23.39,1.35
945,24.9,13.46,22.56,23.39,1.35
950,24.9,13.46,22.56,23.39,1.35
955,24.9,13.46,22.56,23.39,1.35
960,24.9,13.46,22.56,23.39,1.35
965,24.9,13.46,22.56,23.39,1.35
970,24.9,13.46,22.56,23.39,1.35
975,24.9,13.46,22.56,23.39,1.35
980,24.9,13.46,22.56,23.39,1.35
985,24.9,13.46,22.56,23.39,1.35
990,24.9,13.46,22.56,23.39,1.35
995,24.9,13.46,22.56,23.39,1.35
1000,24.9,13.46,22.56,23.39,1.35
1005,24.9,13.46,22.56,23.39,1.35
1010,24.9,13.46,22.56,23.39,1.35
1015,24.9,13.46,22.56,23.39,1.35
1020,24.9,13.46,22.56,23.39,1.35
1025,24.9,13.46,22.56,23.39,1.35
1030,24.9,13.46,22.56,23.39,1.35
1035,24.9,13.46,22.56,23.39,1.35
1040,24.9,13.46,22.56,23.39,1.35
1045,24.9,13.46,22.56,23.39,1.35
1050,24.9,13.46,22.56,23.39,1.35
1055,24.9,13.46,22.56,23.39,1.35
1060,24.9,13.46,22.56,23.39,1.35
1065,24.9,13.46,22.56,23.39,1.35
1070,24.9,13.46,22.56,23.39,1.35
1075,24.9,13.46,22.56,23.39,1.35
1080,24.9,13.46,22.56,23.39,1.35
1085,24.9,13.46,22.56,23.39,1.35
1090,24.9,13.46,22.56,23.39,1.35
1095,24.9,13.46,22.56,23.39,1.35
1100,24.9,13.46,22.56,23.39,1.35
1105,24.9,13.46,22.56,23.39,1.35
1110,24.9,13.46,22.56,23.39,1.35
1115,24.9,13.46,22.56,23.39,1.35
1120,24.9,13.46,22.56,23.39,1.35
1125,24.9,13.46,22.56,23.39,1.35
1130,24.9,13.46,22.56,23.39,1.35
1135,24.9,13.46,22.56,23.39,1.35
1140,24.9,13.46,22.56,23.39,1.35
1145,24.9,13.46,22.56,23.39,1.35
1150,24.9,13.46,22.56,23.39,1.35
1155,24.9,13.46,22.56,23.39,1.35
1160,24.9,13.46,22.56,23.39,1.35
1165,24.9,13.46,22.56,23.39,1.35
1170,24.9,13.46,22.56,23.39,1.35
1175,24.9,13.46,22.56,23.39,1.35
1180,24.9,13.46,22.56,23.39,1.35
1185,24.9,13.46,22.56,23.39,1.35
1190,24.9,13.46,22.56,23.39,1.35
1195,24.9,13.46,22.56,23.39,1.35
1200,25.07,12.64,20.45,22.57,1.27
1205,25.07,12.64,20.45,22.57,1.27
1210,25.07,12.64,20.45,22.57,1.27
1215,25.07,12.64,20.45,22.57,1.27
1220,25.07,12.64,20.45,22.57,1.27
1225,25.07,12.64,20.45,22.57,1.27
1230,25.07,12.64,20.45,22.57,1.27
1235,25.07,12.64,20.45,22.57,1.27
1240,25.07,12.64,20.45,22.57,1.27
1245,25.07,12.64,20.45,22.57,1.27
1250,25.07,12.64,20.45,22.57,1.27
1255,25.07,12.64,20.45,22.57,1.27
1260,25.07,12.64,20.45,22.57,1.27
1265,25.07,12.64,20.45,22.57,1.27
1270,25.07,12.64,20.45,22.57,1.27
1275,25.07,12.64,20.45,22.57,1.27
1280,25.07,12.64,20.45,22.57,1.27
1285,25.07,12.64,20.45,22.57,1.27
1290,25.07,12.64,20.45,22.57,1.27
1295,25.07,12.64,20.45,22.57,1.27
1300,25.07,12.64,20.45,22.57,1.27
1305,25.07,12.64,20.45,22.57,1.27
1310,25.07,12.64,20.45,22.57,1.27
1315,25.07,12.64,20.45,22.57,1.27
1320,25.07,12.64,20.45,22.57,1.27
1325,25.07,12.64,20.45,22.57,1.27
1330,25.07,12.64,20.45,22.57,1.27
1335,25.07,12.64,20.45,22.57,1.27
1340,25.07,12.64,20.45,22.57,1.27
1345,25.07,12.64,20.45,22.57,1.27
1350,25.07,12.64,20.45,22.57,1.27
1355,25.07,12.64,20.45,22.57,1.27
1360,25.07,12.64,20.45,22.57,1.27
1365,25.07,12.64,20.45,22.57,1.27
1370,25.07,12.64,20.45,22.57,1.27
1375,25.07,12.64,20.45,22.57,1.27
1380,25.07,12.64,20.45,22.57,1.27
1385,25.07,12.64,20.45,22.57,1.27
1390,25.07,12.64,20.45,22.57,1.27
1395,25.07,12.64,20.45,22.57,1.27
1400,25.07,12.64,20.45,22.57,1.27
1405,25.07,12.64,20.45,22.57,1.27
1410,25.07,12.64,20.45,22.57,1.27
1415,25.07,12.64,20.45,22.57,1.27
1420,25.07,12.64,20.45,22.57,1.27
1425,25.07,12.64,20.45,22.57,1.27
1430,25.07,12.64,20.45,22.57,1.27
1435,25.07,12.64,20.45,22.57,1.27
1440,25.07,12.64,20.45,22.57,1.27
1445,25.07,12.64,20.45,22.57,1.27
1450,25.07,12.64,20.45,22.57,1.27
1455,25.07,12.64,20.45,22.57,1.27
1460,25.07,12.64,20.45,22.57,1.27
1465,25.07,12.64,20.45,22.57,1.27
1470,25.07,12.64,20.45,22.57,1.27
1475,25.07,12.64,20.45,22.57,1.27
1480,25.07,12.64,20.45,22.57,1.27
1485,25.07,12.64,20.45,22.57,1.27
1490,25.07,12.64,20.45,22.57,1.27
1495,25.07,12.64,20.45,22.57,1.27
1500,25.07,12.64,20.45,22.57,1.27
1505,25.07,12.64,20.45,22.57,1.27
1510,25.07,12.64,20.45,22.57,1.27
1515,25.07,12.64,20.45,22.57,1.27
1520,25.07,12.64,20.45,22.57,1.27
1525,25.07,12.64,20.45,22.57,1.27
1530,25.07,12.64,20.45,22.57,1.27
1535,25.07,12.64,20.45,22.57,1.27
1540,25.07,12.64,20.45,22.57,1.27
1545,25.07,12.64,20.45,22.57,1.27
1550,25.07,12.64,20.45,22.57,1.27
1555,25.07,12.64,20.45,22.57,1.27
1560,25.07,12.64,20.45,22.57,1.27
1565,25.07,12.64,20.45,22.57,1.27
1570,25.07,12.64,20.45,22.57,1.27
1575,25.07,12.64,20.45,22.57,1.27
1580,25.07,12.64,20.45,22.57,1.27
1585,25.07,12.64,20.45,22.57,1.27
1590,25.07,12.64,20.45,22.57,1.27
1595,25.07,12.64,20.45,22.57,1.27
1600,25.07,12.64,20.45,22.57,1.27
1605,25.07,12.64,20.45,22.57,1.27
1610,25.07,12.64,20.45,22.57,1.27
1615,25.07,12.64,20.45,22.57,1.27
1620,25.07,12.64,20.45,22.57,1.27
1625,25.07,12.64,20.45,22.57,1.27
1630,25.07,12.64,20.45,22.57,1.27
1635,25.07,12.64,20.45,22.57,1.27
1640,25.07,12.64,20.45,22.57,1.27
1645,25.07,12.64,20.45,22.57,1.27
1650,25.07,12.64,20.45,22.57,1.27
1655,25.07,12.64,20.45,22.57,1.27
1660,25.07,12.64,20.45,22.57,1.27
1665,25.07,12.64,20.45,22.57,1.27
1670,25.07,12.64,20.45,22.57,1.27
1675,25.07,12.64,20.45,22.57,1.27
1680,25.07,12.64,20.45,22.57,1.27
1685,25.07,12.64,20.45,22.57,1.27
1690,25.07,12.64,20.45,22.57,1.27
1695,25.07,12.64,20.45,22.57,1.27
1700,25.07,12.64,20.45,22.57,1.27
1705,25.07,12.64,20.45,22.57,1.27
1710,25.07,12.64,20.45,22.57,1.27
1715,25.07,12.64,20.45,22.57,1.27
1720,25.07,12.64,20.45,22.57,1.27
1725,25.07,12.64,20.45,22.57,1.27
1730,25.07,12.64,20.45,22.57,1.27
1735,25.07,12.64,20.45,22.57,1.27
1740,25.07,12.64,20.45,22.57,1.27
1745,25.07,12.64,20.45,22.57,1.27
1750,25.07,12.64,20.45,22.57,1.27
1755,25.07,12.64,20.45,22.57,1.27
1760,25.07,12.64,20.45,22.57,1.27
1765,25.07,12.64,20.45,22.57,1.27
1770,25.07,12.64,20.45,22.57,1.27
1775,25.07,12.64,20.45,22.57,1.27
1780,25.07,12.64,20.45,22.57,1.27
1785,25.07,12.64,20.45,22.57,1.27
1790,25.07,12.64,20.45,22.57,1.27
1795,25.07,12.64,20.45,22.57,1.27
1800,25.98,13.78,20.41,23.08,1.16
1805,25.98,13.78,20.41,23.08,1.16
1810,25.98,13.78,20.41,23.08,1.16
1815,25.98,13.78,20.41,23.08,1.16
1820,25.98,13.78,20.41,23.08,1.16
1825,25.98,13.78,20.41,23.08,1.16
1830,25.98,13.78,20.41,23.08,1.16
1835,25.98,13.78,20.41,23.08,1.16
1840,25.98,13.78,20.41,23.08,1.16
1845,25.98,13.78,20.41,23.08,1.16
1850,25.98,13.78,20.41,23.08,1.16
1855,25.98,13.78,20.41,23.08,1.16
1860,25.98,13.78,20.41,23.08,1.16
1865,25.98,13.78,20.41,23.08,1.16
1870,25.98,13.78,20.41,23.08,1.16
1875,25.98,13.78,20.41,23.08,1.16
1880,25.98,13.78,20.41,23.08,1.16
1885,25.98,13.78,20.41,23.08,1.16
1890,25.98,13.78,20.41,23.08,1.16
1895,25.98,13.78,20.41,23.08,1.16
1900,25.98,13.78,20.41,23.08,1.16
1905,25.98,13.78,20.41,23.08,1.16
1910,25.98,13.78,20.41,23.08,1.16
1915,25.98,13.78,20.41,23.08,1.16
1920,25.98,13.78,20.41,23.08,1.16
1925,25.98,13.78,20.41,23.08,1.16
1930,25.98,13.78,20.41,23.08,1.16
1935,25.98,13.78,20.41,23.08,1.16
1940,25.98,13.78,20.41,23.08,1.16
1945,25.98,13.78,20.41,23.08,1.16
1950,25.98,13.78,20.41,23.08,1.16
1955,25.98,13.78,20.41,23.08,1.16
1960,25.98,13.78,20.41,23.08,1.16
1965,25.98,13.78,20.41,23.08,1.16
1970,25.98,13.78,20.41,23.08,1.16
1975,25.98,13.78,20.41,23.08,1.16
1980,25.98,13.78,20.41,23.08,1.16
1985,25.98,13.78,20.41,23.08,1.16
1990,25.98,13.78,20.41,23.08,1.16
1995,25.98,13.78,20.41,23.08,1.16
2000,25.98,13.78,20.41,23.08,1.16
2005,25.98,13.78,20.41,23.08,1.16
2010,25.98,13.78,20.41,23.08,1.16
2015,25.98,13.78,20.41,23.08,1.16
2020,25.98,13.78,20.41,23.08,1.16
2025,25.98,13.78,20.41,23.08,1.16
2030,25.98,13.78,20.41,23.08,1.16
2035,25.98,13.78,20.41,23.08,1.16
2040,25.98,13.78,20.41,23.08,1.16
2045,25.98,13.78,20.41,23.08,1.16
2050,25.98,13.78,20.41,23.08,1.16
2055,25.98,13.78,20.41,23.08,1.16
2060,25.98,13.78,20.41,23.08,1.16
2065,25.98,13.78,20.41,23.08,1.16
2070,25.98,13.78,20.41,23.08,1.16
2075,25.98,13.78,20.41,23.08,1.16
2080,25.98,13.78,20.41,23.08,1.16
2085,25.98,13.78,20.41,23.08,1.16
2090,25.98,13.78,20.41,23.08,1.16
2095,25.98,13.78,20.41,23.08,1.16
2100,25.98,13.78,20.41,23.08,1.16
2105,25.98,13.78,20.41,23.08,1.16
2110,25.98,13.78,20.41,23.08,1.16
2115,25.98,13.78,20.41,23.08,1.16
2120,25.98,13.78,20.41,23.08,1.16
2125,25.98,13.78,20.41,23.08,1.16
2130,25.98,13.78,20.41,23.08,1.16
2135,25.98,13.78,20.41,23.08,1.16
2140,25.98,13.78,20.41,23.08,1.16
2145,25.98,13.78,20.41,23.08,1.16
2150,25.98,13.78,20.41,23.08,1.16
2155,25.98,13.78,20.41,23.08,1.16
2160,25.98,13.78,20.41,23.08,1.16
2165,25.98,13.78,20.41,23.08,1.16
2170,25.98,13.78,20.41,23.08,1.16
2175,25.98,13.78,20.41,23.08,1.16
2180,25.98,13.78,20.41,23.08,1.16
2185,25.98,13.78,20.41,23.08,1.16
2190,25.98,13.78,20.41,23.08,1.16
2195,25.98,13.78,20.41,23.08,1.16
2200,25.98,13.78,20.41,23.08,1.16
2205,25.98,13.78,20.41,23.08,1.16
2210,25.98,13.78,20.41,23.08,1.16
2215,25.98,13.78,20.41,23.08,1.16
2220,25.98,13.78,20.41,23.08,1.16
2225,25.98,13.78,20.41,23.08,1.16
2230,25.98,13.78,20.41,23.08,1.16
2235,25.98,13.78,20.41,23.08,1.16
2240,25.98,13.78,20.41,23.08,1.16
2245,25.98,13.78,20.41,23.08,1.16
2250,25.98,13.78,20.41,23.08,1.16
2255,25.98,13.78,20.41,23.08,1.16
2260,25.98,13.78,20.41,23.08,1.16
2265,25.98,13.78,20.41,23.08,1.16
2270,25.98,13.78,20.41,23.08,1.16
2275,25.98,13.78,20.41,23.08,1.16
2280,25.98,13.78,20.41,23.08,1.16
2285,25.98,13.78,20.41,23.08,1.16
2290,25.98,13.78,20.41,23.08,1.16
2295,25.98,13.78,20.41,23.08,1.16
2300,25.98,13.78,20.41,23.08,1.16
2305,25.98,13.78,20.41,23.08,1.16
2310,25.98,13.78,20.41,23.08,1.16
2315,25.98,13.78,20.41,23.08,1.16
2320,25.98,13.78,20.41,23.08,1.16
2325,25.98,13.78,20.41,23.08,1.16
2330,25.98,13.78,20.41,23.08,1.16
2335,25.98,13.78,20.41,23.08,1.16
2340,25.98,13.78,20.41,23.08,1.16
2345,25.98,13.78,20.41,23.08,1.16
2350,25.98,13.78,20.41,23.08,1.16
2355,25.98,13.78,20.41,23.08,1.16
2360,25.98,13.78,20.41,23.08,1.16
2365,25.98,13.78,20.41,23.08,1.16
2370,25.98,13.78,20.41,23.08,1.16
2375,25.98,13.78,20.41,23.08,1.16
2380,25.98,13.78,20.41,23.08,1.16
2385,25.98,13.78,20.41,23.08,1.16
2390,25.98,13.78,20.41,23.08,1.16
2395,25.98,13.78,20.41,23.08,1.16
2400,24.36,13.08,18.24,23.73,1.05
2405,24.36,13.08,18.24,23.73,1.05
2410,24.36,13.08,18.24,23.73,1.05
2415,24.36,13.08,18.24,23.73,1.05
2420,24.36,13.08,18.24,23.73,1.05
2425,24.36,13.08,18.24,23.73,1.05
2430,24.36,13.08,18.24,23.73,1.05
2435,24.36,13.08,18.24,23.73,1.05
2440,24.36,13.08,18.24,23.73,1.05
2445,24.36,13.08,18.24,23.73,1.05
2450,24.36,13.08,18.24,23.73,1.05
2455,24.36,13.08,18.24,23.73,1.05
2460,24.36,13.08,18.24,23.73,1.05
2465,24.36,13.08,18.24,23.73,1.05
2470,24.36,13.08,18.24,23.73,1.05
2475,24.36,13.08,18.24,23.73,1.05
2480,24.36,13.08,18.24,23.73,1.05
2485,24.36,13.08,18.24,23.73,1.05
2490,24.36,13.08,18.24,23.73,1.05
2495,24.36,13.08,18.24,23.73,1.05
2500,24.36,13.08,18.24,23.73,1.05
2505,24.36,13.08,18.24,23.73,1.05
2510,24.36,13.08,18.24,23.73,1.05
2515,24.36,13.08,18.24,23.73,1.05
2520,24.36,13.08,18.24,23.73,1.05
2525,24.36,13.08,18.24,23.73,1.05
2530,24.36,13.08,18.24,23.73,1.05
2535,24.36,13.08,18.24,23.73,1.05
2540,24.36,13.08,18.24,23.73,1.05
2545,24.36,13.08,18.24,23.73,1.05
2550,24.36,13.08,18.24,23.73,1.05
2555,24.36,13.08,18.24,23.73,1.05
2560,24.36,13.08,18.24,23.73,1.05
2565,24.36,13.08,18.24,23.73,1.05
2570,24.36,13.08,18.24,23.73,1.05
2575,24.36,13.08,18.24,23.73,1.05
2580,24.36,13.08,18.24,23.73,1.05
2585,24.36,13.08,18.24,23.73,1.05
2590,24.36,13.08,18.24,23.73,1.05
2595,24.36,13.08,18.24,23.73,1.05
2600,24.36,13.08,18.24,23.73,1.05
2605,24.36,13.08,18.24,23.73,1.05
2610,24.36,13.08,18.24,23.73,1.05
2615,24.36,13.08,18.24,23.73,1.05
2620,24.36,13.08,18.24,23.73,1.05
2625,24.36,13.08,18.24,23.73,1.05
2630,24.36,13.08,18.24,23.73,1.05
2635,24.36,13.08,18.24,23.73,1.05
2640,24.36,13.08,18.24,23.73,1.05
2645,24.36,13.08,18.24,23.73,1.05
2650,24.36,13.08,18.24,23.73,1.05
2655,24.36,13.08,18.24,23.73,1.05
2660,24.36,13.08,18.24,23.73,1.05
2665,24.36,13.08,18.24,23.73,1.05
2670,24.36,13.08,18.24,23.73,1.05
2675,24.36,13.08,18.24,23.73,1.05
2680,24.36,13.08,18.24,23.73,1.05
2685,24.36,13.08,18.24,23.73,1.05
2690,24.36,13.08,18.24,23.73,1.05
2695,24.36,13.08,18.24,23.73,1.05
2700,24.36,13.08,18.24,23.73,1.05
2705,24.36,13.08,18.24,23.73,1.05
2710,24.36,13.08,18.24,23.73,1.05
2715,24.36,13.08,18.24,23.73,1.05
2720,24.36,13.08,18.24,23.73,1.05
2725,24.36,13.08,18.24,23.73,1.05
2730,24.36,13.08,18.24,23.73,1.05
2735,24.36,13.08,18.24,23.73,1.05
2740,24.36,13.08,18.24,23.73,1.05
2745,24.36,13.08,18.24,23.73,1.05
2750,24.36,13.08,18.24,23.73,1.05
2755,24.36,13.08,18.24,23.73,1.05
2760,24.36,13.08,18.24,23.73,1.05
2765,24.36,13.08,18.24,23.73,1.05
2770,24.36,13.08,18.24,23.73,1.05
2775,24.36,13.08,18.24,23.73,1.05
2780,24.36,13.08,18.24,23.73,1.05
2785,24.36,13.08,18.24,23.73,1.05
2790,24.36,13.08,18.24,23.73,1.05
2795,24.36,13.08,18.24,23.73,1.05
2800,24.36,13.08,18.24,23.73,1.05
2805,24.36,13.08,18.24,23.73,1.05
2810,24.36,13.08,18.24,23.73,1.05
2815,24.36,13.08,18.24,23.73,1.05
2820,24.36,13.08,18.24,23.73,1.05
2825,24.36,13.08,18.24,23.73,1.05
2830,24.36,13.08,18.24,23.73,1.05
2835,24.36,13.08,18.24,23.73,1.05
2840,24.36,13.08,18.24,23.73,1.05
2845,24.36,13.08,18.24,23.73,1.05
2850,24.36,13.08,18.24,23.73,1.05
2855,24.36,13.08,18.24,23.73,1.05
2860,24.36,13.08,18.24,23.73,1.05
2865,24.36,13.08,18.24,23.73,1.05
2870,24.36,13.08,18.24,23.73,1.05
2875,24.36,13.08,18.24,23.73,1.05
2880,24.36,13.08,18.24,23.73,1.05
2885,24.36,13.08,18.24,23.73,1.05
2890,24.36,13.08,18.24,23.73,1.05
2895,24.36,13.08,18.24,23.73,1.05
2900,24.36,13.08,18.24,23.73,1.05
2905,24.36,13.08,18.24,23.73,1.05
2910,24.36,13.08,18.24,23.73,1.05
2915,24.36,13.08,18.24,23.73,1.05
2920,24.36,13.08,18.24,23.73,1.05
2925,24.36,13.08,18.24,23.73,1.05
2930,24.36,13.08,18.24,23.73,1.05
2935,24.36,13.08,18.24,23.73,1.05
2940,24.36,13.08,18.24,23.73,1.05
2945,24.36,13.08,18.24,23.73,1.05
2950,24.36,13.08,18.24,23.73,1.05
2955,24.36,13.08,18.24,23.73,1.05
2960,24.36,13.08,18.24,23.73,1.05
2965,24.36,13.08,18.24,23.73,1.05
2970,24.36,13.08,18.24,23.73,1.05
2975,24.36,13.08,18.24,23.73,1.05
2980,24.36,13.08,18.24,23.73,1.05
2985,24.36,13.08,18.24,23.73,1.05
2990,24.36,13.08,18.24,23.73,1.05
2995,24.36,13.08,18.24,23.73,1.05
3000,23.15,11.79,16.49,23.28,0.94
3005,23.15,11.79,16.49,23.28,0.94
3010,23.15,11.79,16.49,23.28,0.94
3015,23.15,11.79,16.49,23.28,0.94
3020,23.15,11.79,16.49,23.28,0.94
3025,23.15,11.79,16.49,23.28,0.94
3030,23.15,11.79,16.49,23.28,0.94
3035,23.15,11.79,16.49,23.28,0.94
3040,23.15,11.79,16.49,23.28,0.94
3045,23.15,11.79,16.49,23.28,0.94
3050,23.15,11.79,16.49,23.28,0.94
3055,23.15,11.79,16.49,23.28,0.94
3060,23.15,11.79,16.49,23.28,0.94
3065,23.15,11.79,16.49,23.28,0.94
3070,23.15,11.79,16.49,23.28,0.94
3075,23.15,11.79,16.49,23.28,0.94
3080,23.15,11.79,16.49,23.28,0.94
3085,23.15,11.79,16.49,23.28,0.94
3090,23.15,11.79,16.49,23.28,0.94
3095,23.15,11.79,16.49,23.28,0.94
3100,23.15,11.79,16.49,23.28,0.94
3105,23.15,11.79,16.49,23.28,0.94
3110,23.15,11.79,16.49,23.28,0.94
3115,23.15,11.79,16.49,23.28,0.94
3120,23.15,11.79,16.49,23.28,0.94
3125,23.15,11.79,16.49,23.28,0.94
3130,23.15,11.79,16.49,23.28,0.94
3135,23.15,11.79,16.49,23.28,0.94
3140,23.15,11.79,16.49,23.28,0.94
3145,23.15,11.79,16.49,23.28,0.94
3150,23.15,11.79,16.49,23.28,0.94
3155,23.15,11.79,16.49,23.28,0.94
3160,23.15,11.79,16.49,23.28,0.94
3165,23.15,11.79,16.49,23.28,0.94
3170,23.15,11.79,16.49,23.28,0.94
3175,23.15,11.79,16.49,23.28,0.94
3180,23.15,11.79,16.49,23.28,0.94
3185,23.15,11.79,16.49,23.28,0.94
3190,23.15,11.79,16.49,23.28,0.94
3195,23.15,11.79,16.49,23.28,0.94
3200,23.15,11.79,16.49,23.28,0.94
3205,23.15,11.79,16.49,23.28,0.94
3210,23.15,11.79,16.49,23.28,0.94
3215,23.15,11.79,16.49,23.28,0.94
3220,23.15,11.79,16.49,23.28,0.94
3225,23.15,11.79,16.49,23.28,0.94
3230,23.15,11.79,16.49,23.28,0.94
3235,23.15,11.79,16.49,23.28,0.94
3240,23.15,11.79,16.49,23.28,0.94
3245,23.15,11.79,16.49,23.28,0.94
3250,23.15,11.79,16.49,23.28,0.94
3255,23.15,11.79,16.49,23.28,0.94
3260,23.15,11.79,16.49,23.28,0.94
3265,23.15,11.79,16.49,23.28,0.94
3270,23.15,11.79,16.49,23.28,0.94
3275,23.15,11.79,16.49,23.28,0.94
3280,23.15,11.79,16.49,23.28,0.94
3285,23.15,11.79,16.49,23.28,0.94
3290,23.15,11.79,16.49,23.28,0.94
3295,23.15,11.79,16.49,23.28,0.94
3300,23.15,11.79,16.49,23.28,0.94
3305,23.15,11.79,16.49,23.28,0.94
3310,23.15,11.79,16.49,23.28,0.94
3315,23.15,11.79,16.49,23.28,0.94
3320,23.15,11.79,16.49,23.28,0.94
3325,23.15,11.79,16.49,23.28,0.94
3330,23.15,11.79,16.49,23.28,0.94
3335,23.15,11.79,16.49,23.28,0.94
3340,23.15,11.79,16.49,23.28,0.94
3345,23.15,11.79,16.49,23.28,0.94
3350,23.15,11.79,16.49,23.28,0.94
3355,23.15,11.79,16.49,23.28,0.94
3360,23.15,11.79,16.49,23.28,0.94
3365,23.15,11.79,16.49,23.28,0.94
3370,23.15,11.79,16.49,23.28,0.94
3375,23.15,11.79,16.49,23.28,0.94
3380,23.15,11.79,16.49,23.28,0.94
3385,23.15,11.79,16.49,23.28,0.94
3390,23.15,11.79,16.49,23.28,0.94
3395,23.15,11.79,16.49,23.28,0.94
3400,23.15,11.79,16.49,23.28,0.94
3405,23.15,11.79,16.49,23.28,0.94
3410,23.15,11.79,16.49,23.28,0.94
3415,23.15,11.79,16.49,23.28,0.94
3420,23.15,11.79,16.49,23.28,0.94
3425,23.15,11.79,16.49,23.28,0.94
3430,23.15,11.79,16.49,23.28,0.94
3435,23.15,11.79,16.49,23.28,0.94
3440,23.15,11.79,16.49,23.28,0.94
3445,23.15,11.79,16.49,23.28,0.94
3450,23.15,11.79,16.49,23.28,0.94
3455,23.15,11.79,16.49,23.28,0.94
3460,23.15,11.79,16.49,23.28,0.94
3465,23.15,11.79,16.49,23.28,0.94
3470,23.15,11.79,16.49,23.28,0.94
3475,23.15,11.79,16.49,23.28,0.94
3480,23.15,11.79,16.49,23.28,0.94
3485,23.15,11.79,16.49,23.28,0.94
3490,23.15,11.79,16.49,23.28,0.94
3495,23.15,11.79,16.49,23.28,0.94
3500,23.15,11.79,16.49,23.28,0.94
3505,23.15,11.79,16.49,23.28,0.94
3510,23.15,11.79,16.49,23.28,0.94
3515,23.15,11.79,16.49,23.28,0.94
3520,23.15,11.79,16.49,23.28,0.94
3525,23.15,11.79,16.49,23.28,0.94
3530,23.15,11.79,16.49,23.28,0.94
3535,23.15,11.79,16.49,23.28,0.94
3540,23.15,11.79,16.49,23.28,0.94
3545,23.15,11.79,16.49,23.28,0.94
3550,23.15,11.79,16.49,23.28,0.94
3555,23.15,11.79,16.49,23.28,0.94
3560,23.15,11.79,16.49,23.28,0.94
3565,23.15,11.79,16.49,23.28,0.94
3570,23.15,11.79,16.49,23.28,0.94
3575,23.15,11.79,16.49,23.28,0.94
3580,23.15,11.79,16.49,23.28,0.94
3585,23.15,11.79,16.49,23.28,0.94
3590,23.15,11.79,16.49,23.28,0.94
3595,23.15,11.79,16.49,23.28,0.94
3600,24.59,10.42,15.08,24.25,0.83
3605,24.59,10.42,15.08,24.25,0.83
3610,24.59,10.42,15.08,24.25,0.83
3615,24.59,10.42,15.08,24.25,0.83
3620,24.59,10.42,15.08,24.25,0.83
3625,24.59,10.42,15.08,24.25,0.83
3630,24.59,10.42,15.08,24.25,0.83
3635,24.59,10.42,15.08,24.25,0.83
3640,24.59,10.42,15.08,24.25,0.83
3645,24.59,10.42,15.08,24.25,0.83
3650,24.59,10.42,15.08,24.25,0.83
3655,24.59,10.42,15.08,24.25,0.83
3660,24.59,10.42,15.08,24.25,0.83
3665,24.59,10.42,15.08,24.25,0.83
3670,24.59,10.42,15.08,24.25,0.83
3675,24.59,10.42,15.08,24.25,0.83
3680,24.59,10.42,15.08,24.25,0.83
3685,24.59,10.42,15.08,24.25,0.83
3690,24.59,10.42,15.08,24.25,0.83
3695,24.59,10.42,15.08,24.25,0.83
3700,24.59,10.42,15.08,24.25,0.83
3705,24.59,10.42,15.08,24.25,0.83
3710,24.59,10.42,15.08,24.25,0.83
3715,24.59,10.42,15.08,24.25,0.83
3720,24.59,10.42,15.08,24.25,0.83
3725,24.59,10.42,15.08,24.25,0.83
3730,24.59,10.42,15.08,24.25,0.83
3735,24.59,10.42,15.08,24.25,0.83
3740,24.59,10.42,15.08,24.25,0.83
3745,24.59,10.42,15.08,24.25,0.83
3750,24.59,10.42,15.08,24.25,0.83
3755,24.59,10.42,15.08,24.25,0.83
3760,24.59,10.42,15.08,24.25,0.83
3765,24.59,10.42,15.08,24.25,0.83
3770,24.59,10.42,15.08,24.25,0.83
3775,24.59,10.42,15.08,24.25,0.83
3780,24.59,10.42,15.08,24.25,0.83
3785,24.59,10.42,15.08,24.25,0.83
3790,24.59,10.42,15.08,24.25,0.83
3795,24.59,10.42,15.08,24.25,0.83
3800,24.59,10.42,15.08,24.25,0.83
3805,24.59,10.42,15.08,24.25,0.83
3810,24.59,10.42,15.08,24.25,0.83
3815,24.59,10.42,15.08,24.25,0.83
3820,24.59,10.42,15.08,24.25,0.83
3825,24.59,10.42,15.08,24.25,0.83
3830,24.59,10.42,15.08,24.25,0.83
3835,24.59,10.42,15.08,24.25,0.83
3840,24.59,10.42,15.08,24.25,0.83
3845,24.59,10.42,15.08,24.25,0.83
3850,24.59,10.42,15.08,24.25,0.83
3855,24.59,10.42,15.08,24.25,0.83
3860,24.59,10.42,15.08,24.25,0.83
3865,24.59,10.42,15.08,24.25,0.83
3870,24.59,10.42,15.08,24.25,0.83
3875,24.59,10.42,15.08,24.25,0.83
3880,24.59,10.42,15.08,24.25,0.83
3885,24.59,10.42,15.08,24.25,0.83
3890,24.59,10.42,15.08,24.25,0.83
3895,24.59,10.42,15.08,24.25,0.83
3900,24.59,10.42,15.08,24.25,0.83
3905,24.59,10.42,15.08,24.25,0.83
3910,24.59,10.42,15.08,24.25,0.83
3915,24.59,10.42,15.08,24.25,0.83
3920,24.59,10.42,15.08,24.25,0.83
3925,24.59,10.42,15.08,24.25,0.83
3930,24.59,10.42,15.08,24.25,0.83
3935,24.59,10.42,15.08,24.25,0.83
3940,24.59,10.42,15.08,24.25,0.83
3945,24.59,10.42,15.08,24.25,0.83
3950,24.59,10.42,15.08,24.25,0.83
3955,24.59,10.42,15.08,24.25,0.83
3960,24.59,10.42,15.08,24.25,0.83
3965,24.59,10.42,15.08,24.25,0.83
3970,24.59,10.42,15.08,24.25,0.83
3975,24.59,10.42,15.08,24.25,0.83
3980,24.59,10.42,15.08,24.25,0.83
3985,24.59,10.42,15.08,24.25,0.83
3990,24.59,10.42,15.08,24.25,0.83
3995,24.59,10.42,15.08,24.25,0.83
4000,24.59,10.42,15.08,24.25,0.83
4005,24.59,10.42,15.08,24.25,0.83
4010,24.59,10.42,15.08,24.25,0.83
4015,24.59,10.42,15.08,24.25,0.83
4020,24.59,10.42,15.08,24.25,0.83
4025,24.59,10.42,15.08,24.25,0.83
4030,24.59,10.42,15.08,24.25,0.83
4035,24.59,10.42,15.08,24.25,0.83
4040,24.59,10.42,15.08,24.25,0.83
4045,24.59,10.42,15.08,24.25,0.83
4050,24.59,10.42,15.08,24.25,0.83
4055,24.59,10.42,15.08,24.25,0.83
4060,24.59,10.42,15.08,24.25,0.83
4065,24.59,10.42,15.08,24.25,0.83
4070,24.59,10.42,15.08,24.25,0.83
4075,24.59,10.42,15.08,24.25,0.83
4080,24.59,10.42,15.08,24.25,0.83
4085,24.59,10.42,15.08,24.25,0.83
4090,24.59,10.42,15.08,24.25,0.83
4095,24.59,10.42,15.08,24.25,0.83
4100,24.59,10.42,15.08,24.25,0.83
4105,24.59,10.42,15.08,24.25,0.83
4110,24.59,10.42,15.08,24.25,0.83
4115,24.59,10.42,15.08,24.25,0.83
4120,24.59,10.42,15.08,24.25,0.83
4125,24.59,10.42,15.08,24.25,0.83
4130,24.59,10.42,15.08,24.25,0.83
4135,24.59,10.42,15.08,24.25,0.83
4140,24.59,10.42,15.08,24.25,0.83
4145,24.59,10.42,15.08,24.25,0.83
4150,24.59,10.42,15.08,24.25,0.83
4155,24.59,10.42,15.08,24.25,0.83
4160,24.59,10.42,15.08,24.25,0.83
4165,24.59,10.42,15.08,24.25,0.83
4170,24.59,10.42,15.08,24.25,0.83
4175,24.59,10.42,15.08,24.25,0.83
4180,24.59,10.42,15.08,24.25,0.83
4185,24.59,10.42,15.08,24.25,0.83
4190,24.59,10.42,15.08,24.25,0.83
4195,24.59,10.42,15.08,24.25,0.83
4200,23.6,8.95,13.35,25.64,0.72
4205,23.6,8.95,13.35,25.64,0.72
4210,23.6,8.95,13.35,25.64,0.72
4215,23.6,8.95,13.35,25.64,0.72
4220,23.6,8.95,13.35,25.64,0.72
4225,23.6,8.95,13.35,25.64,0.72
4230,23.6,8.95,13.35,25.64,0.72
4235,23.6,8.95,13.35,25.64,0.72
4240,23.6,8.95,13.35,25.64,0.72
4245,23.6,8.95,13.35,25.64,0.72
4250,23.6,8.95,13.35,25.64,0.72
4255,23.6,8.95,13.35,25.64,0.72
4260,23.6,8.95,13.35,25.64,0.72
4265,23.6,8.95,13.35,25.64,0.72
4270,23.6,8.95,13.35,25.64,0.72
4275,23.6,8.95,13.35,25.64,0.72
4280,23.6,8.95,13.35,25.64,0.72
4285,23.6,8.95,13.35,25.64,0.72
4290,23.6,8.95,13.35,25.64,0.72
4295,23.6,8.95,13.35,25.64,0.72
4300,23.6,8.95,13.35,25.64,0.72
4305,23.6,8.95,13.35,25.64,0.72
4310,23.6,8.95,13.35,25.64,0.72
4315,23.6,8.95,13.35,25.64,0.72
4320,23.6,8.95,13.35,25.64,0.72
4325,23.6,8.95,13.35,25.64,0.72
4330,23.6,8.95,13.35,25.64,0.72
4335,23.6,8.95,13.35,25.64,0.72
4340,23.6,8.95,13.35,25.64,0.72
4345,23.6,8.95,13.35,25.64,0.72
4350,23.6,8.95,13.35,25.64,0.72
4355,23.6,8.95,13.35,25.64,0.72
4360,23.6,8.95,13.35,25.64,0.72
4365,23.6,8.95,13.35,25.64,0.72
4370,23.6,8.95,13.35,25.64,0.72
4375,23.6,8.95,13.35,25.64,0.72
4380,23.6,8.95,13.35,25.64,0.72
4385,23.6,8.95,13.35,25.64,0.72
4390,23.6,8.95,13.35,25.64,0.72
4395,23.6,8.95,13.35,25.64,0.72
4400,23.6,8.95,13.35,25.64,0.72
4405,23.6,8.95,13.35,25.64,0.72
4410,23.6,8.95,13.35,25.64,0.72
4415,23.6,8.95,13.35,25.64,0.72
4420,23.6,8.95,13.35,25.64,0.72
4425,23.6,8.95,13.35,25.64,0.72
4430,23.6,8.95,13.35,25.64,0.72
4435,23.6,8.95,13.35,25.64,0.72
4440,23.6,8.95,13.35,25.64,0.72
4445,23.6,8.95,13.35,25.64,0.72
4450,23.6,8.95,13.35,25.64,0.72
4455,23.6,8.95,13.35,25.64,0.72
4460,23.6,8.95,13.35,25.64,0.72
4465,23.6,8.95,13.35,25.64,0.72
4470,23.6,8.95,13.35,25.64,0.72
4475,23.6,8.95,13.35,25.64,0.72
4480,23.6,8.95,13.35,25.64,0.72
4485,23.6,8.95,13.35,25.64,0.72
4490,23.6,8.95,13.35,25.64,0.72
4495,23.6,8.95,13.35,25.64,0.72
4500,23.6,8.95,13.35,25.64,0.72
4505,23.6,8.95,13.35,25.64,0.72
4510,23.6,8.95,13.35,25.64,0.72
4515,23.6,8.95,13.35,25.64,0.72
4520,23.6,8.95,13.35,25.64,0.72
4525,23.6,8.95,13.35,25.64,0.72
4530,23.6,8.95,13.35,25.64,0.72
4535,23.6,8.95,13.35,25.64,0.72
4540,23.6,8.95,13.35,25.64,0.72
4545,23.6,8.95,13.35,25.64,0.72
4550,23.6,8.95,13.35,25.64,0.72
4555,23.6,8.95,13.35,25.64,0.72
4560,23.6,8.95,13.35,25.64,0.72
4565,23.6,8.95,13.35,25.64,0.72
4570,23.6,8.95,13.35,25.64,0.72
4575,23.6,8.95,13.35,25.64,0.72
4580,23.6,8.95,13.35,25.64,0.72
4585,23.6,8.95,13.35,25.64,0.72
4590,23.6,8.95,13.35,25.64,0.72
4595,23.6,8.95,13.35,25.64,0.72
4600,23.6,8.95,13.35,25.64,0.72
4605,23.6,8.95,13.35,25.64,0.72
4610,23.6,8.95,13.35,25.64,0.72
4615,23.6,8.95,13.35,25.64,0.72
4620,23.6,8.95,13.35,25.64,0.72
4625,23.6,8.95,13.35,25.64,0.72
4630,23.6,8.95,13.35,25.64,0.72
4635,23.6,8.95,13.35,25.64,0.72
4640,23.6,8.95,13.35,25.64,0.72
4645,23.6,8.95,13.35,25.64,0.72
4650,23.6,8.95,13.35,25.64,0.72
4655,23.6,8.95,13.35,25.64,0.72
4660,23.6,8.95,13.35,25.64,0.72
4665,23.6,8.95,13.35,25.64,0.72
4670,23.6,8.95,13.35,25.64,0.72
4675,23.6,8.95,13.35,25.64,0.72
4680,23.6,8.95,13.35,25.64,0.72
4685,23.6,8.95,13.35,25.64,0.72
4690,23.6,8.95,13.35,25.64,0.72
4695,23.6,8.95,13.35,25.64,0.72
4700,23.6,8.95,13.35,25.64,0.72
4705,23.6,8.95,13.35,25.64,0.72
4710,23.6,8.95,13.35,25.64,0.72
4715,23.6,8.95,13.35,25.64,0.72
4720,23.6,8.95,13.35,25.64,0.72
4725,23.6,8.95,13.35,25.64,0.72
4730,23.6,8.95,13.35,25.64,0.72
4735,23.6,8.95,13.35,25.64,0.72
4740,23.6,8.95,13.35,25.64,0.72
4745,23.6,8.95,13.35,25.64,0.72
4750,23.6,8.95,13.35,25.64,0.72
4755,23.6,8.95,13.35,25.64,0.72
4760,23.6,8.95,13.35,25.64,0.72
4765,23.6,8.95,13.35,25.64,0.72
4770,23.6,8.95,13.35,25.64,0.72
4775,23.6,8.95,13.35,25.64,0.72
4780,23.6,8.95,13.35,25.64,0.72
4785,23.6,8.95,13.35,25.64,0.72
4790,23.6,8.95,13.35,25.64,0.72
4795,23.6,8.95,13.35,25.64,0.72
4800,23.42,8.59,12.01,25.04,0.61
4805,23.42,8.59,12.01,25.04,0.61
4810,23.42,8.59,12.01,25.04,0.61
4815,23.42,8.59,12.01,25.04,0.61
4820,23.42,8.59,12.01,25.04,0.61
4825,23.42,8.59,12.01,25.04,0.61
4830,23.42,8.59,12.01,25.04,0.61
4835,23.42,8.59,12.01,25.04,0.61
4840,23.42,8.59,12.01,25.04,0.61
4845,23.42,8.59,12.01,25.04,0.61
4850,23.42,8.59,12.01,25.04,0.61
4855,23.42,8.59,12.01,25.04,0.61
4860,23.42,8.59,12.01,25.04,0.61
4865,23.42,8.59,12.01,25.04,0.61
4870,23.42,8.59,12.01,25.04,0.61
4875,23.42,8.59,12.01,25.04,0.61
4880,23.42,8.59,12.01,25.04,0.61
4885,23.42,8.59,12.01,25.04,0.61
4890,23.42,8.59,12.01,25.04,0.61
4895,23.42,8.59,12.01,25.04,0.61
4900,23.42,8.59,12.01,25.04,0.61
4905,23.42,8.59,12.01,25.04,0.61
4910,23.42,8.59,12.01,25.04,0.61
4915,23.42,8.59,12.01,25.04,0.61
4920,23.42,8.59,12.01,25.04,0.61
4925,23.42,8.59,12.01,25.04,0.61
4930,23.42,8.59,12.01,25.04,0.61
4935,23.42,8.59,12.01,25.04,0.61
4940,23.42,8.59,12.01,25.04,0.61
4945,23.42,8.59,12.01,25.04,0.61
4950,23.42,8.59,12.01,25.04,0.61
4955,23.42,8.59,12.01,25.04,0.61
4960,23.42,8.59,12.01,25.04,0.61
4965,23.42,8.59,12.01,25.04,0.61
4970,23.42,8.59,12.01,25.04,0.61
4975,23.42,8.59,12.01,25.04,0.61
4980,23.42,8.59,12.01,25.04,0.61
4985,23.42,8.59,12.01,25.04,0.61
4990,23.42,8.59,12.01,25.04,0.61
4995,23.42,8.59,12.01,25.04,0.61
5000,23.42,8.59,12.01,25.04,0.61
5005,23.42,8.59,12.01,25.04,0.61
5010,23.42,8.59,12.01,25.04,0.61
5015,23.42,8.59,12.01,25.04,0.61
5020,23.42,8.59,12.01,25.04,0.61
5025,23.42,8.59,12.01,25.04,0.61
5030,23.42,8.59,12.01,25.04,0.61
5035,23.42,8.59,12.01,25.04,0.61
5040,23.42,8.59,12.01,25.04,0.61
5045,23.42,8.59,12.01,25.04,0.61
5050,23.42,8.59,12.01,25.04,0.61
5055,23.42,8.59,12.01,25.04,0.61
5060,23.42,8.59,12.01,25.04,0.61
5065,23.42,8.59,12.01,25.04,0.61
5070,23.42,8.59,12.01,25.04,0.61
5075,23.42,8.59,12.01,25.04,0.61
5080,23.42,8.59,12.01,25.04,0.61
5085,23.42,8.59,12.01,25.04,0.61
5090,23.42,8.59,12.01,25.04,0.61
5095,23.42,8.59,12.01,25.04,0.61
5100,23.42,8.59,12.01,25.04,0.61
5105,23.42,8.59,12.01,25.04,0.61
5110,23.42,8.59,12.01,25.04,0.61
5115,23.42,8.59,12.01,25.04,0.61
5120,23.42,8.59,12.01,25.04,0.61
5125,23.42,8.59,12.01,25.04,0.61
5130,23.42,8.59,12.01,25.04,0.61
5135,23.42,8.59,12.01,25.04,0.61
5140,23.42,8.59,12.01,25.04,0.61
5145,23.42,8.59,12.01,25.04,0.61
5150,23.42,8.59,12.01,25.04,0.61
5155,23.42,8.59,12.01,25.04,0.61
5160,23.42,8.59,12.01,25.04,0.61
5165,23.42,8.59,12.01,25.04,0.61
5170,23.42,8.59,12.01,25.04,0.61
5175,23.42,8.59,12.01,25.04,0.61
5180,23.42,8.59,12.01,25.04,0.61
5185,23.42,8.59,12.01,25.04,0.61
5190,23.42,8.59,12.01,25.04,0.61
5195,23.42,8.59,12.01,25.04,0.61
5200,23.42,8.59,12.01,25.04,0.61
5205,23.42,8.59,12.01,25.04,0.61
5210,23.42,8.59,12.01,25.04,0.61
5215,23.42,8.59,12.01,25.04,0.61
5220,23.42,8.59,12.01,25.04,0.61
5225,23.42,8.59,12.01,25.04,0.61
5230,23.42,8.59,12.01,25.04,0.61
5235,23.42,8.59,12.01,25.04,0.61
5240,23.42,8.59,12.01,25.04,0.61
5245,23.42,8.59,12.01,25.04,0.61
5250,23.42,8.59,12.01,25.04,0.61
5255,23.42,8.59,12.01,25.04,0.61
5260,23.42,8.59,12.01,25.04,0.61
5265,23.42,8.59,12.01,25.04,0.61
5270,23.42,8.59,12.01,25.04,0.61
5275,23.42,8.59,12.01,25.04,0.61
5280,23.42,8.59,12.01,25.04,0.61
5285,23.42,8.59,12.01,25.04,0.61
5290,23.42,8.59,12.01,25.04,0.61
5295,23.42,8.59,12.01,25.04,0.61
5300,23.42,8.59,12.01,25.04,0.61
5305,23.42,8.59,12.01,25.04,0.61
5310,23.42,8.59,12.01,25.04,0.61
5315,23.42,8.59,12.01,25.04,0.61
5320,23.42,8.59,12.01,25.04,0.61
5325,23.42,8.59,12.01,25.04,0.61
5330,23.42,8.59,12.01,25.04,0.61
5335,23.42,8.59,12.01,25.04,0.61
5340,23.42,8.59,12.01,25.04,0.61
5345,23.42,8.59,12.01,25.04,0.61
5350,23.42,8.59,12.01,25.04,0.61
5355,23.42,8.59,12.01,25.04,0.61
5360,23.42,8.59,12.01,25.04,0.61
5365,23.42,8.59,12.01,25.04,0.61
5370,23.42,8.59,12.01,25.04,0.61
5375,23.42,8.59,12.01,25.04,0.61
5380,23.42,8.59,12.01,25.04,0.61
5385,23.42,8.59,12.01,25.04,0.61
5390,23.42,8.59,12.01,25.04,0.61
5395,23.42,8.59,12.01,25.04,0.61
5400,25.41,7.41,11.45,24.52,0.5
5405,25.41,7.41,11.45,24.52,0.5
5410,25.41,7.41,11.45,24.52,0.5
5415,25.41,7.41,11.45,24.52,0.5
5420,25.41,7.41,11.45,24.52,0.5
5425,25.41,7.41,11.45,24.52,0.5
5430,25.41,7.41,11.45,24.52,0.5
5435,25.41,7.41,11.45,24.52,0.5
5440,25.41,7.41,11.45,24.52,0.5
5445,25.41,7.41,11.45,24.52,0.5
5450,25.41,7.41,11.45,24.52,0.5
5455,25.41,7.41,11.45,24.52,0.5
5460,25.41,7.41,11.45,24.52,0.5
5465,25.41,7.41,11.45,24.52,0.5
5470,25.41,7.41,11.45,24.52,0.5
5475,25.41,7.41,11.45,24.52,0.5
5480,25.41,7.41,11.45,24.52,0.5
5485,25.41,7.41,11.45,24.52,0.5
5490,25.41,7.41,11.45,24.52,0.5
5495,25.41,7.41,11.45,24.52,0.5
5500,25.41,7.41,11.45,24.52,0.5
5505,25.41,7.41,11.45,24.52,0.5
5510,25.41,7.41,11.45,24.52,0.5
5515,25.41,7.41,11.45,24.52,0.5
5520,25.41,7.41,11.45,24.52,0.5
5525,25.41,7.41,11.45,24.52,0.5
5530,25.41,7.41,11.45,24.52,0.5
5535,25.41,7.41,11.45,24.52,0.5
5540,25.41,7.41,11.45,24.52,0.5
5545,25.41,7.41,11.45,24.52,0.5
5550,25.41,7.41,11.45,24.52,0.5
5555,25.41,7.41,11.45,24.52,0.5
5560,25.41,7.41,11.45,24.52,0.5
5565,25.41,7.41,11.45,24.52,0.5
5570,25.41,7.41,11.45,24.52,0.5
5575,25.41,7.41,11.45,24.52,0.5
5580,25.41,7.41,11.45,24.52,0.5
5585,25.41,7.41,11.45,24.52,0.5
5590,25.41,7.41,11.45,24.52,0.5
5595,25.41,7.41,11.45,24.52,0.5
5600,25.41,7.41,11.45,24.52,0.5
5605,25.41,7.41,11.45,24.52,0.5
5610,25.41,7.41,11.45,24.52,0.5
5615,25.41,7.41,11.45,24.52,0.5
5620,25.41,7.41,11.45,24.52,0.5
5625,25.41,7.41,11.45,24.52,0.5
5630,25.41,7.41,11.45,24.52,0.5
5635,25.41,7.41,11.45,24.52,0.5
5640,25.41,7.41,11.45,24.52,0.5
5645,25.41,7.41,11.45,24.52,0.5
5650,25.41,7.41,11.45,24.52,0.5
5655,25.41,7.41,11.45,24.52,0.5
5660,25.41,7.41,11.45,24.52,0.5
5665,25.41,7.41,11.45,24.52,0.5
5670,25.41,7.41,11.45,24.52,0.5
5675,25.41,7.41,11.45,24.52,0.5
5680,25.41,7.41,11.45,24.52,0.5
5685,25.41,7.41,11.45,24.52,0.5
5690,25.41,7.41,11.45,24.52,0.5
5695,25.41,7.41,11.45,24.52,0.5
5700,25.41,7.41,11.45,24.52,0.5
5705,25.41,7.41,11.45,24.52,0.5
5710,25.41,7.41,11.45,24.52,0.5
5715,25.41,7.41,11.45,24.52,0.5
5720,25.41,7.41,11.45,24.52,0.5
5725,25.41,7.41,11.45,24.52,0.5
5730,25.41,7.41,11.45,24.52,0.5
5735,25.41,7.41,11.45,24.52,0.5
5740,25.41,7.41,11.45,24.52,0.5
5745,25.41,7.41,11.45,24.52,0.5
5750,25.41,7.41,11.45,24.52,0.5
5755,25.41,7.41,11.45,24.52,0.5
5760,25.41,7.41,11.45,24.52,0.5
5765,25.41,7.41,11.45,24.52,0.5
5770,25.41,7.41,11.45,24.52,0.5
5775,25.41,7.41,11.45,24.52,0.5
5780,25.41,7.41,11.45,24.52,0.5
5785,25.41,7.41,11.45,24.52,0.5
5790,25.41,7.41,11.45,24.52,0.5
5795,25.41,7.41,11.45,24.52,0.5
5800,25.41,7.41,11.45,24.52,0.5
5805,25.41,7.41,11.45,24.52,0.5
5810,25.41,7.41,11.45,24.52,0.5
5815,25.41,7.41,11.45,24.52,0.5
5820,25.41,7.41,11.45,24.52,0.5
5825,25.41,7.41,11.45,24.52,0.5
5830,25.41,7.41,11.45,24.52,0.5
5835,25.41,7.41,11.45,24.52,0.5
5840,25.41,7.41,11.45,24.52,0.5
5845,25.41,7.41,11.45,24.52,0.5
5850,25.41,7.41,11.45,24.52,0.5
5855,25.41,7.41,11.45,24.52,0.5
5860,25.41,7.41,11.45,24.52,0.5
5865,25.41,7.41,11.45,24.52,0.5
5870,25.41,7.41,11.45,24.52,0.5
5875,25.41,7.41,11.45,24.52,0.5
5880,25.41,7.41,11.45,24.52,0.5
5885,25.41,7.41,11.45,24.52,0.5
5890,25.41,7.41,11.45,24.52,0.5
5895,25.41,7.41,11.45,24.52,0.5
5900,25.41,7.41,11.45,24.52,0.5
5905,25.41,7.41,11.45,24.52,0.5
5910,25.41,7.41,11.45,24.52,0.5
5915,25.41,7.41,11.45,24.52,0.5
5920,25.41,7.41,11.45,24.52,0.5
5925,25.41,7.41,11.45,24.52,0.5
5930,25.41,7.41,11.45,24.52,0.5
5935,25.41,7.41,11.45,24.52,0.5
5940,25.41,7.41,11.45,24.52,0.5
5945,25.41,7.41,11.45,24.52,0.5
5950,25.41,7.41,11.45,24.52,0.5
5955,25.41,7.41,11.45,24.52,0.5
5960,25.41,7.41,11.45,24.52,0.5
5965,25.41,7.41,11.45,24.52,0.5
5970,25.41,7.41,11.45,24.52,0.5
5975,25.41,7.41,11.45,24.52,0.5
5980,25.41,7.41,11.45,24.52,0.5
5985,25.41,7.41,11.45,24.52,0.5
5990,25.41,7.41,11.45,24.52,0.5
5995,25.41,7.41,11.45,24.52,0.5
6000,24.64,17.16,11.52,24.76,0.5
