ts,changsha,foshan,fuzhou,guangzhou,guiyang,kunming,nanchang,nanning,xiamen
50,1.14,3.71,0.5,43.68,8.63,59.99,0.1,26.86,8.95
55,1.14,3.71,0.5,43.68,8.63,59.99,0.1,26.86,8.95
60,1.14,3.71,0.5,43.68,8.63,59.99,0.1,26.86,8.95
65,1.14,3.71,0.5,43.68,8.63,59.99,0.1,26.86,8.95
70,1.14,3.71,0.5,43.68,8.63,59.99,0.1,26.86,8.95
75,1.14,3.71,0.5,43.68,8.63,59.99,0.1,26.86,8.95
80,1.14,3.71,0.5,43.68,8.63,59.99,0.1,26.86,8.95
85,1.14,3.71,0.5,43.68,8.63,59.99,0.1,26.86,8.95
90,1.14,3.71,0.5,43.68,8.63,59.99,0.1,26.86,8.95
95,1.14,3.71,0.5,43.68,8.63,59.99,0.1,26.86,8.95
100,1.14,3.71,0.5,43.68,8.63,59.99,0.1,26.86,8.95
105,1.14,3.71,0.5,43.68,8.63,59.99,0.1,26.86,8.95
110,1.14,3.71,0.5,43.68,8.63,59.99,0.1,26.86,8.95
115,1.14,3.71,0.5,43.68,8.63,59.99,0.1,26.86,8.95
120,1.14,3.71,0.5,43.68,8.63,59.99,0.1,26.86,8.95
125,1.14,3.71,0.5,43.68,8.63,59.99,0.1,26.86,8.95
130,1.14,3.71,0.5,43.68,8.63,59.99,0.1,26.86,8.95
135,1.14,3.71,0.5,43.68,8.63,59.99,0.1,26.86,8.95
140,1.14,3.71,0.5,43.68,8.63,59.99,0.1,26.86,8.95
145,1.14,3.71,0.5,43.68,8.63,59.99,0.1,26.86,8.95
150,1.14,3.71,0.5,43.68,8.63,59.99,0.1,26.86,8.95
155,1.14,3.71,0.5,43.68,8.63,59.99,0.1,26.86,8.95
160,1.14,3.71,0.5,43.68,8.63,59.99,0.1,26.86,8.95
165,1.14,3.71,0.5,43.68,8.63,59.99,0.1,26.86,8.95
170,1.14,3.71,0.5,43.68,8.63,59.99,0.1,26.86,8.95
175,1.14,3.71,0.5,43.68,8.63,59.99,0.1,26.86,8.95
180,1.14,3.71,0.5,43.68,8.63,59.99,0.1,26.86,8.95
185,1.14,3.71,0.5,43.68,8.63,59.99,0.1,26.86,8.95
190,1.14,3.71,0.5,43.68,8.63,59.99,0.1,26.86,8.95
195,1.14,3.71,0.5,43.68,8.63,59.99,0.1,26.86,8.95
200,1.14,3.71,0.5,43.68,8.63,59.99,0.1,26.86,8.95
205,1.14,3.71,0.5,43.68,8.63,59.99,0.1,26.86,8.95
210,1.14,3.71,0.5,43.68,8.63,59.99,0.1,26.86,8.95
215,1.14,3.71,0.5,43.68,8.63,59.99,0.1,26.86,8.95
220,1.14,3.71,0.5,43.68,8.63,59.99,0.1,26.86,8.95
225,1.14,3.71,0.5,43.68,8.63,59.99,0.1,26.86,8.95
230,1.14,3.71,0.5,43.68,8.63,59.99,0.1,26.86,8.95
235,1.14,3.71,0.5,43.68,8.63,59.99,0.1,26.86,8.95
240,1.14,3.71,0.5,43.68,8.63,59.99,0.1,26.86,8.95
245,1.14,3.71,0.5,43.68,8.63,59.99,0.1,26.86,8.95
250,1.14,3.71,0.5,43.68,8.63,59.99,0.1,26.86,8.95
255,1.14,3.71,0.5,43.68,8.63,59.99,0.1,26.86,8.95
260,1.14,3.71,0.5,43.68,8.63,59.99,0.1,26.86,8.95
265,1.14,3.71,0.5,43.68,8.63,59.99,0.1,26.86,8.95
270,1.14,3.71,0.5,43.68,8.63,59.99,0.1,26.86,8.95
275,1.14,3.71,0.5,43.68,8.63,59.99,0.1,26.86,8.95
280,1.14,3.71,0.5,43.68,8.63,59.99,0.1,26.86,8.95
285,1.14,3.71,0.5,43.68,8.63,59.99,0.1,26.86,8.95
290,1.14,3.71,0.5,43.68,8.63,59.99,0.1,26.86,8.95
295,1.14,3.71,0.5,43.68,8.63,59.99,0.1,26.86,8.95
300,1.14,3.71,0.5,43.68,8.63,59.99,0.1,26.86,8.95
305,1.14,3.71,0.5,43.68,8.63,59.99,0.1,26.86,8.95
310,1.14,3.71,0.5,43.68,8.63,59.99,0.1,26.86,8.95
315,1.14,3.71,0.5,43.68,8.63,59.99,0.1,26.86,8.95
320,1.14,3.71,0.5,43.68,8.63,59.99,0.1,26.86,8.95
325,1.14,3.71,0.5,43.68,8.63,59.99,0.1,26.86,8.95
330,1.14,3.71,0.5,43.68,8.63,59.99,0.1,26.86,8.95
335,1.14,3.71,0.5,43.68,8.63,59.99,0.1,26.86,8.95
340,1.14,3.71,0.5,43.68,8.63,59.99,0.1,26.86,8.95
345,1.14,3.71,0.5,43.68,8.63,59.99,0.1,26.86,8.95
350,1.14,3.71,0.5,43.68,8.63,59.99,0.1,26.86,8.95
355,1.14,3.71,0.5,43.68,8.63,59.99,0.1,26.86,8.95
360,1.14,3.71,0.5,43.68,8.63,59.99,0.1,26.86,8.95
365,1.14,3.71,0.5,43.68,8.63,59.99,0.1,26.86,8.95
370,1.14,3.71,0.5,43.68,8.63,59.99,0.1,26.86,8.95
375,1.14,3.71,0.5,43.68,8.63,59.99,0.1,26.86,8.95
380,1.14,3.71,0.5,43.68,8.63,59.99,0.1,26.86,8.95
385,1.14,3.71,0.5,43.68,8.63,59.99,0.1,26.86,8.95
390,1.14,3.71,0.5,43.68,8.63,59.99,0.1,26.86,8.95
395,1.14,3.71,0.5,43.68,8.63,59.99,0.1,26.86,8.95
400,1.14,3.71,0.5,43.68,8.63,59.99,0.1,26.86,8.95
405,1.14,3.71,0.5,43.68,8.63,59.99,0.1,26.86,8.95
410,1.14,3.71,0.5,43.68,8.63,59.99,0.1,26.86,8.95
415,1.14,3.71,0.5,43.68,8.63,59.99,0.1,26.86,8.95
420,1.14,3.71,0.5,43.68,8.63,59.99,0.1,26.86,8.95
425,1.14,3.71,0.5,43.68,8.63,59.99,0.1,26.86,8.95
430,1.14,3.71,0.5,43.68,8.63,59.99,0.1,26.86,8.95
435,1.14,3.71,0.5,43.68,8.63,59.99,0.1,26.86,8.95
440,1.14,3.71,0.5,43.68,8.63,59.99,0.1,26.86,8.95
445,1.14,3.71,0.5,43.68,8.63,59.99,0.1,26.86,8.95
450,1.14,3.71,0.5,43.68,8.63,59.99,0.1,26.86,8.95
455,1.14,3.71,0.5,43.68,8.63,59.99,0.1,26.86,8.95
460,1.14,3.71,0.5,43.68,8.63,59.99,0.1,26.86,8.95
465,1.14,3.71,0.5,43.68,8.63,59.99,0.1,26.86,8.95
470,1.14,3.71,0.5,43.68,8.63,59.99,0.1,26.86,8.95
475,1.14,3.71,0.5,43.68,8.63,59.99,0.1,26.86,8.95
480,1.14,3.71,0.5,43.68,8.63,59.99,0.1,26.86,8.95
485,1.14,3.71,0.5,43.68,8.63,59.99,0.1,26.86,8.95
490,1.14,3.71,0.5,43.68,8.63,59.99,0.1,26.86,8.95
495,1.14,3.71,0.5,43.68,8.63,59.99,0.1,26.86,8.95
500,1.14,3.71,0.5,43.68,8.63,59.99,0.1,26.86,8.95
505,1.14,3.71,0.5,43.68,8.63,59.99,0.1,26.86,8.95
510,1.14,3.71,0.5,43.68,8.63,59.99,0.1,26.86,8.95
515,1.14,3.71,0.5,43.68,8.63,59.99,0.1,26.86,8.95
520,1.14,3.71,0.5,43.68,8.63,59.99,0.1,26.86,8.95
525,1.14,3.71,0.5,43.68,8.63,59.99,0.1,26.86,8.95
530,1.14,3.71,0.5,43.68,8.63,59.99,0.1,26.86,8.95
535,1.14,3.71,0.5,43.68,8.63,59.99,0.1,26.86,8.95
540,1.14,3.71,0.5,43.68,8.63,59.99,0.1,26.86,8.95
545,1.14,3.71,0.5,43.68,8.63,59.99,0.1,26.86,8.95
550,1.14,3.71,0.5,43.68,8.63,59.99,0.1,26.86,8.95
555,1.14,3.71,0.5,43.68,8.63,59.99,0.1,26.86,8.95
560,1.14,3.71,0.5,43.68,8.63,59.99,0.1,26.86,8.95
565,1.14,3.71,0.5,43.68,8.63,59.99,0.1,26.86,8.95
570,1.14,3.71,0.5,43.68,8.63,59.99,0.1,26.86,8.95
575,1.14,3.71,0.5,43.68,8.63,59.99,0.1,26.86,8.95
580,1.14,3.71,0.5,43.68,8.63,59.99,0.1,26.86,8.95
585,1.14,3.71,0.5,43.68,8.63,59.99,0.1,26.86,8.95
590,1.14,3.71,0.5,43.68,8.63,59.99,0.1,26.86,8.95
595,1.14,3.71,0.5,43.68,8.63,59.99,0.1,26.86,8.95
600,1.12,3.64,0.73,44.42,8.36,53.4,0.1,27.44,8.45
605,1.12,3.64,0.73,44.42,8.36,53.4,0.1,27.44,8.45
610,1.12,3.64,0.73,44.42,8.36,53.4,0.1,27.44,8.45
615,1.12,3.64,0.73,44.42,8.36,53.4,0.1,27.44,8.45
620,1.12,3.64,0.73,44.42,8.36,53.4,0.1,27.44,8.45
625,1.12,3.64,0.73,44.42,8.36,53.4,0.1,27.44,8.45
630,1.12,3.64,0.73,44.42,8.36,53.4,0.1,27.44,8.45
635,1.12,3.64,0.73,44.42,8.36,53.4,0.1,27.44,8.45
640,1.12,3.64,0.73,44.42,8.36,53.4,0.1,27.44,8.45
645,1.12,3.64,0.73,44.42,8.36,53.4,0.1,27.44,8.45
650,1.12,3.64,0.73,44.42,8.36,53.4,0.1,27.44,8.45
655,1.12,3.64,0.73,44.42,8.36,53.4,0.1,27.44,8.45
660,1.12,3.64,0.73,44.42,8.36,53.4,0.1,27.44,8.45
665,1.12,3.64,0.73,44.42,8.36,53.4,0.1,27.44,8.45
670,1.12,3.64,0.73,44.42,8.36,53.4,0.1,27.44,8.45
675,1.12,3.64,0.73,44.42,8.36,53.4,0.1,27.44,8.45
680,1.12,3.64,0.73,44.42,8.36,53.4,0.1,27.44,8.45
685,1.12,3.64,0.73,44.42,8.36,53.4,0.1,27.44,8.45
690,1.12,3.64,0.73,44.42,8.36,53.4,0.1,27.44,8.45
695,1.12,3.64,0.73,44.42,8.36,53.4,0.1,27.44,8.45
700,1.12,3.64,0.73,44.42,8.36,53.4,0.1,27.44,8.45
705,1.12,3.64,0.73,44.42,8.36,53.4,0.1,27.44,8.45
710,1.12,3.64,0.73,44.42,8.36,53.4,0.1,27.44,8.45
715,1.12,3.64,0.73,44.42,8.36,53.4,0.1,27.44,8.45
720,1.12,3.64,0.73,44.42,8.36,53.4,0.1,27.44,8.45
725,1.12,3.64,0.73,44.42,8.36,53.4,0.1,27.44,8.45
730,1.12,3.64,0.73,44.42,8.36,53.4,0.1,27.44,8.45
735,1.12,3.64,0.73,44.42,8.36,53.4,0.1,27.44,8.45
740,1.12,3.64,0.73,44.42,8.36,53.4,0.1,27.44,8.45
745,1.12,3.64,0.73,44.42,8.36,53.4,0.1,27.44,8.45
750,1.12,3.64,0.73,44.42,8.36,53.4,0.1,27.44,8.45
755,1.12,3.64,0.73,44.42,8.36,53.4,0.1,27.44,8.45
760,1.12,3.64,0.73,44.42,8.36,53.4,0.1,27.44,8.45
765,1.12,3.64,0.73,44.42,8.36,53.4,0.1,27.44,8.45
770,1.12,3.64,0.73,44.42,8.36,53.4,0.1,27.44,8.45
775,1.12,3.64,0.73,44.42,8.36,53.4,0.1,27.44,8.45
780,1.12,3.64,0.73,44.42,8.36,53.4,0.1,27.44,8.45
785,1.12,3.64,0.73,44.42,8.36,53.4,0.1,27.44,8.45
790,1.12,3.64,0.73,44.42,8.36,53.4,0.1,27.44,8.45
795,1.12,3.64,0.73,44.42,8.36,53.4,0.1,27.44,8.45
800,1.12,3.64,0.73,44.42,8.36,53.4,0.1,27.44,8.45
805,1.12,3.64,0.73,44.42,8.36,53.4,0.1,27.44,8.45
810,1.12,3.64,0.73,44.42,8.36,53.4,0.1,27.44,8.45
815,1.12,3.64,0.73,44.42,8.36,53.4,0.1,27.44,8.45
820,1.12,3.64,0.73,44.42,8.36,53.4,0.1,27.44,8.45
825,1.12,3.64,0.73,44.42,8.36,53.4,0.1,27.44,8.45
830,1.12,3.64,0.73,44.42,8.36,53.4,0.1,27.44,8.45
835,1.12,3.64,0.73,44.42,8.36,53.4,0.1,27.44,8.45
840,1.12,3.64,0.73,44.42,8.36,53.4,0.1,27.44,8.45
845,1.12,3.64,0.73,44.42,8.36,53.4,0.1,27.44,8.45
850,1.12,3.64,0.73,44.42,8.36,53.4,0.1,27.44,8.45
855,1.12,3.64,0.73,44.42,8.36,53.4,0.1,27.44,8.45
860,1.12,3.64,0.73,44.42,8.36,53.4,0.1,27.44,8.45
865,1.12,3.64,0.73,44.42,8.36,53.4,0.1,27.44,8.45
870,1.12,3.64,0.73,44.42,8.36,53.4,0.1,27.44,8.45
875,1.12,3.64,0.73,44.42,8.36,53.4,0.1,27.44,8.45
880,1.12,3.64,0.73,44.42,8.36,53.4,0.1,27.44,8.45
885,1.12,3.64,0.73,44.42,8.36,53.4,0.1,27.44,8.45
890,1.12,3.64,0.73,44.42,8.36,53.4,0.1,27.44,8.45
895,1.12,3.64,0.73,44.42,8.36,53.4,0.1,27.44,8.45
900,1.12,3.64,0.73,44.42,8.36,53.4,0.1,27.44,8.45
905,1.12,3.64,0.73,44.42,8.36,53.4,0.1,27.44,8.45
910,1.12,3.64,0.73,44.42,8.36,53.4,0.1,27.44,8.45
915,1.12,3.64,0.73,44.42,8.36,53.4,0.1,27.44,8.45
920,1.12,3.64,0.73,44.42,8.36,53.4,0.1,27.44,8.45
925,1.12,3.64,0.73,44.42,8.36,53.4,0.1,27.44,8.45
930,1.12,3.64,0.73,44.42,8.36,53.4,0.1,27.44,8.45
935,1.12,3.64,0.73,44.42,8.36,53.4,0.1,27.44,8.45
940,1.12,3.64,0.73,44.42,8.36,53.4,0.1,27.44,8.45
945,1.12,3.64,0.73,44.42,8.36,53.4,0.1,27.44,8.45
950,1.12,3.64,0.73,44.42,8.36,53.4,0.1,27.44,8.45
955,1.12,3.64,0.73,44.42,8.36,53.4,0.1,27.44,8.45
960,1.12,3.64,0.73,44.42,8.36,53.4,0.1,27.44,8.45
965,1.12,3.64,0.73,44.42,8.36,53.4,0.1,27.44,8.45
970,1.12,3.64,0.73,44.42,8.36,53.4,0.1,27.44,8.45
975,1.12,3.64,0.73,44.42,8.36,53.4,0.1,27.44,8.45
980,1.12,3.64,0.73,44.42,8.36,53.4,0.1,27.44,8.45
985,1.12,3.64,0.73,44.42,8.36,53.4,0.1,27.44,8.45
990,1.12,3.64,0.73,44.42,8.36,53.4,0.1,27.44,8.45
995,1.12,3.64,0.73,44.42,8.36,53.4,0.1,27.44,8.45
1000,1.12,3.64,0.73,44.42,8.36,53.4,0.1,27.44,8.45
1005,1.12,3.64,0.73,44.42,8.36,53.4,0.1,27.44,8.45
1010,1.12,3.64,0.73,44.42,8.36,53.4,0.1,27.44,8.45
1015,1.12,3.64,0.73,44.42,8.36,53.4,0.1,27.44,8.45
1020,1.12,3.64,0.73,44.42,8.36,53.4,0.1,27.44,8.45
1025,1.12,3.64,0.73,44.42,8.36,53.4,0.1,27.44,8.45
1030,1.12,3.64,0.73,44.42,8.36,53.4,0.1,27.44,8.45
1035,1.12,3.64,0.73,44.42,8.36,53.4,0.1,27.44,8.45
1040,1.12,3.64,0.73,44.42,8.36,53.4,0.1,27.44,8.45
1045,1.12,3.64,0.73,44.42,8.36,53.4,0.1,27.44,8.45
1050,1.12,3.64,0.73,44.42,8.36,53.4,0.1,27.44,8.45
1055,1.12,3.64,0.73,44.42,8.36,53.4,0.1,27.44,8.45
1060,1.12,3.64,0.73,44.42,8.36,53.4,0.1,27.44,8.45
1065,1.12,3.64,0.73,44.42,8.36,53.4,0.1,27.44,8.45
1070,1.12,3.64,0.73,44.42,8.36,53.4,0.1,27.44,8.45
1075,1.12,3.64,0.73,44.42,8.36,53.4,0.1,27.44,8.45
1080,1.12,3.64,0.73,44.42,8.36,53.4,0.1,27.44,8.45
1085,1.12,3.64,0.73,44.42,8.36,53.4,0.1,27.44,8.45
1090,1.12,3.64,0.73,44.42,8.36,53.4,0.1,27.44,8.45
1095,1.12,3.64,0.73,44.42,8.36,53.4,0.1,27.44,8.45
1100,1.12,3.64,0.73,44.42,8.36,53.4,0.1,27.44,8.45
1105,1.12,3.64,0.73,44.42,8.36,53.4,0.1,27.44,8.45
1110,1.12,3.64,0.73,44.42,8.36,53.4,0.1,27.44,8.45
1115,1.12,3.64,0.73,44.42,8.36,53.4,0.1,27.44,8.45
1120,1.12,3.64,0.73,44.42,8.36,53.4,0.1,27.44,8.45
1125,1.12,3.64,0.73,44.42,8.36,53.4,0.1,27.44,8.45
1130,1.12,3.64,0.73,44.42,8.36,53.4,0.1,27.44,8.45
1135,1.12,3.64,0.73,44.42,8.36,53.4,0.1,27.44,8.45
1140,1.12,3.64,0.73,44.42,8.36,53.4,0.1,27.44,8.45
1145,1.12,3.64,0.73,44.42,8.36,53.4,0.1,27.44,8.45
1150,1.12,3.64,0.73,44.42,8.36,53.4,0.1,27.44,8.45
1155,1.12,3.64,0.73,44.42,8.36,53.4,0.1,27.44,8.45
1160,1.12,3.64,0.73,44.42,8.36,53.4,0.1,27.44,8.45
1165,1.12,3.64,0.73,44.42,8.36,53.4,0.1,27.44,8.45
1170,1.12,3.64,0.73,44.42,8.36,53.4,0.1,27.44,8.45
1175,1.12,3.64,0.73,44.42,8.36,53.4,0.1,27.44,8.45
1180,1.12,3.64,0.73,44.42,8.36,53.4,0.1,27.44,8.45
1185,1.12,3.64,0.73,44.42,8.36,53.4,0.1,27.44,8.45
1190,1.12,3.64,0.73,44.42,8.36,53.4,0.1,27.44,8.45
1195,1.12,3.64,0.73,44.42,8.36,53.4,0.1,27.44,8.45
1200,1.09,3.45,0.82,42.17,8.1,46.96,0.1,27.24,8.3
1205,1.09,3.45,0.82,42.17,8.1,46.96,0.1,27.24,8.3
1210,1.09,3.45,0.82,42.17,8.1,46.96,0.1,27.24,8.3
1215,1.09,3.45,0.82,42.17,8.1,46.96,0.1,27.24,8.3
1220,1.09,3.45,0.82,42.17,8.1,46.96,0.1,27.24,8.3
1225,1.09,3.45,0.82,42.17,8.1,46.96,0.1,27.24,8.3
1230,1.09,3.45,0.82,42.17,8.1,46.96,0.1,27.24,8.3
1235,1.09,3.45,0.82,42.17,8.1,46.96,0.1,27.24,8.3
1240,1.09,3.45,0.82,42.17,8.1,46.96,0.1,27.24,8.3
1245,1.09,3.45,0.82,42.17,8.1,46.96,0.1,27.24,8.3
1250,1.09,3.45,0.82,42.17,8.1,46.96,0.1,27.24,8.3
1255,1.09,3.45,0.82,42.17,8.1,46.96,0.1,27.24,8.3
1260,1.09,3.45,0.82,42.17,8.1,46.96,0.1,27.24,8.3
1265,1.09,3.45,0.82,42.17,8.1,46.96,0.1,27.24,8.3
1270,1.09,3.45,0.82,42.17,8.1,46.96,0.1,27.24,8.3
1275,1.09,3.45,0.82,42.17,8.1,46.96,0.1,27.24,8.3
1280,1.09,3.45,0.82,42.17,8.1,46.96,0.1,27.24,8.3
1285,1.09,3.45,0.82,42.17,8.1,46.96,0.1,27.24,8.3
1290,1.09,3.45,0.82,42.17,8.1,46.96,0.1,27.24,8.3
1295,1.09,3.45,0.82,42.17,8.1,46.96,0.1,27.24,8.3
1300,1.09,3.45,0.82,42.17,8.1,46.96,0.1,27.24,8.3
1305,1.09,3.45,0.82,42.17,8.1,46.96,0.1,27.24,8.3
1310,1.09,3.45,0.82,42.17,8.1,46.96,0.1,27.24,8.3
1315,1.09,3.45,0.82,42.17,8.1,46.96,0.1,27.24,8.3
1320,1.09,3.45,0.82,42.17,8.1,46.96,0.1,27.24,8.3
1325,1.09,3.45,0.82,42.17,8.1,46.96,0.1,27.24,8.3
1330,1.09,3.45,0.82,42.17,8.1,46.96,0.1,27.24,8.3
1335,1.09,3.45,0.82,42.17,8.1,46.96,0.1,27.24,8.3
1340,1.09,3.45,0.82,42.17,8.1,46.96,0.1,27.24,8.3
1345,1.09,3.45,0.82,42.17,8.1,46.96,0.1,27.24,8.3
1350,1.09,3.45,0.82,42.17,8.1,46.96,0.1,27.24,8.3
1355,1.09,3.45,0.82,42.17,8.1,46.96,0.1,27.24,8.3
1360,1.09,3.45,0.82,42.17,8.1,46.96,0.1,27.24,8.3
1365,1.09,3.45,0.82,42.17,8.1,46.96,0.1,27.24,8.3
1370,1.09,3.45,0.82,42.17,8.1,46.96,0.1,27.24,8.3
1375,1.09,3.45,0.82,42.17,8.1,46.96,0.1,27.24,8.3
1380,1.09,3.45,0.82,42.17,8.1,46.96,0.1,27.24,8.3
1385,1.09,3.45,0.82,42.17,8.1,46.96,0.1,27.24,8.3
1390,1.09,3.45,0.82,42.17,8.1,46.96,0.1,27.24,8.3
1395,1.09,3.45,0.82,42.17,8.1,46.96,0.1,27.24,8.3
1400,1.09,3.45,0.82,42.17,8.1,46.96,0.1,27.24,8.3
1405,1.09,3.45,0.82,42.17,8.1,46.96,0.1,27.24,8.3
1410,1.09,3.45,0.82,42.17,8.1,46.96,0.1,27.24,8.3
1415,1.09,3.45,0.82,42.17,8.1,46.96,0.1,27.24,8.3
1420,1.09,3.45,0.82,42.17,8.1,46.96,0.1,27.24,8.3
1425,1.09,3.45,0.82,42.17,8.1,46.96,0.1,27.24,8.3
1430,1.09,3.45,0.82,42.17,8.1,46.96,0.1,27.24,8.3
1435,1.09,3.45,0.82,42.17,8.1,46.96,0.1,27.24,8.3
1440,1.09,3.45,0.82,42.17,8.1,46.96,0.1,27.24,8.3
1445,1.09,3.45,0.82,42.17,8.1,46.96,0.1,27.24,8.3
1450,1.09,3.45,0.82,42.17,8.1,46.96,0.1,27.24,8.3
1455,1.09,3.45,0.82,42.17,8.1,46.96,0.1,27.24,8.3
1460,1.09,3.45,0.82,42.17,8.1,46.96,0.1,27.24,8.3
1465,1.09,3.45,0.82,42.17,8.1,46.96,0.1,27.24,8.3
1470,1.09,3.45,0.82,42.17,8.1,46.96,0.1,27.24,8.3
1475,1.09,3.45,0.82,42.17,8.1,46.96,0.1,27.24,8.3
1480,1.09,3.45,0.82,42.17,8.1,46.96,0.1,27.24,8.3
1485,1.09,3.45,0.82,42.17,8.1,46.96,0.1,27.24,8.3
1490,1.09,3.45,0.82,42.17,8.1,46.96,0.1,27.24,8.3
1495,1.09,3.45,0.82,42.17,8.1,46.96,0.1,27.24,8.3
1500,1.09,3.45,0.82,42.17,8.1,46.96,0.1,27.24,8.3
1505,1.09,3.45,0.82,42.17,8.1,46.96,0.1,27.24,8.3
1510,1.09,3.45,0.82,42.17,8.1,46.96,0.1,27.24,8.3
1515,1.09,3.45,0.82,42.17,8.1,46.96,0.1,27.24,8.3
1520,1.09,3.45,0.82,42.17,8.1,46.96,0.1,27.24,8.3
1525,1.09,3.45,0.82,42.17,8.1,46.96,0.1,27.24,8.3
1530,1.09,3.45,0.82,42.17,8.1,46.96,0.1,27.24,8.3
1535,1.09,3.45,0.82,42.17,8.1,46.96,0.1,27.24,8.3
1540,1.09,3.45,0.82,42.17,8.1,46.96,0.1,27.24,8.3
1545,1.09,3.45,0.82,42.17,8.1,46.96,0.1,27.24,8.3
1550,1.09,3.45,0.82,42.17,8.1,46.96,0.1,27.24,8.3
1555,1.09,3.45,0.82,42.17,8.1,46.96,0.1,27.24,8.3
1560,1.09,3.45,0.82,42.17,8.1,46.96,0.1,27.24,8.3
1565,1.09,3.45,0.82,42.17,8.1,46.96,0.1,27.24,8.3
1570,1.09,3.45,0.82,42.17,8.1,46.96,0.1,27.24,8.3
1575,1.09,3.45,0.82,42.17,8.1,46.96,0.1,27.24,8.3
1580,1.09,3.45,0.82,42.17,8.1,46.96,0.1,27.24,8.3
1585,1.09,3.45,0.82,42.17,8.1,46.96,0.1,27.24,8.3
1590,1.09,3.45,0.82,42.17,8.1,46.96,0.1,27.24,8.3
1595,1.09,3.45,0.82,42.17,8.1,46.96,0.1,27.24,8.3
1600,1.09,3.45,0.82,42.17,8.1,46.96,0.1,27.24,8.3
1605,1.09,3.45,0.82,42.17,8.1,46.96,0.1,27.24,8.3
1610,1.09,3.45,0.82,42.17,8.1,46.96,0.1,27.24,8.3
1615,1.09,3.45,0.82,42.17,8.1,46.96,0.1,27.24,8.3
1620,1.09,3.45,0.82,42.17,8.1,46.96,0.1,27.24,8.3
1625,1.09,3.45,0.82,42.17,8.1,46.96,0.1,27.24,8.3
1630,1.09,3.45,0.82,42.17,8.1,46.96,0.1,27.24,8.3
1635,1.09,3.45,0.82,42.17,8.1,46.96,0.1,27.24,8.3
1640,1.09,3.45,0.82,42.17,8.1,46.96,0.1,27.24,8.3
1645,1.09,3.45,0.82,42.17,8.1,46.96,0.1,27.24,8.3
1650,1.09,3.45,0.82,42.17,8.1,46.96,0.1,27.24,8.3
1655,1.09,3.45,0.82,42.17,8.1,46.96,0.1,27.24,8.3
1660,1.09,3.45,0.82,42.17,8.1,46.96,0.1,27.24,8.3
1665,1.09,3.45,0.82,42.17,8.1,46.96,0.1,27.24,8.3
1670,1.09,3.45,0.82,42.17,8.1,46.96,0.1,27.24,8.3
1675,1.09,3.45,0.82,42.17,8.1,46.96,0.1,27.24,8.3
1680,1.09,3.45,0.82,42.17,8.1,46.96,0.1,27.24,8.3
1685,1.09,3.45,0.82,42.17,8.1,46.96,0.1,27.24,8.3
1690,1.09,3.45,0.82,42.17,8.1,46.96,0.1,27.24,8.3
1695,1.09,3.45,0.82,42.17,8.1,46.96,0.1,27.24,8.3
1700,1.09,3.45,0.82,42.17,8.1,46.96,0.1,27.24,8.3
1705,1.09,3.45,0.82,42.17,8.1,46.96,0.1,27.24,8.3
1710,1.09,3.45,0.82,42.17,8.1,46.96,0.1,27.24,8.3
1715,1.09,3.45,0.82,42.17,8.1,46.96,0.1,27.24,8.3
1720,1.09,3.45,0.82,42.17,8.1,46.96,0.1,27.24,8.3
1725,1.09,3.45,0.82,42.17,8.1,46.96,0.1,27.24,8.3
1730,1.09,3.45,0.82,42.17,8.1,46.96,0.1,27.24,8.3
1735,1.09,3.45,0.82,42.17,8.1,46.96,0.1,27.24,8.3
1740,1.09,3.45,0.82,42.17,8.1,46.96,0.1,27.24,8.3
1745,1.09,3.45,0.82,42.17,8.1,46.96,0.1,27.24,8.3
1750,1.09,3.45,0.82,42.17,8.1,46.96,0.1,27.24,8.3
1755,1.09,3.45,0.82,42.17,8.1,46.96,0.1,27.24,8.3
1760,1.09,3.45,0.82,42.17,8.1,46.96,0.1,27.24,8.3
1765,1.09,3.45,0.82,42.17,8.1,46.96,0.1,27.24,8.3
1770,1.09,3.45,0.82,42.17,8.1,46.96,0.1,27.24,8.3
1775,1.09,3.45,0.82,42.17,8.1,46.96,0.1,27.24,8.3
1780,1.09,3.45,0.82,42.17,8.1,46.96,0.1,27.24,8.3
1785,1.09,3.45,0.82,42.17,8.1,46.96,0.1,27.24,8.3
1790,1.09,3.45,0.82,42.17,8.1,46.96,0.1,27.24,8.3
1795,1.09,3.45,0.82,42.17,8.1,46.96,0.1,27.24,8.3
1800,1.06,3.45,0.87,39.9,7.77,40.4,0.11,25.3,8.3
1805,1.06,3.45,0.87,39.9,7.77,40.4,0.11,25.3,8.3
1810,1.06,3.45,0.87,39.9,7.77,40.4,0.11,25.3,8.3
1815,1.06,3.45,0.87,39.9,7.77,40.4,0.11,25.3,8.3
1820,1.06,3.45,0.87,39.9,7.77,40.4,0.11,25.3,8.3
1825,1.06,3.45,0.87,39.9,7.77,40.4,0.11,25.3,8.3
1830,1.06,3.45,0.87,39.9,7.77,40.4,0.11,25.3,8.3
1835,1.06,3.45,0.87,39.9,7.77,40.4,0.11,25.3,8.3
1840,1.06,3.45,0.87,39.9,7.77,40.4,0.11,25.3,8.3
1845,1.06,3.45,0.87,39.9,7.77,40.4,0.11,25.3,8.3
1850,1.06,3.45,0.87,39.9,7.77,40.4,0.11,25.3,8.3
1855,1.06,3.45,0.87,39.9,7.77,40.4,0.11,25.3,8.3
1860,1.06,3.45,0.87,39.9,7.77,40.4,0.11,25.3,8.3
1865,1.06,3.45,0.87,39.9,7.77,40.4,0.11,25.3,8.3
1870,1.06,3.45,0.87,39.9,7.77,40.4,0.11,25.3,8.3
1875,1.06,3.45,0.87,39.9,7.77,40.4,0.11,25.3,8.3
1880,1.06,3.45,0.87,39.9,7.77,40.4,0.11,25.3,8.3
1885,1.06,3.45,0.87,39.9,7.77,40.4,0.11,25.3,8.3
1890,1.06,3.45,0.87,39.9,7.77,40.4,0.11,25.3,8.3
1895,1.06,3.45,0.87,39.9,7.77,40.4,0.11,25.3,8.3
1900,1.06,3.45,0.87,39.9,7.77,40.4,0.11,25.3,8.3
1905,1.06,3.45,0.87,39.9,7.77,40.4,0.11,25.3,8.3
1910,1.06,3.45,0.87,39.9,7.77,40.4,0.11,25.3,8.3
1915,1.06,3.45,0.87,39.9,7.77,40.4,0.11,25.3,8.3
1920,1.06,3.45,0.87,39.9,7.77,40.4,0.11,25.3,8.3
1925,1.06,3.45,0.87,39.9,7.77,40.4,0.11,25.3,8.3
1930,1.06,3.45,0.87,39.9,7.77,40.4,0.11,25.3,8.3
1935,1.06,3.45,0.87,39.9,7.77,40.4,0.11,25.3,8.3
1940,1.06,3.45,0.87,39.9,7.77,40.4,0.11,25.3,8.3
1945,1.06,3.45,0.87,39.9,7.77,40.4,0.11,25.3,8.3
1950,1.06,3.45,0.87,39.9,7.77,40.4,0.11,25.3,8.3
1955,1.06,3.45,0.87,39.9,7.77,40.4,0.11,25.3,8.3
1960,1.06,3.45,0.87,39.9,7.77,40.4,0.11,25.3,8.3
1965,1.06,3.45,0.87,39.9,7.77,40.4,0.11,25.3,8.3
1970,1.06,3.45,0.87,39.9,7.77,40.4,0.11,25.3,8.3
1975,1.06,3.45,0.87,39.9,7.77,40.4,0.11,25.3,8.3
1980,1.06,3.45,0.87,39.9,7.77,40.4,0.11,25.3,8.3
1985,1.06,3.45,0.87,39.9,7.77,40.4,0.11,25.3,8.3
1990,1.06,3.45,0.87,39.9,7.77,40.4,0.11,25.3,8.3
1995,1.06,3.45,0.87,39.9,7.77,40.4,0.11,25.3,8.3
2000,1.06,3.45,0.87,39.9,7.77,40.4,0.11,25.3,8.3
2005,1.06,3.45,0.87,39.9,7.77,40.4,0.11,25.3,8.3
2010,1.06,3.45,0.87,39.9,7.77,40.4,0.11,25.3,8.3
2015,1.06,3.45,0.87,39.9,7.77,40.4,0.11,25.3,8.3
2020,1.06,3.45,0.87,39.9,7.77,40.4,0.11,25.3,8.3
2025,1.06,3.45,0.87,39.9,7.77,40.4,0.11,25.3,8.3
2030,1.06,3.45,0.87,39.9,7.77,40.4,0.11,25.3,8.3
2035,1.06,3.45,0.87,39.9,7.77,40.4,0.11,25.3,8.3
2040,1.06,3.45,0.87,39.9,7.77,40.4,0.11,25.3,8.3
2045,1.06,3.45,0.87,39.9,7.77,40.4,0.11,25.3,8.3
2050,1.06,3.45,0.87,39.9,7.77,40.4,0.11,25.3,8.3
2055,1.06,3.45,0.87,39.9,7.77,40.4,0.11,25.3,8.3
2060,1.06,3.45,0.87,39.9,7.77,40.4,0.11,25.3,8.3
2065,1.06,3.45,0.87,39.9,7.77,40.4,0.11,25.3,8.3
2070,1.06,3.45,0.87,39.9,7.77,40.4,0.11,25.3,8.3
2075,1.06,3.45,0.87,39.9,7.77,40.4,0.11,25.3,8.3
2080,1.06,3.45,0.87,39.9,7.77,40.4,0.11,25.3,8.3
2085,1.06,3.45,0.87,39.9,7.77,40.4,0.11,25.3,8.3
2090,1.06,3.45,0.87,39.9,7.77,40.4,0.11,25.3,8.3
2095,1.06,3.45,0.87,39.9,7.77,40.4,0.11,25.3,8.3
2100,1.06,3.45,0.87,39.9,7.77,40.4,0.11,25.3,8.3
2105,1.06,3.45,0.87,39.9,7.77,40.4,0.11,25.3,8.3
2110,1.06,3.45,0.87,39.9,7.77,40.4,0.11,25.3,8.3
2115,1.06,3.45,0.87,39.9,7.77,40.4,0.11,25.3,8.3
2120,1.06,3.45,0.87,39.9,7.77,40.4,0.11,25.3,8.3
2125,1.06,3.45,0.87,39.9,7.77,40.4,0.11,25.3,8.3
2130,1.06,3.45,0.87,39.9,7.77,40.4,0.11,25.3,8.3
2135,1.06,3.45,0.87,39.9,7.77,40.4,0.11,25.3,8.3
2140,1.06,3.45,0.87,39.9,7.77,40.4,0.11,25.3,8.3
2145,1.06,3.45,0.87,39.9,7.77,40.4,0.11,25.3,8.3
2150,1.06,3.45,0.87,39.9,7.77,40.4,0.11,25.3,8.3
2155,1.06,3.45,0.87,39.9,7.77,40.4,0.11,25.3,8.3
2160,1.06,3.45,0.87,39.9,7.77,40.4,0.11,25.3,8.3
2165,1.06,3.45,0.87,39.9,7.77,40.4,0.11,25.3,8.3
2170,1.06,3.45,0.87,39.9,7.77,40.4,0.11,25.3,8.3
2175,1.06,3.45,0.87,39.9,7.77,40.4,0.11,25.3,8.3
2180,1.06,3.45,0.87,39.9,7.77,40.4,0.11,25.3,8.3
2185,1.06,3.45,0.87,39.9,7.77,40.4,0.11,25.3,8.3
2190,1.06,3.45,0.87,39.9,7.77,40.4,0.11,25.3,8.3
2195,1.06,3.45,0.87,39.9,7.77,40.4,0.11,25.3,8.3
2200,1.06,3.45,0.87,39.9,7.77,40.4,0.11,25.3,8.3
2205,1.06,3.45,0.87,39.9,7.77,40.4,0.11,25.3,8.3
2210,1.06,3.45,0.87,39.9,7.77,40.4,0.11,25.3,8.3
2215,1.06,3.45,0.87,39.9,7.77,40.4,0.11,25.3,8.3
2220,1.06,3.45,0.87,39.9,7.77,40.4,0.11,25.3,8.3
2225,1.06,3.45,0.87,39.9,7.77,40.4,0.11,25.3,8.3
2230,1.06,3.45,0.87,39.9,7.77,40.4,0.11,25.3,8.3
2235,1.06,3.45,0.87,39.9,7.77,40.4,0.11,25.3,8.3
2240,1.06,3.45,0.87,39.9,7.77,40.4,0.11,25.3,8.3
2245,1.06,3.45,0.87,39.9,7.77,40.4,0.11,25.3,8.3
2250,1.06,3.45,0.87,39.9,7.77,40.4,0.11,25.3,8.3
2255,1.06,3.45,0.87,39.9,7.77,40.4,0.11,25.3,8.3
2260,1.06,3.45,0.87,39.9,7.77,40.4,0.11,25.3,8.3
2265,1.06,3.45,0.87,39.9,7.77,40.4,0.11,25.3,8.3
2270,1.06,3.45,0.87,39.9,7.77,40.4,0.11,25.3,8.3
2275,1.06,3.45,0.87,39.9,7.77,40.4,0.11,25.3,8.3
2280,1.06,3.45,0.87,39.9,7.77,40.4,0.11,25.3,8.3
2285,1.06,3.45,0.87,39.9,7.77,40.4,0.11,25.3,8.3
2290,1.06,3.45,0.87,39.9,7.77,40.4,0.11,25.3,8.3
2295,1.06,3.45,0.87,39.9,7.77,40.4,0.11,25.3,8.3
2300,1.06,3.45,0.87,39.9,7.77,40.4,0.11,25.3,8.3
2305,1.06,3.45,0.87,39.9,7.77,40.4,0.11,25.3,8.3
2310,1.06,3.45,0.87,39.9,7.77,40.4,0.11,25.3,8.3
2315,1.06,3.45,0.87,39.9,7.77,40.4,0.11,25.3,8.3
2320,1.06,3.45,0.87,39.9,7.77,40.4,0.11,25.3,8.3
2325,1.06,3.45,0.87,39.9,7.77,40.4,0.11,25.3,8.3
2330,1.06,3.45,0.87,39.9,7.77,40.4,0.11,25.3,8.3
2335,1.06,3.45,0.87,39.9,7.77,40.4,0.11,25.3,8.3
2340,1.06,3.45,0.87,39.9,7.77,40.4,0.11,25.3,8.3
2345,1.06,3.45,0.87,39.9,7.77,40.4,0.11,25.3,8.3
2350,1.06,3.45,0.87,39.9,7.77,40.4,0.11,25.3,8.3
2355,1.06,3.45,0.87,39.9,7.77,40.4,0.11,25.3,8.3
2360,1.06,3.45,0.87,39.9,7.77,40.4,0.11,25.3,8.3
2365,1.06,3.45,0.87,39.9,7.77,40.4,0.11,25.3,8.3
2370,1.06,3.45,0.87,39.9,7.77,40.4,0.11,25.3,8.3
2375,1.06,3.45,0.87,39.9,7.77,40.4,0.11,25.3,8.3
2380,1.06,3.45,0.87,39.9,7.77,40.4,0.11,25.3,8.3
2385,1.06,3.45,0.87,39.9,7.77,40.4,0.11,25.3,8.3
2390,1.06,3.45,0.87,39.9,7.77,40.4,0.11,25.3,8.3
2395,1.06,3.45,0.87,39.9,7.77,40.4,0.11,25.3,8.3
2400,1.0,3.29,0.88,38.38,7.67,34.74,0.11,23.69,8.44
2405,1.0,3.29,0.88,38.38,7.67,34.74,0.11,23.69,8.44
2410,1.0,3.29,0.88,38.38,7.67,34.74,0.11,23.69,8.44
2415,1.0,3.29,0.88,38.38,7.67,34.74,0.11,23.69,8.44
2420,1.0,3.29,0.88,38.38,7.67,34.74,0.11,23.69,8.44
2425,1.0,3.29,0.88,38.38,7.67,34.74,0.11,23.69,8.44
2430,1.0,3.29,0.88,38.38,7.67,34.74,0.11,23.69,8.44
2435,1.0,3.29,0.88,38.38,7.67,34.74,0.11,23.69,8.44
2440,1.0,3.29,0.88,38.38,7.67,34.74,0.11,23.69,8.44
2445,1.0,3.29,0.88,38.38,7.67,34.74,0.11,23.69,8.44
2450,1.0,3.29,0.88,38.38,7.67,34.74,0.11,23.69,8.44
2455,1.0,3.29,0.88,38.38,7.67,34.74,0.11,23.69,8.44
2460,1.0,3.29,0.88,38.38,7.67,34.74,0.11,23.69,8.44
2465,1.0,3.29,0.88,38.38,7.67,34.74,0.11,23.69,8.44
2470,1.0,3.29,0.88,38.38,7.67,34.74,0.11,23.69,8.44
2475,1.0,3.29,0.88,38.38,7.67,34.74,0.11,23.69,8.44
2480,1.0,3.29,0.88,38.38,7.67,34.74,0.11,23.69,8.44
2485,1.0,3.29,0.88,38.38,7.67,34.74,0.11,23.69,8.44
2490,1.0,3.29,0.88,38.38,7.67,34.74,0.11,23.69,8.44
2495,1.0,3.29,0.88,38.38,7.67,34.74,0.11,23.69,8.44
2500,1.0,3.29,0.88,38.38,7.67,34.74,0.11,23.69,8.44
2505,1.0,3.29,0.88,38.38,7.67,34.74,0.11,23.69,8.44
2510,1.0,3.29,0.88,38.38,7.67,34.74,0.11,23.69,8.44
2515,1.0,3.29,0.88,38.38,7.67,34.74,0.11,23.69,8.44
2520,1.0,3.29,0.88,38.38,7.67,34.74,0.11,23.69,8.44
2525,1.0,3.29,0.88,38.38,7.67,34.74,0.11,23.69,8.44
2530,1.0,3.29,0.88,38.38,7.67,34.74,0.11,23.69,8.44
2535,1.0,3.29,0.88,38.38,7.67,34.74,0.11,23.69,8.44
2540,1.0,3.29,0.88,38.38,7.67,34.74,0.11,23.69,8.44
2545,1.0,3.29,0.88,38.38,7.67,34.74,0.11,23.69,8.44
2550,1.0,3.29,0.88,38.38,7.67,34.74,0.11,23.69,8.44
2555,1.0,3.29,0.88,38.38,7.67,34.74,0.11,23.69,8.44
2560,1.0,3.29,0.88,38.38,7.67,34.74,0.11,23.69,8.44
2565,1.0,3.29,0.88,38.38,7.67,34.74,0.11,23.69,8.44
2570,1.0,3.29,0.88,38.38,7.67,34.74,0.11,23.69,8.44
2575,1.0,3.29,0.88,38.38,7.67,34.74,0.11,23.69,8.44
2580,1.0,3.29,0.88,38.38,7.67,34.74,0.11,23.69,8.44
2585,1.0,3.29,0.88,38.38,7.67,34.74,0.11,23.69,8.44
2590,1.0,3.29,0.88,38.38,7.67,34.74,0.11,23.69,8.44
2595,1.0,3.29,0.88,38.38,7.67,34.74,0.11,23.69,8.44
2600,1.0,3.29,0.88,38.38,7.67,34.74,0.11,23.69,8.44
2605,1.0,3.29,0.88,38.38,7.67,34.74,0.11,23.69,8.44
2610,1.0,3.29,0.88,38.38,7.67,34.74,0.11,23.69,8.44
2615,1.0,3.29,0.88,38.38,7.67,34.74,0.11,23.69,8.44
2620,1.0,3.29,0.88,38.38,7.67,34.74,0.11,23.69,8.44
2625,1.0,3.29,0.88,38.38,7.67,34.74,0.11,23.69,8.44
2630,1.0,3.29,0.88,38.38,7.67,34.74,0.11,23.69,8.44
2635,1.0,3.29,0.88,38.38,7.67,34.74,0.11,23.69,8.44
2640,1.0,3.29,0.88,38.38,7.67,34.74,0.11,23.69,8.44
2645,1.0,3.29,0.88,38.38,7.67,34.74,0.11,23.69,8.44
2650,1.0,3.29,0.88,38.38,7.67,34.74,0.11,23.69,8.44
2655,1.0,3.29,0.88,38.38,7.67,34.74,0.11,23.69,8.44
2660,1.0,3.29,0.88,38.38,7.67,34.74,0.11,23.69,8.44
2665,1.0,3.29,0.88,38.38,7.67,34.74,0.11,23.69,8.44
2670,1.0,3.29,0.88,38.38,7.67,34.74,0.11,23.69,8.44
2675,1.0,3.29,0.88,38.38,7.67,34.74,0.11,23.69,8.44
2680,1.0,3.29,0.88,38.38,7.67,34.74,0.11,23.69,8.44
2685,1.0,3.29,0.88,38.38,7.67,34.74,0.11,23.69,8.44
2690,1.0,3.29,0.88,38.38,7.67,34.74,0.11,23.69,8.44
2695,1.0,3.29,0.88,38.38,7.67,34.74,0.11,23.69,8.44
2700,1.0,3.29,0.88,38.38,7.67,34.74,0.11,23.69,8.44
2705,1.0,3.29,0.88,38.38,7.67,34.74,0.11,23.69,8.44
2710,1.0,3.29,0.88,38.38,7.67,34.74,0.11,23.69,8.44
2715,1.0,3.29,0.88,38.38,7.67,34.74,0.11,23.69,8.44
2720,1.0,3.29,0.88,38.38,7.67,34.74,0.11,23.69,8.44
2725,1.0,3.29,0.88,38.38,7.67,34.74,0.11,23.69,8.44
2730,1.0,3.29,0.88,38.38,7.67,34.74,0.11,23.69,8.44
2735,1.0,3.29,0.88,38.38,7.67,34.74,0.11,23.69,8.44
2740,1.0,3.29,0.88,38.38,7.67,34.74,0.11,23.69,8.44
2745,1.0,3.29,0.88,38.38,7.67,34.74,0.11,23.69,8.44
2750,1.0,3.29,0.88,38.38,7.67,34.74,0.11,23.69,8.44
2755,1.0,3.29,0.88,38.38,7.67,34.74,0.11,23.69,8.44
2760,1.0,3.29,0.88,38.38,7.67,34.74,0.11,23.69,8.44
2765,1.0,3.29,0.88,38.38,7.67,34.74,0.11,23.69,8.44
2770,1.0,3.29,0.88,38.38,7.67,34.74,0.11,23.69,8.44
2775,1.0,3.29,0.88,38.38,7.67,34.74,0.11,23.69,8.44
2780,1.0,3.29,0.88,38.38,7.67,34.74,0.11,23.69,8.44
2785,1.0,3.29,0.88,38.38,7.67,34.74,0.11,23.69,8.44
2790,1.0,3.29,0.88,38.38,7.67,34.74,0.11,23.69,8.44
2795,1.0,3.29,0.88,38.38,7.67,34.74,0.11,23.69,8.44
2800,1.0,3.29,0.88,38.38,7.67,34.74,0.11,23.69,8.44
2805,1.0,3.29,0.88,38.38,7.67,34.74,0.11,23.69,8.44
2810,1.0,3.29,0.88,38.38,7.67,34.74,0.11,23.69,8.44
2815,1.0,3.29,0.88,38.38,7.67,34.74,0.11,23.69,8.44
2820,1.0,3.29,0.88,38.38,7.67,34.74,0.11,23.69,8.44
2825,1.0,3.29,0.88,38.38,7.67,34.74,0.11,23.69,8.44
2830,1.0,3.29,0.88,38.38,7.67,34.74,0.11,23.69,8.44
2835,1.0,3.29,0.88,38.38,7.67,34.74,0.11,23.69,8.44
2840,1.0,3.29,0.88,38.38,7.67,34.74,0.11,23.69,8.44
2845,1.0,3.29,0.88,38.38,7.67,34.74,0.11,23.69,8.44
2850,1.0,3.29,0.88,38.38,7.67,34.74,0.11,23.69,8.44
2855,1.0,3.29,0.88,38.38,7.67,34.74,0.11,23.69,8.44
2860,1.0,3.29,0.88,38.38,7.67,34.74,0.11,23.69,8.44
2865,1.0,3.29,0.88,38.38,7.67,34.74,0.11,23.69,8.44
2870,1.0,3.29,0.88,38.38,7.67,34.74,0.11,23.69,8.44
2875,1.0,3.29,0.88,38.38,7.67,34.74,0.11,23.69,8.44
2880,1.0,3.29,0.88,38.38,7.67,34.74,0.11,23.69,8.44
2885,1.0,3.29,0.88,38.38,7.67,34.74,0.11,23.69,8.44
2890,1.0,3.29,0.88,38.38,7.67,34.74,0.11,23.69,8.44
2895,1.0,3.29,0.88,38.38,7.67,34.74,0.11,23.69,8.44
2900,1.0,3.29,0.88,38.38,7.67,34.74,0.11,23.69,8.44
2905,1.0,3.29,0.88,38.38,7.67,34.74,0.11,23.69,8.44
2910,1.0,3.29,0.88,38.38,7.67,34.74,0.11,23.69,8.44
2915,1.0,3.29,0.88,38.38,7.67,34.74,0.11,23.69,8.44
2920,1.0,3.29,0.88,38.38,7.67,34.74,0.11,23.69,8.44
2925,1.0,3.29,0.88,38.38,7.67,34.74,0.11,23.69,8.44
2930,1.0,3.29,0.88,38.38,7.67,34.74,0.11,23.69,8.44
2935,1.0,3.29,0.88,38.38,7.67,34.74,0.11,23.69,8.44
2940,1.0,3.29,0.88,38.38,7.67,34.74,0.11,23.69,8.44
2945,1.0,3.29,0.88,38.38,7.67,34.74,0.11,23.69,8.44
2950,1.0,3.29,0.88,38.38,7.67,34.74,0.11,23.69,8.44
2955,1.0,3.29,0.88,38.38,7.67,34.74,0.11,23.69,8.44
2960,1.0,3.29,0.88,38.38,7.67,34.74,0.11,23.69,8.44
2965,1.0,3.29,0.88,38.38,7.67,34.74,0.11,23.69,8.44
2970,1.0,3.29,0.88,38.38,7.67,34.74,0.11,23.69,8.44
2975,1.0,3.29,0.88,38.38,7.67,34.74,0.11,23.69,8.44
2980,1.0,3.29,0.88,38.38,7.67,34.74,0.11,23.69,8.44
2985,1.0,3.29,0.88,38.38,7.67,34.74,0.11,23.69,8.44
2990,1.0,3.29,0.88,38.38,7.67,34.74,0.11,23.69,8.44
2995,1.0,3.29,0.88,38.38,7.67,34.74,0.11,23.69,8.44
3000,0.98,3.12,0.91,37.45,7.32,28.85,0.28,21.54,8.77
3005,0.98,3.12,0.91,37.45,7.32,28.85,0.28,21.54,8.77
3010,0.98,3.12,0.91,37.45,7.32,28.85,0.28,21.54,8.77
3015,0.98,3.12,0.91,37.45,7.32,28.85,0.28,21.54,8.77
3020,0.98,3.12,0.91,37.45,7.32,28.85,0.28,21.54,8.77
3025,0.98,3.12,0.91,37.45,7.32,28.85,0.28,21.54,8.77
3030,0.98,3.12,0.91,37.45,7.32,28.85,0.28,21.54,8.77
3035,0.98,3.12,0.91,37.45,7.32,28.85,0.28,21.54,8.77
3040,0.98,3.12,0.91,37.45,7.32,28.85,0.28,21.54,8.77
3045,0.98,3.12,0.91,37.45,7.32,28.85,0.28,21.54,8.77
3050,0.98,3.12,0.91,37.45,7.32,28.85,0.28,21.54,8.77
3055,0.98,3.12,0.91,37.45,7.32,28.85,0.28,21.54,8.77
3060,0.98,3.12,0.91,37.45,7.32,28.85,0.28,21.54,8.77
3065,0.98,3.12,0.91,37.45,7.32,28.85,0.28,21.54,8.77
3070,0.98,3.12,0.91,37.45,7.32,28.85,0.28,21.54,8.77
3075,0.98,3.12,0.91,37.45,7.32,28.85,0.28,21.54,8.77
3080,0.98,3.12,0.91,37.45,7.32,28.85,0.28,21.54,8.77
3085,0.98,3.12,0.91,37.45,7.32,28.85,0.28,21.54,8.77
3090,0.98,3.12,0.91,37.45,7.32,28.85,0.28,21.54,8.77
3095,0.98,3.12,0.91,37.45,7.32,28.85,0.28,21.54,8.77
3100,0.98,3.12,0.91,37.45,7.32,28.85,0.28,21.54,8.77
3105,0.98,3.12,0.91,37.45,7.32,28.85,0.28,21.54,8.77
3110,0.98,3.12,0.91,37.45,7.32,28.85,0.28,21.54,8.77
3115,0.98,3.12,0.91,37.45,7.32,28.85,0.28,21.54,8.77
3120,0.98,3.12,0.91,37.45,7.32,28.85,0.28,21.54,8.77
3125,0.98,3.12,0.91,37.45,7.32,28.85,0.28,21.54,8.77
3130,0.98,3.12,0.91,37.45,7.32,28.85,0.28,21.54,8.77
3135,0.98,3.12,0.91,37.45,7.32,28.85,0.28,21.54,8.77
3140,0.98,3.12,0.91,37.45,7.32,28.85,0.28,21.54,8.77
3145,0.98,3.12,0.91,37.45,7.32,28.85,0.28,21.54,8.77
3150,0.98,3.12,0.91,37.45,7.32,28.85,0.28,21.54,8.77
3155,0.98,3.12,0.91,37.45,7.32,28.85,0.28,21.54,8.77
3160,0.98,3.12,0.91,37.45,7.32,28.85,0.28,21.54,8.77
3165,0.98,3.12,0.91,37.45,7.32,28.85,0.28,21.54,8.77
3170,0.98,3.12,0.91,37.45,7.32,28.85,0.28,21.54,8.77
3175,0.98,3.12,0.91,37.45,7.32,28.85,0.28,21.54,8.77
3180,0.98,3.12,0.91,37.45,7.32,28.85,0.28,21.54,8.77
3185,0.98,3.12,0.91,37.45,7.32,28.85,0.28,21.54,8.77
3190,0.98,3.12,0.91,37.45,7.32,28.85,0.28,21.54,8.77
3195,0.98,3.12,0.91,37.45,7.32,28.85,0.28,21.54,8.77
3200,0.98,3.12,0.91,37.45,7.32,28.85,0.28,21.54,8.77
3205,0.98,3.12,0.91,37.45,7.32,28.85,0.28,21.54,8.77
3210,0.98,3.12,0.91,37.45,7.32,28.85,0.28,21.54,8.77
3215,0.98,3.12,0.91,37.45,7.32,28.85,0.28,21.54,8.77
3220,0.98,3.12,0.91,37.45,7.32,28.85,0.28,21.54,8.77
3225,0.98,3.12,0.91,37.45,7.32,28.85,0.28,21.54,8.77
3230,0.98,3.12,0.91,37.45,7.32,28.85,0.28,21.54,8.77
3235,0.98,3.12,0.91,37.45,7.32,28.85,0.28,21.54,8.77
3240,0.98,3.12,0.91,37.45,7.32,28.85,0.28,21.54,8.77
3245,0.98,3.12,0.91,37.45,7.32,28.85,0.28,21.54,8.77
3250,0.98,3.12,0.91,37.45,7.32,28.85,0.28,21.54,8.77
3255,0.98,3.12,0.91,37.45,7.32,28.85,0.28,21.54,8.77
3260,0.98,3.12,0.91,37.45,7.32,28.85,0.28,21.54,8.77
3265,0.98,3.12,0.91,37.45,7.32,28.85,0.28,21.54,8.77
3270,0.98,3.12,0.91,37.45,7.32,28.85,0.28,21.54,8.77
3275,0.98,3.12,0.91,37.45,7.32,28.85,0.28,21.54,8.77
3280,0.98,3.12,0.91,37.45,7.32,28.85,0.28,21.54,8.77
3285,0.98,3.12,0.91,37.45,7.32,28.85,0.28,21.54,8.77
3290,0.98,3.12,0.91,37.45,7.32,28.85,0.28,21.54,8.77
3295,0.98,3.12,0.91,37.45,7.32,28.85,0.28,21.54,8.77
3300,0.98,3.12,0.91,37.45,7.32,28.85,0.28,21.54,8.77
3305,0.98,3.12,0.91,37.45,7.32,28.85,0.28,21.54,8.77
3310,0.98,3.12,0.91,37.45,7.32,28.85,0.28,21.54,8.77
3315,0.98,3.12,0.91,37.45,7.32,28.85,0.28,21.54,8.77
3320,0.98,3.12,0.91,37.45,7.32,28.85,0.28,21.54,8.77
3325,0.98,3.12,0.91,37.45,7.32,28.85,0.28,21.54,8.77
3330,0.98,3.12,0.91,37.45,7.32,28.85,0.28,21.54,8.77
3335,0.98,3.12,0.91,37.45,7.32,28.85,0.28,21.54,8.77
3340,0.98,3.12,0.91,37.45,7.32,28.85,0.28,21.54,8.77
3345,0.98,3.12,0.91,37.45,7.32,28.85,0.28,21.54,8.77
3350,0.98,3.12,0.91,37.45,7.32,28.85,0.28,21.54,8.77
3355,0.98,3.12,0.91,37.45,7.32,28.85,0.28,21.54,8.77
3360,0.98,3.12,0.91,37.45,7.32,28.85,0.28,21.54,8.77
3365,0.98,3.12,0.91,37.45,7.32,28.85,0.28,21.54,8.77
3370,0.98,3.12,0.91,37.45,7.32,28.85,0.28,21.54,8.77
3375,0.98,3.12,0.91,37.45,7.32,28.85,0.28,21.54,8.77
3380,0.98,3.12,0.91,37.45,7.32,28.85,0.28,21.54,8.77
3385,0.98,3.12,0.91,37.45,7.32,28.85,0.28,21.54,8.77
3390,0.98,3.12,0.91,37.45,7.32,28.85,0.28,21.54,8.77
3395,0.98,3.12,0.91,37.45,7.32,28.85,0.28,21.54,8.77
3400,0.98,3.12,0.91,37.45,7.32,28.85,0.28,21.54,8.77
3405,0.98,3.12,0.91,37.45,7.32,28.85,0.28,21.54,8.77
3410,0.98,3.12,0.91,37.45,7.32,28.85,0.28,21.54,8.77
3415,0.98,3.12,0.91,37.45,7.32,28.85,0.28,21.54,8.77
3420,0.98,3.12,0.91,37.45,7.32,28.85,0.28,21.54,8.77
3425,0.98,3.12,0.91,37.45,7.32,28.85,0.28,21.54,8.77
3430,0.98,3.12,0.91,37.45,7.32,28.85,0.28,21.54,8.77
3435,0.98,3.12,0.91,37.45,7.32,28.85,0.28,21.54,8.77
3440,0.98,3.12,0.91,37.45,7.32,28.85,0.28,21.54,8.77
3445,0.98,3.12,0.91,37.45,7.32,28.85,0.28,21.54,8.77
3450,0.98,3.12,0.91,37.45,7.32,28.85,0.28,21.54,8.77
3455,0.98,3.12,0.91,37.45,7.32,28.85,0.28,21.54,8.77
3460,0.98,3.12,0.91,37.45,7.32,28.85,0.28,21.54,8.77
3465,0.98,3.12,0.91,37.45,7.32,28.85,0.28,21.54,8.77
3470,0.98,3.12,0.91,37.45,7.32,28.85,0.28,21.54,8.77
3475,0.98,3.12,0.91,37.45,7.32,28.85,0.28,21.54,8.77
3480,0.98,3.12,0.91,37.45,7.32,28.85,0.28,21.54,8.77
3485,0.98,3.12,0.91,37.45,7.32,28.85,0.28,21.54,8.77
3490,0.98,3.12,0.91,37.45,7.32,28.85,0.28,21.54,8.77
3495,0.98,3.12,0.91,37.45,7.32,28.85,0.28,21.54,8.77
3500,0.98,3.12,0.91,37.45,7.32,28.85,0.28,21.54,8.77
3505,0.98,3.12,0.91,37.45,7.32,28.85,0.28,21.54,8.77
3510,0.98,3.12,0.91,37.45,7.32,28.85,0.28,21.54,8.77
3515,0.98,3.12,0.91,37.45,7.32,28.85,0.28,21.54,8.77
3520,0.98,3.12,0.91,37.45,7.32,28.85,0.28,21.54,8.77
3525,0.98,3.12,0.91,37.45,7.32,28.85,0.28,21.54,8.77
3530,0.98,3.12,0.91,37.45,7.32,28.85,0.28,21.54,8.77
3535,0.98,3.12,0.91,37.45,7.32,28.85,0.28,21.54,8.77
3540,0.98,3.12,0.91,37.45,7.32,28.85,0.28,21.54,8.77
3545,0.98,3.12,0.91,37.45,7.32,28.85,0.28,21.54,8.77
3550,0.98,3.12,0.91,37.45,7.32,28.85,0.28,21.54,8.77
3555,0.98,3.12,0.91,37.45,7.32,28.85,0.28,21.54,8.77
3560,0.98,3.12,0.91,37.45,7.32,28.85,0.28,21.54,8.77
3565,0.98,3.12,0.91,37.45,7.32,28.85,0.28,21.54,8.77
3570,0.98,3.12,0.91,37.45,7.32,28.85,0.28,21.54,8.77
3575,0.98,3.12,0.91,37.45,7.32,28.85,0.28,21.54,8.77
3580,0.98,3.12,0.91,37.45,7.32,28.85,0.28,21.54,8.77
3585,0.98,3.12,0.91,37.45,7.32,28.85,0.28,21.54,8.77
3590,0.98,3.12,0.91,37.45,7.32,28.85,0.28,21.54,8.77
3595,0.98,3.12,0.91,37.45,7.32,28.85,0.28,21.54,8.77
3600,0.97,3.14,0.97,38.2,7.51,23.8,2.4,19.12,8.75
3605,0.97,3.14,0.97,38.2,7.51,23.8,2.4,19.12,8.75
3610,0.97,3.14,0.97,38.2,7.51,23.8,2.4,19.12,8.75
3615,0.97,3.14,0.97,38.2,7.51,23.8,2.4,19.12,8.75
3620,0.97,3.14,0.97,38.2,7.51,23.8,2.4,19.12,8.75
3625,0.97,3.14,0.97,38.2,7.51,23.8,2.4,19.12,8.75
3630,0.97,3.14,0.97,38.2,7.51,23.8,2.4,19.12,8.75
3635,0.97,3.14,0.97,38.2,7.51,23.8,2.4,19.12,8.75
3640,0.97,3.14,0.97,38.2,7.51,23.8,2.4,19.12,8.75
3645,0.97,3.14,0.97,38.2,7.51,23.8,2.4,19.12,8.75
3650,0.97,3.14,0.97,38.2,7.51,23.8,2.4,19.12,8.75
3655,0.97,3.14,0.97,38.2,7.51,23.8,2.4,19.12,8.75
3660,0.97,3.14,0.97,38.2,7.51,23.8,2.4,19.12,8.75
3665,0.97,3.14,0.97,38.2,7.51,23.8,2.4,19.12,8.75
3670,0.97,3.14,0.97,38.2,7.51,23.8,2.4,19.12,8.75
3675,0.97,3.14,0.97,38.2,7.51,23.8,2.4,19.12,8.75
3680,0.97,3.14,0.97,38.2,7.51,23.8,2.4,19.12,8.75
3685,0.97,3.14,0.97,38.2,7.51,23.8,2.4,19.12,8.75
3690,0.97,3.14,0.97,38.2,7.51,23.8,2.4,19.12,8.75
3695,0.97,3.14,0.97,38.2,7.51,23.8,2.4,19.12,8.75
3700,0.97,3.14,0.97,38.2,7.51,23.8,2.4,19.12,8.75
3705,0.97,3.14,0.97,38.2,7.51,23.8,2.4,19.12,8.75
3710,0.97,3.14,0.97,38.2,7.51,23.8,2.4,19.12,8.75
3715,0.97,3.14,0.97,38.2,7.51,23.8,2.4,19.12,8.75
3720,0.97,3.14,0.97,38.2,7.51,23.8,2.4,19.12,8.75
3725,0.97,3.14,0.97,38.2,7.51,23.8,2.4,19.12,8.75
3730,0.97,3.14,0.97,38.2,7.51,23.8,2.4,19.12,8.75
3735,0.97,3.14,0.97,38.2,7.51,23.8,2.4,19.12,8.75
3740,0.97,3.14,0.97,38.2,7.51,23.8,2.4,19.12,8.75
3745,0.97,3.14,0.97,38.2,7.51,23.8,2.4,19.12,8.75
3750,0.97,3.14,0.97,38.2,7.51,23.8,2.4,19.12,8.75
3755,0.97,3.14,0.97,38.2,7.51,23.8,2.4,19.12,8.75
3760,0.97,3.14,0.97,38.2,7.51,23.8,2.4,19.12,8.75
3765,0.97,3.14,0.97,38.2,7.51,23.8,2.4,19.12,8.75
3770,0.97,3.14,0.97,38.2,7.51,23.8,2.4,19.12,8.75
3775,0.97,3.14,0.97,38.2,7.51,23.8,2.4,19.12,8.75
3780,0.97,3.14,0.97,38.2,7.51,23.8,2.4,19.12,8.75
3785,0.97,3.14,0.97,38.2,7.51,23.8,2.4,19.12,8.75
3790,0.97,3.14,0.97,38.2,7.51,23.8,2.4,19.12,8.75
3795,0.97,3.14,0.97,38.2,7.51,23.8,2.4,19.12,8.75
3800,0.97,3.14,0.97,38.2,7.51,23.8,2.4,19.12,8.75
3805,0.97,3.14,0.97,38.2,7.51,23.8,2.4,19.12,8.75
3810,0.97,3.14,0.97,38.2,7.51,23.8,2.4,19.12,8.75
3815,0.97,3.14,0.97,38.2,7.51,23.8,2.4,19.12,8.75
3820,0.97,3.14,0.97,38.2,7.51,23.8,2.4,19.12,8.75
3825,0.97,3.14,0.97,38.2,7.51,23.8,2.4,19.12,8.75
3830,0.97,3.14,0.97,38.2,7.51,23.8,2.4,19.12,8.75
3835,0.97,3.14,0.97,38.2,7.51,23.8,2.4,19.12,8.75
3840,0.97,3.14,0.97,38.2,7.51,23.8,2.4,19.12,8.75
3845,0.97,3.14,0.97,38.2,7.51,23.8,2.4,19.12,8.75
3850,0.97,3.14,0.97,38.2,7.51,23.8,2.4,19.12,8.75
3855,0.97,3.14,0.97,38.2,7.51,23.8,2.4,19.12,8.75
3860,0.97,3.14,0.97,38.2,7.51,23.8,2.4,19.12,8.75
3865,0.97,3.14,0.97,38.2,7.51,23.8,2.4,19.12,8.75
3870,0.97,3.14,0.97,38.2,7.51,23.8,2.4,19.12,8.75
3875,0.97,3.14,0.97,38.2,7.51,23.8,2.4,19.12,8.75
3880,0.97,3.14,0.97,38.2,7.51,23.8,2.4,19.12,8.75
3885,0.97,3.14,0.97,38.2,7.51,23.8,2.4,19.12,8.75
3890,0.97,3.14,0.97,38.2,7.51,23.8,2.4,19.12,8.75
3895,0.97,3.14,0.97,38.2,7.51,23.8,2.4,19.12,8.75
3900,0.97,3.14,0.97,38.2,7.51,23.8,2.4,19.12,8.75
3905,0.97,3.14,0.97,38.2,7.51,23.8,2.4,19.12,8.75
3910,0.97,3.14,0.97,38.2,7.51,23.8,2.4,19.12,8.75
3915,0.97,3.14,0.97,38.2,7.51,23.8,2.4,19.12,8.75
3920,0.97,3.14,0.97,38.2,7.51,23.8,2.4,19.12,8.75
3925,0.97,3.14,0.97,38.2,7.51,23.8,2.4,19.12,8.75
3930,0.97,3.14,0.97,38.2,7.51,23.8,2.4,19.12,8.75
3935,0.97,3.14,0.97,38.2,7.51,23.8,2.4,19.12,8.75
3940,0.97,3.14,0.97,38.2,7.51,23.8,2.4,19.12,8.75
3945,0.97,3.14,0.97,38.2,7.51,23.8,2.4,19.12,8.75
3950,0.97,3.14,0.97,38.2,7.51,23.8,2.4,19.12,8.75
3955,0.97,3.14,0.97,38.2,7.51,23.8,2.4,19.12,8.75
3960,0.97,3.14,0.97,38.2,7.51,23.8,2.4,19.12,8.75
3965,0.97,3.14,0.97,38.2,7.51,23.8,2.4,19.12,8.75
3970,0.97,3.14,0.97,38.2,7.51,23.8,2.4,19.12,8.75
3975,0.97,3.14,0.97,38.2,7.51,23.8,2.4,19.12,8.75
3980,0.97,3.14,0.97,38.2,7.51,23.8,2.4,19.12,8.75
3985,0.97,3.14,0.97,38.2,7.51,23.8,2.4,19.12,8.75
3990,0.97,3.14,0.97,38.2,7.51,23.8,2.4,19.12,8.75
3995,0.97,3.14,0.97,38.2,7.51,23.8,2.4,19.12,8.75
4000,0.97,3.14,0.97,38.2,7.51,23.8,2.4,19.12,8.75
4005,0.97,3.14,0.97,38.2,7.51,23.8,2.4,19.12,8.75
4010,0.97,3.14,0.97,38.2,7.51,23.8,2.4,19.12,8.75
4015,0.97,3.14,0.97,38.2,7.51,23.8,2.4,19.12,8.75
4020,0.97,3.14,0.97,38.2,7.51,23.8,2.4,19.12,8.75
4025,0.97,3.14,0.97,38.2,7.51,23.8,2.4,19.12,8.75
4030,0.97,3.14,0.97,38.2,7.51,23.8,2.4,19.12,8.75
4035,0.97,3.14,0.97,38.2,7.51,23.8,2.4,19.12,8.75
4040,0.97,3.14,0.97,38.2,7.51,23.8,2.4,19.12,8.75
4045,0.97,3.14,0.97,38.2,7.51,23.8,2.4,19.12,8.75
4050,0.97,3.14,0.97,38.2,7.51,23.8,2.4,19.12,8.75
4055,0.97,3.14,0.97,38.2,7.51,23.8,2.4,19.12,8.75
4060,0.97,3.14,0.97,38.2,7.51,23.8,2.4,19.12,8.75
4065,0.97,3.14,0.97,38.2,7.51,23.8,2.4,19.12,8.75
4070,0.97,3.14,0.97,38.2,7.51,23.8,2.4,19.12,8.75
4075,0.97,3.14,0.97,38.2,7.51,23.8,2.4,19.12,8.75
4080,0.97,3.14,0.97,38.2,7.51,23.8,2.4,19.12,8.75
4085,0.97,3.14,0.97,38.2,7.51,23.8,2.4,19.12,8.75
4090,0.97,3.14,0.97,38.2,7.51,23.8,2.4,19.12,8.75
4095,0.97,3.14,0.97,38.2,7.51,23.8,2.4,19.12,8.75
4100,0.97,3.14,0.97,38.2,7.51,23.8,2.4,19.12,8.75
4105,0.97,3.14,0.97,38.2,7.51,23.8,2.4,19.12,8.75
4110,0.97,3.14,0.97,38.2,7.51,23.8,2.4,19.12,8.75
4115,0.97,3.14,0.97,38.2,7.51,23.8,2.4,19.12,8.75
4120,0.97,3.14,0.97,38.2,7.51,23.8,2.4,19.12,8.75
4125,0.97,3.14,0.97,38.2,7.51,23.8,2.4,19.12,8.75
4130,0.97,3.14,0.97,38.2,7.51,23.8,2.4,19.12,8.75
4135,0.97,3.14,0.97,38.2,7.51,23.8,2.4,19.12,8.75
4140,0.97,3.14,0.97,38.2,7.51,23.8,2.4,19.12,8.75
4145,0.97,3.14,0.97,38.2,7.51,23.8,2.4,19.12,8.75
4150,0.97,3.14,0.97,38.2,7.51,23.8,2.4,19.12,8.75
4155,0.97,3.14,0.97,38.2,7.51,23.8,2.4,19.12,8.75
4160,0.97,3.14,0.97,38.2,7.51,23.8,2.4,19.12,8.75
4165,0.97,3.14,0.97,38.2,7.51,23.8,2.4,19.12,8.75
4170,0.97,3.14,0.97,38.2,7.51,23.8,2.4,19.12,8.75
4175,0.97,3.14,0.97,38.2,7.51,23.8,2.4,19.12,8.75
4180,0.97,3.14,0.97,38.2,7.51,23.8,2.4,19.12,8.75
4185,0.97,3.14,0.97,38.2,7.51,23.8,2.4,19.12,8.75
4190,0.97,3.14,0.97,38.2,7.51,23.8,2.4,19.12,8.75
4195,0.97,3.14,0.97,38.2,7.51,23.8,2.4,19.12,8.75
4200,0.94,2.82,1.09,38.39,7.3,18.43,4.16,16.57,8.71
4205,0.94,2.82,1.09,38.39,7.3,18.43,4.16,16.57,8.71
4210,0.94,2.82,1.09,38.39,7.3,18.43,4.16,16.57,8.71
4215,0.94,2.82,1.09,38.39,7.3,18.43,4.16,16.57,8.71
4220,0.94,2.82,1.09,38.39,7.3,18.43,4.16,16.57,8.71
4225,0.94,2.82,1.09,38.39,7.3,18.43,4.16,16.57,8.71
4230,0.94,2.82,1.09,38.39,7.3,18.43,4.16,16.57,8.71
4235,0.94,2.82,1.09,38.39,7.3,18.43,4.16,16.57,8.71
4240,0.94,2.82,1.09,38.39,7.3,18.43,4.16,16.57,8.71
4245,0.94,2.82,1.09,38.39,7.3,18.43,4.16,16.57,8.71
4250,0.94,2.82,1.09,38.39,7.3,18.43,4.16,16.57,8.71
4255,0.94,2.82,1.09,38.39,7.3,18.43,4.16,16.57,8.71
4260,0.94,2.82,1.09,38.39,7.3,18.43,4.16,16.57,8.71
4265,0.94,2.82,1.09,38.39,7.3,18.43,4.16,16.57,8.71
4270,0.94,2.82,1.09,38.39,7.3,18.43,4.16,16.57,8.71
4275,0.94,2.82,1.09,38.39,7.3,18.43,4.16,16.57,8.71
4280,0.94,2.82,1.09,38.39,7.3,18.43,4.16,16.57,8.71
4285,0.94,2.82,1.09,38.39,7.3,18.43,4.16,16.57,8.71
4290,0.94,2.82,1.09,38.39,7.3,18.43,4.16,16.57,8.71
4295,0.94,2.82,1.09,38.39,7.3,18.43,4.16,16.57,8.71
4300,0.94,2.82,1.09,38.39,7.3,18.43,4.16,16.57,8.71
4305,0.94,2.82,1.09,38.39,7.3,18.43,4.16,16.57,8.71
4310,0.94,2.82,1.09,38.39,7.3,18.43,4.16,16.57,8.71
4315,0.94,2.82,1.09,38.39,7.3,18.43,4.16,16.57,8.71
4320,0.94,2.82,1.09,38.39,7.3,18.43,4.16,16.57,8.71
4325,0.94,2.82,1.09,38.39,7.3,18.43,4.16,16.57,8.71
4330,0.94,2.82,1.09,38.39,7.3,18.43,4.16,16.57,8.71
4335,0.94,2.82,1.09,38.39,7.3,18.43,4.16,16.57,8.71
4340,0.94,2.82,1.09,38.39,7.3,18.43,4.16,16.57,8.71
4345,0.94,2.82,1.09,38.39,7.3,18.43,4.16,16.57,8.71
4350,0.94,2.82,1.09,38.39,7.3,18.43,4.16,16.57,8.71
4355,0.94,2.82,1.09,38.39,7.3,18.43,4.16,16.57,8.71
4360,0.94,2.82,1.09,38.39,7.3,18.43,4.16,16.57,8.71
4365,0.94,2.82,1.09,38.39,7.3,18.43,4.16,16.57,8.71
4370,0.94,2.82,1.09,38.39,7.3,18.43,4.16,16.57,8.71
4375,0.94,2.82,1.09,38.39,7.3,18.43,4.16,16.57,8.71
4380,0.94,2.82,1.09,38.39,7.3,18.43,4.16,16.57,8.71
4385,0.94,2.82,1.09,38.39,7.3,18.43,4.16,16.57,8.71
4390,0.94,2.82,1.09,38.39,7.3,18.43,4.16,16.57,8.71
4395,0.94,2.82,1.09,38.39,7.3,18.43,4.16,16.57,8.71
4400,0.94,2.82,1.09,38.39,7.3,18.43,4.16,16.57,8.71
4405,0.94,2.82,1.09,38.39,7.3,18.43,4.16,16.57,8.71
4410,0.94,2.82,1.09,38.39,7.3,18.43,4.16,16.57,8.71
4415,0.94,2.82,1.09,38.39,7.3,18.43,4.16,16.57,8.71
4420,0.94,2.82,1.09,38.39,7.3,18.43,4.16,16.57,8.71
4425,0.94,2.82,1.09,38.39,7.3,18.43,4.16,16.57,8.71
4430,0.94,2.82,1.09,38.39,7.3,18.43,4.16,16.57,8.71
4435,0.94,2.82,1.09,38.39,7.3,18.43,4.16,16.57,8.71
4440,0.94,2.82,1.09,38.39,7.3,18.43,4.16,16.57,8.71
4445,0.94,2.82,1.09,38.39,7.3,18.43,4.16,16.57,8.71
4450,0.94,2.82,1.09,38.39,7.3,18.43,4.16,16.57,8.71
4455,0.94,2.82,1.09,38.39,7.3,18.43,4.16,16.57,8.71
4460,0.94,2.82,1.09,38.39,7.3,18.43,4.16,16.57,8.71
4465,0.94,2.82,1.09,38.39,7.3,18.43,4.16,16.57,8.71
4470,0.94,2.82,1.09,38.39,7.3,18.43,4.16,16.57,8.71
4475,0.94,2.82,1.09,38.39,7.3,18.43,4.16,16.57,8.71
4480,0.94,2.82,1.09,38.39,7.3,18.43,4.16,16.57,8.71
4485,0.94,2.82,1.09,38.39,7.3,18.43,4.16,16.57,8.71
4490,0.94,2.82,1.09,38.39,7.3,18.43,4.16,16.57,8.71
4495,0.94,2.82,1.09,38.39,7.3,18.43,4.16,16.57,8.71
4500,0.94,2.82,1.09,38.39,7.3,18.43,4.16,16.57,8.71
4505,0.94,2.82,1.09,38.39,7.3,18.43,4.16,16.57,8.71
4510,0.94,2.82,1.09,38.39,7.3,18.43,4.16,16.57,8.71
4515,0.94,2.82,1.09,38.39,7.3,18.43,4.16,16.57,8.71
4520,0.94,2.82,1.09,38.39,7.3,18.43,4.16,16.57,8.71
4525,0.94,2.82,1.09,38.39,7.3,18.43,4.16,16.57,8.71
4530,0.94,2.82,1.09,38.39,7.3,18.43,4.16,16.57,8.71
4535,0.94,2.82,1.09,38.39,7.3,18.43,4.16,16.57,8.71
4540,0.94,2.82,1.09,38.39,7.3,18.43,4.16,16.57,8.71
4545,0.94,2.82,1.09,38.39,7.3,18.43,4.16,16.57,8.71
4550,0.94,2.82,1.09,38.39,7.3,18.43,4.16,16.57,8.71
4555,0.94,2.82,1.09,38.39,7.3,18.43,4.16,16.57,8.71
4560,0.94,2.82,1.09,38.39,7.3,18.43,4.16,16.57,8.71
4565,0.94,2.82,1.09,38.39,7.3,18.43,4.16,16.57,8.71
4570,0.94,2.82,1.09,38.39,7.3,18.43,4.16,16.57,8.71
4575,0.94,2.82,1.09,38.39,7.3,18.43,4.16,16.57,8.71
4580,0.94,2.82,1.09,38.39,7.3,18.43,4.16,16.57,8.71
4585,0.94,2.82,1.09,38.39,7.3,18.43,4.16,16.57,8.71
4590,0.94,2.82,1.09,38.39,7.3,18.43,4.16,16.57,8.71
4595,0.94,2.82,1.09,38.39,7.3,18.43,4.16,16.57,8.71
4600,0.94,2.82,1.09,38.39,7.3,18.43,4.16,16.57,8.71
4605,0.94,2.82,1.09,38.39,7.3,18.43,4.16,16.57,8.71
4610,0.94,2.82,1.09,38.39,7.3,18.43,4.16,16.57,8.71
4615,0.94,2.82,1.09,38.39,7.3,18.43,4.16,16.57,8.71
4620,0.94,2.82,1.09,38.39,7.3,18.43,4.16,16.57,8.71
4625,0.94,2.82,1.09,38.39,7.3,18.43,4.16,16.57,8.71
4630,0.94,2.82,1.09,38.39,7.3,18.43,4.16,16.57,8.71
4635,0.94,2.82,1.09,38.39,7.3,18.43,4.16,16.57,8.71
4640,0.94,2.82,1.09,38.39,7.3,18.43,4.16,16.57,8.71
4645,0.94,2.82,1.09,38.39,7.3,18.43,4.16,16.57,8.71
4650,0.94,2.82,1.09,38.39,7.3,18.43,4.16,16.57,8.71
4655,0.94,2.82,1.09,38.39,7.3,18.43,4.16,16.57,8.71
4660,0.94,2.82,1.09,38.39,7.3,18.43,4.16,16.57,8.71
4665,0.94,2.82,1.09,38.39,7.3,18.43,4.16,16.57,8.71
4670,0.94,2.82,1.09,38.39,7.3,18.43,4.16,16.57,8.71
4675,0.94,2.82,1.09,38.39,7.3,18.43,4.16,16.57,8.71
4680,0.94,2.82,1.09,38.39,7.3,18.43,4.16,16.57,8.71
4685,0.94,2.82,1.09,38.39,7.3,18.43,4.16,16.57,8.71
4690,0.94,2.82,1.09,38.39,7.3,18.43,4.16,16.57,8.71
4695,0.94,2.82,1.09,38.39,7.3,18.43,4.16,16.57,8.71
4700,0.94,2.82,1.09,38.39,7.3,18.43,4.16,16.57,8.71
4705,0.94,2.82,1.09,38.39,7.3,18.43,4.16,16.57,8.71
4710,0.94,2.82,1.09,38.39,7.3,18.43,4.16,16.57,8.71
4715,0.94,2.82,1.09,38.39,7.3,18.43,4.16,16.57,8.71
4720,0.94,2.82,1.09,38.39,7.3,18.43,4.16,16.57,8.71
4725,0.94,2.82,1.09,38.39,7.3,18.43,4.16,16.57,8.71
4730,0.94,2.82,1.09,38.39,7.3,18.43,4.16,16.57,8.71
4735,0.94,2.82,1.09,38.39,7.3,18.43,4.16,16.57,8.71
4740,0.94,2.82,1.09,38.39,7.3,18.43,4.16,16.57,8.71
4745,0.94,2.82,1.09,38.39,7.3,18.43,4.16,16.57,8.71
4750,0.94,2.82,1.09,38.39,7.3,18.43,4.16,16.57,8.71
4755,0.94,2.82,1.09,38.39,7.3,18.43,4.16,16.57,8.71
4760,0.94,2.82,1.09,38.39,7.3,18.43,4.16,16.57,8.71
4765,0.94,2.82,1.09,38.39,7.3,18.43,4.16,16.57,8.71
4770,0.94,2.82,1.09,38.39,7.3,18.43,4.16,16.57,8.71
4775,0.94,2.82,1.09,38.39,7.3,18.43,4.16,16.57,8.71
4780,0.94,2.82,1.09,38.39,7.3,18.43,4.16,16.57,8.71
4785,0.94,2.82,1.09,38.39,7.3,18.43,4.16,16.57,8.71
4790,0.94,2.82,1.09,38.39,7.3,18.43,4.16,16.57,8.71
4795,0.94,2.82,1.09,38.39,7.3,18.43,4.16,16.57,8.71
4800,0.87,2.74,1.13,34.71,7.23,12.43,5.92,14.09,9.27
4805,0.87,2.74,1.13,34.71,7.23,12.43,5.92,14.09,9.27
4810,0.87,2.74,1.13,34.71,7.23,12.43,5.92,14.09,9.27
4815,0.87,2.74,1.13,34.71,7.23,12.43,5.92,14.09,9.27
4820,0.87,2.74,1.13,34.71,7.23,12.43,5.92,14.09,9.27
4825,0.87,2.74,1.13,34.71,7.23,12.43,5.92,14.09,9.27
4830,0.87,2.74,1.13,34.71,7.23,12.43,5.92,14.09,9.27
4835,0.87,2.74,1.13,34.71,7.23,12.43,5.92,14.09,9.27
4840,0.87,2.74,1.13,34.71,7.23,12.43,5.92,14.09,9.27
4845,0.87,2.74,1.13,34.71,7.23,12.43,5.92,14.09,9.27
4850,0.87,2.74,1.13,34.71,7.23,12.43,5.92,14.09,9.27
4855,0.87,2.74,1.13,34.71,7.23,12.43,5.92,14.09,9.27
4860,0.87,2.74,1.13,34.71,7.23,12.43,5.92,14.09,9.27
4865,0.87,2.74,1.13,34.71,7.23,12.43,5.92,14.09,9.27
4870,0.87,2.74,1.13,34.71,7.23,12.43,5.92,14.09,9.27
4875,0.87,2.74,1.13,34.71,7.23,12.43,5.92,14.09,9.27
4880,0.87,2.74,1.13,34.71,7.23,12.43,5.92,14.09,9.27
4885,0.87,2.74,1.13,34.71,7.23,12.43,5.92,14.09,9.27
4890,0.87,2.74,1.13,34.71,7.23,12.43,5.92,14.09,9.27
4895,0.87,2.74,1.13,34.71,7.23,12.43,5.92,14.09,9.27
4900,0.87,2.74,1.13,34.71,7.23,12.43,5.92,14.09,9.27
4905,0.87,2.74,1.13,34.71,7.23,12.43,5.92,14.09,9.27
4910,0.87,2.74,1.13,34.71,7.23,12.43,5.92,14.09,9.27
4915,0.87,2.74,1.13,34.71,7.23,12.43,5.92,14.09,9.27
4920,0.87,2.74,1.13,34.71,7.23,12.43,5.92,14.09,9.27
4925,0.87,2.74,1.13,34.71,7.23,12.43,5.92,14.09,9.27
4930,0.87,2.74,1.13,34.71,7.23,12.43,5.92,14.09,9.27
4935,0.87,2.74,1.13,34.71,7.23,12.43,5.92,14.09,9.27
4940,0.87,2.74,1.13,34.71,7.23,12.43,5.92,14.09,9.27
4945,0.87,2.74,1.13,34.71,7.23,12.43,5.92,14.09,9.27
4950,0.87,2.74,1.13,34.71,7.23,12.43,5.92,14.09,9.27
4955,0.87,2.74,1.13,34.71,7.23,12.43,5.92,14.09,9.27
4960,0.87,2.74,1.13,34.71,7.23,12.43,5.92,14.09,9.27
4965,0.87,2.74,1.13,34.71,7.23,12.43,5.92,14.09,9.27
4970,0.87,2.74,1.13,34.71,7.23,12.43,5.92,14.09,9.27
4975,0.87,2.74,1.13,34.71,7.23,12.43,5.92,14.09,9.27
4980,0.87,2.74,1.13,34.71,7.23,12.43,5.92,14.09,9.27
4985,0.87,2.74,1.13,34.71,7.23,12.43,5.92,14.09,9.27
4990,0.87,2.74,1.13,34.71,7.23,12.43,5.92,14.09,9.27
4995,0.87,2.74,1.13,34.71,7.23,12.43,5.92,14.09,9.27
5000,0.87,2.74,1.13,34.71,7.23,12.43,5.92,14.09,9.27
5005,0.87,2.74,1.13,34.71,7.23,12.43,5.92,14.09,9.27
5010,0.87,2.74,1.13,34.71,7.23,12.43,5.92,14.09,9.27
5015,0.87,2.74,1.13,34.71,7.23,12.43,5.92,14.09,9.27
5020,0.87,2.74,1.13,34.71,7.23,12.43,5.92,14.09,9.27
5025,0.87,2.74,1.13,34.71,7.23,12.43,5.92,14.09,9.27
5030,0.87,2.74,1.13,34.71,7.23,12.43,5.92,14.09,9.27
5035,0.87,2.74,1.13,34.71,7.23,12.43,5.92,14.09,9.27
5040,0.87,2.74,1.13,34.71,7.23,12.43,5.92,14.09,9.27
5045,0.87,2.74,1.13,34.71,7.23,12.43,5.92,14.09,9.27
5050,0.87,2.74,1.13,34.71,7.23,12.43,5.92,14.09,9.27
5055,0.87,2.74,1.13,34.71,7.23,12.43,5.92,14.09,9.27
5060,0.87,2.74,1.13,34.71,7.23,12.43,5.92,14.09,9.27
5065,0.87,2.74,1.13,34.71,7.23,12.43,5.92,14.09,9.27
5070,0.87,2.74,1.13,34.71,7.23,12.43,5.92,14.09,9.27
5075,0.87,2.74,1.13,34.71,7.23,12.43,5.92,14.09,9.27
5080,0.87,2.74,1.13,34.71,7.23,12.43,5.92,14.09,9.27
5085,0.87,2.74,1.13,34.71,7.23,12.43,5.92,14.09,9.27
5090,0.87,2.74,1.13,34.71,7.23,12.43,5.92,14.09,9.27
5095,0.87,2.74,1.13,34.71,7.23,12.43,5.92,14.09,9.27
5100,0.87,2.74,1.13,34.71,7.23,12.43,5.92,14.09,9.27
5105,0.87,2.74,1.13,34.71,7.23,12.43,5.92,14.09,9.27
5110,0.87,2.74,1.13,34.71,7.23,12.43,5.92,14.09,9.27
5115,0.87,2.74,1.13,34.71,7.23,12.43,5.92,14.09,9.27
5120,0.87,2.74,1.13,34.71,7.23,12.43,5.92,14.09,9.27
5125,0.87,2.74,1.13,34.71,7.23,12.43,5.92,14.09,9.27
5130,0.87,2.74,1.13,34.71,7.23,12.43,5.92,14.09,9.27
5135,0.87,2.74,1.13,34.71,7.23,12.43,5.92,14.09,9.27
5140,0.87,2.74,1.13,34.71,7.23,12.43,5.92,14.09,9.27
5145,0.87,2.74,1.13,34.71,7.23,12.43,5.92,14.09,9.27
5150,0.87,2.74,1.13,34.71,7.23,12.43,5.92,14.09,9.27
5155,0.87,2.74,1.13,34.71,7.23,12.43,5.92,14.09,9.27
5160,0.87,2.74,1.13,34.71,7.23,12.43,5.92,14.09,9.27
5165,0.87,2.74,1.13,34.71,7.23,12.43,5.92,14.09,9.27
5170,0.87,2.74,1.13,34.71,7.23,12.43,5.92,14.09,9.27
5175,0.87,2.74,1.13,34.71,7.23,12.43,5.92,14.09,9.27
5180,0.87,2.74,1.13,34.71,7.23,12.43,5.92,14.09,9.27
5185,0.87,2.74,1.13,34.71,7.23,12.43,5.92,14.09,9.27
5190,0.87,2.74,1.13,34.71,7.23,12.43,5.92,14.09,9.27
5195,0.87,2.74,1.13,34.71,7.23,12.43,5.92,14.09,9.27
5200,0.87,2.74,1.13,34.71,7.23,12.43,5.92,14.09,9.27
5205,0.87,2.74,1.13,34.71,7.23,12.43,5.92,14.09,9.27
5210,0.87,2.74,1.13,34.71,7.23,12.43,5.92,14.09,9.27
5215,0.87,2.74,1.13,34.71,7.23,12.43,5.92,14.09,9.27
5220,0.87,2.74,1.13,34.71,7.23,12.43,5.92,14.09,9.27
5225,0.87,2.74,1.13,34.71,7.23,12.43,5.92,14.09,9.27
5230,0.87,2.74,1.13,34.71,7.23,12.43,5.92,14.09,9.27
5235,0.87,2.74,1.13,34.71,7.23,12.43,5.92,14.09,9.27
5240,0.87,2.74,1.13,34.71,7.23,12.43,5.92,14.09,9.27
5245,0.87,2.74,1.13,34.71,7.23,12.43,5.92,14.09,9.27
5250,0.87,2.74,1.13,34.71,7.23,12.43,5.92,14.09,9.27
5255,0.87,2.74,1.13,34.71,7.23,12.43,5.92,14.09,9.27
5260,0.87,2.74,1.13,34.71,7.23,12.43,5.92,14.09,9.27
5265,0.87,2.74,1.13,34.71,7.23,12.43,5.92,14.09,9.27
5270,0.87,2.74,1.13,34.71,7.23,12.43,5.92,14.09,9.27
5275,0.87,2.74,1.13,34.71,7.23,12.43,5.92,14.09,9.27
5280,0.87,2.74,1.13,34.71,7.23,12.43,5.92,14.09,9.27
5285,0.87,2.74,1.13,34.71,7.23,12.43,5.92,14.09,9.27
5290,0.87,2.74,1.13,34.71,7.23,12.43,5.92,14.09,9.27
5295,0.87,2.74,1.13,34.71,7.23,12.43,5.92,14.09,9.27
5300,0.87,2.74,1.13,34.71,7.23,12.43,5.92,14.09,9.27
5305,0.87,2.74,1.13,34.71,7.23,12.43,5.92,14.09,9.27
5310,0.87,2.74,1.13,34.71,7.23,12.43,5.92,14.09,9.27
5315,0.87,2.74,1.13,34.71,7.23,12.43,5.92,14.09,9.27
5320,0.87,2.74,1.13,34.71,7.23,12.43,5.92,14.09,9.27
5325,0.87,2.74,1.13,34.71,7.23,12.43,5.92,14.09,9.27
5330,0.87,2.74,1.13,34.71,7.23,12.43,5.92,14.09,9.27
5335,0.87,2.74,1.13,34.71,7.23,12.43,5.92,14.09,9.27
5340,0.87,2.74,1.13,34.71,7.23,12.43,5.92,14.09,9.27
5345,0.87,2.74,1.13,34.71,7.23,12.43,5.92,14.09,9.27
5350,0.87,2.74,1.13,34.71,7.23,12.43,5.92,14.09,9.27
5355,0.87,2.74,1.13,34.71,7.23,12.43,5.92,14.09,9.27
5360,0.87,2.74,1.13,34.71,7.23,12.43,5.92,14.09,9.27
5365,0.87,2.74,1.13,34.71,7.23,12.43,5.92,14.09,9.27
5370,0.87,2.74,1.13,34.71,7.23,12.43,5.92,14.09,9.27
5375,0.87,2.74,1.13,34.71,7.23,12.43,5.92,14.09,9.27
5380,0.87,2.74,1.13,34.71,7.23,12.43,5.92,14.09,9.27
5385,0.87,2.74,1.13,34.71,7.23,12.43,5.92,14.09,9.27
5390,0.87,2.74,1.13,34.71,7.23,12.43,5.92,14.09,9.27
5395,0.87,2.74,1.13,34.71,7.23,12.43,5.92,14.09,9.27
5400,0.82,5.91,1.11,32.75,6.98,6.44,7.5,11.71,9.2
5405,0.82,5.91,1.11,32.75,6.98,6.44,7.5,11.71,9.2
5410,0.82,5.91,1.11,32.75,6.98,6.44,7.5,11.71,9.2
5415,0.82,5.91,1.11,32.75,6.98,6.44,7.5,11.71,9.2
5420,0.82,5.91,1.11,32.75,6.98,6.44,7.5,11.71,9.2
5425,0.82,5.91,1.11,32.75,6.98,6.44,7.5,11.71,9.2
5430,0.82,5.91,1.11,32.75,6.98,6.44,7.5,11.71,9.2
5435,0.82,5.91,1.11,32.75,6.98,6.44,7.5,11.71,9.2
5440,0.82,5.91,1.11,32.75,6.98,6.44,7.5,11.71,9.2
5445,0.82,5.91,1.11,32.75,6.98,6.44,7.5,11.71,9.2
5450,0.82,5.91,1.11,32.75,6.98,6.44,7.5,11.71,9.2
5455,0.82,5.91,1.11,32.75,6.98,6.44,7.5,11.71,9.2
5460,0.82,5.91,1.11,32.75,6.98,6.44,7.5,11.71,9.2
5465,0.82,5.91,1.11,32.75,6.98,6.44,7.5,11.71,9.2
5470,0.82,5.91,1.11,32.75,6.98,6.44,7.5,11.71,9.2
5475,0.82,5.91,1.11,32.75,6.98,6.44,7.5,11.71,9.2
5480,0.82,5.91,1.11,32.75,6.98,6.44,7.5,11.71,9.2
5485,0.82,5.91,1.11,32.75,6.98,6.44,7.5,11.71,9.2
5490,0.82,5.91,1.11,32.75,6.98,6.44,7.5,11.71,9.2
5495,0.82,5.91,1.11,32.75,6.98,6.44,7.5,11.71,9.2
5500,0.82,5.91,1.11,32.75,6.98,6.44,7.5,11.71,9.2
5505,0.82,5.91,1.11,32.75,6.98,6.44,7.5,11.71,9.2
5510,0.82,5.91,1.11,32.75,6.98,6.44,7.5,11.71,9.2
5515,0.82,5.91,1.11,32.75,6.98,6.44,7.5,11.71,9.2
5520,0.82,5.91,1.11,32.75,6.98,6.44,7.5,11.71,9.2
5525,0.82,5.91,1.11,32.75,6.98,6.44,7.5,11.71,9.2
5530,0.82,5.91,1.11,32.75,6.98,6.44,7.5,11.71,9.2
5535,0.82,5.91,1.11,32.75,6.98,6.44,7.5,11.71,9.2
5540,0.82,5.91,1.11,32.75,6.98,6.44,7.5,11.71,9.2
5545,0.82,5.91,1.11,32.75,6.98,6.44,7.5,11.71,9.2
5550,0.82,5.91,1.11,32.75,6.98,6.44,7.5,11.71,9.2
5555,0.82,5.91,1.11,32.75,6.98,6.44,7.5,11.71,9.2
5560,0.82,5.91,1.11,32.75,6.98,6.44,7.5,11.71,9.2
5565,0.82,5.91,1.11,32.75,6.98,6.44,7.5,11.71,9.2
5570,0.82,5.91,1.11,32.75,6.98,6.44,7.5,11.71,9.2
5575,0.82,5.91,1.11,32.75,6.98,6.44,7.5,11.71,9.2
5580,0.82,5.91,1.11,32.75,6.98,6.44,7.5,11.71,9.2
5585,0.82,5.91,1.11,32.75,6.98,6.44,7.5,11.71,9.2
5590,0.82,5.91,1.11,32.75,6.98,6.44,7.5,11.71,9.2
5595,0.82,5.91,1.11,32.75,6.98,6.44,7.5,11.71,9.2
5600,0.82,5.91,1.11,32.75,6.98,6.44,7.5,11.71,9.2
5605,0.82,5.91,1.11,32.75,6.98,6.44,7.5,11.71,9.2
5610,0.82,5.91,1.11,32.75,6.98,6.44,7.5,11.71,9.2
5615,0.82,5.91,1.11,32.75,6.98,6.44,7.5,11.71,9.2
5620,0.82,5.91,1.11,32.75,6.98,6.44,7.5,11.71,9.2
5625,0.82,5.91,1.11,32.75,6.98,6.44,7.5,11.71,9.2
5630,0.82,5.91,1.11,32.75,6.98,6.44,7.5,11.71,9.2
5635,0.82,5.91,1.11,32.75,6.98,6.44,7.5,11.71,9.2
5640,0.82,5.91,1.11,32.75,6.98,6.44,7.5,11.71,9.2
5645,0.82,5.91,1.11,32.75,6.98,6.44,7.5,11.71,9.2
5650,0.82,5.91,1.11,32.75,6.98,6.44,7.5,11.71,9.2
5655,0.82,5.91,1.11,32.75,6.98,6.44,7.5,11.71,9.2
5660,0.82,5.91,1.11,32.75,6.98,6.44,7.5,11.71,9.2
5665,0.82,5.91,1.11,32.75,6.98,6.44,7.5,11.71,9.2
5670,0.82,5.91,1.11,32.75,6.98,6.44,7.5,11.71,9.2
5675,0.82,5.91,1.11,32.75,6.98,6.44,7.5,11.71,9.2
5680,0.82,5.91,1.11,32.75,6.98,6.44,7.5,11.71,9.2
5685,0.82,5.91,1.11,32.75,6.98,6.44,7.5,11.71,9.2
5690,0.82,5.91,1.11,32.75,6.98,6.44,7.5,11.71,9.2
5695,0.82,5.91,1.11,32.75,6.98,6.44,7.5,11.71,9.2
5700,0.82,5.91,1.11,32.75,6.98,6.44,7.5,11.71,9.2
5705,0.82,5.91,1.11,32.75,6.98,6.44,7.5,11.71,9.2
5710,0.82,5.91,1.11,32.75,6.98,6.44,7.5,11.71,9.2
5715,0.82,5.91,1.11,32.75,6.98,6.44,7.5,11.71,9.2
5720,0.82,5.91,1.11,32.75,6.98,6.44,7.5,11.71,9.2
5725,0.82,5.91,1.11,32.75,6.98,6.44,7.5,11.71,9.2
5730,0.82,5.91,1.11,32.75,6.98,6.44,7.5,11.71,9.2
5735,0.82,5.91,1.11,32.75,6.98,6.44,7.5,11.71,9.2
5740,0.82,5.91,1.11,32.75,6.98,6.44,7.5,11.71,9.2
5745,0.82,5.91,1.11,32.75,6.98,6.44,7.5,11.71,9.2
5750,0.82,5.91,1.11,32.75,6.98,6.44,7.5,11.71,9.2
5755,0.82,5.91,1.11,32.75,6.98,6.44,7.5,11.71,9.2
5760,0.82,5.91,1.11,32.75,6.98,6.44,7.5,11.71,9.2
5765,0.82,5.91,1.11,32.75,6.98,6.44,7.5,11.71,9.2
5770,0.82,5.91,1.11,32.75,6.98,6.44,7.5,11.71,9.2
5775,0.82,5.91,1.11,32.75,6.98,6.44,7.5,11.71,9.2
5780,0.82,5.91,1.11,32.75,6.98,6.44,7.5,11.71,9.2
5785,0.82,5.91,1.11,32.75,6.98,6.44,7.5,11.71,9.2
5790,0.82,5.91,1.11,32.75,6.98,6.44,7.5,11.71,9.2
5795,0.82,5.91,1.11,32.75,6.98,6.44,7.5,11.71,9.2
5800,0.82,5.91,1.11,32.75,6.98,6.44,7.5,11.71,9.2
5805,0.82,5.91,1.11,32.75,6.98,6.44,7.5,11.71,9.2
5810,0.82,5.91,1.11,32.75,6.98,6.44,7.5,11.71,9.2
5815,0.82,5.91,1.11,32.75,6.98,6.44,7.5,11.71,9.2
5820,0.82,5.91,1.11,32.75,6.98,6.44,7.5,11.71,9.2
5825,0.82,5.91,1.11,32.75,6.98,6.44,7.5,11.71,9.2
5830,0.82,5.91,1.11,32.75,6.98,6.44,7.5,11.71,9.2
5835,0.82,5.91,1.11,32.75,6.98,6.44,7.5,11.71,9.2
5840,0.82,5.91,1.11,32.75,6.98,6.44,7.5,11.71,9.2
5845,0.82,5.91,1.11,32.75,6.98,6.44,7.5,11.71,9.2
5850,0.82,5.91,1.11,32.75,6.98,6.44,7.5,11.71,9.2
5855,0.82,5.91,1.11,32.75,6.98,6.44,7.5,11.71,9.2
5860,0.82,5.91,1.11,32.75,6.98,6.44,7.5,11.71,9.2
5865,0.82,5.91,1.11,32.75,6.98,6.44,7.5,11.71,9.2
5870,0.82,5.91,1.11,32.75,6.98,6.44,7.5,11.71,9.2
5875,0.82,5.91,1.11,32.75,6.98,6.44,7.5,11.71,9.2
5880,0.82,5.91,1.11,32.75,6.98,6.44,7.5,11.71,9.2
5885,0.82,5.91,1.11,32.75,6.98,6.44,7.5,11.71,9.2
5890,0.82,5.91,1.11,32.75,6.98,6.44,7.5,11.71,9.2
5895,0.82,5.91,1.11,32.75,6.98,6.44,7.5,11.71,9.2
5900,0.82,5.91,1.11,32.75,6.98,6.44,7.5,11.71,9.2
5905,0.82,5.91,1.11,32.75,6.98,6.44,7.5,11.71,9.2
5910,0.82,5.91,1.11,32.75,6.98,6.44,7.5,11.71,9.2
5915,0.82,5.91,1.11,32.75,6.98,6.44,7.5,11.71,9.2
5920,0.82,5.91,1.11,32.75,6.98,6.44,7.5,11.71,9.2
5925,0.82,5.91,1.11,32.75,6.98,6.44,7.5,11.71,9.2
5930,0.82,5.91,1.11,32.75,6.98,6.44,7.5,11.71,9.2
5935,0.82,5.91,1.11,32.75,6.98,6.44,7.5,11.71,9.2
5940,0.82,5.91,1.11,32.75,6.98,6.44,7.5,11.71,9.2
5945,0.82,5.91,1.11,32.75,6.98,6.44,7.5,11.71,9.2
5950,0.82,5.91,1.11,32.75,6.98,6.44,7.5,11.71,9.2
5955,0.82,5.91,1.11,32.75,6.98,6.44,7.5,11.71,9.2
5960,0.82,5.91,1.11,32.75,6.98,6.44,7.5,11.71,9.2
5965,0.82,5.91,1.11,32.75,6.98,6.44,7.5,11.71,9.2
5970,0.82,5.91,1.11,32.75,6.98,6.44,7.5,11.71,9.2
5975,0.82,5.91,1.11,32.75,6.98,6.44,7.5,11.71,9.2
5980,0.82,5.91,1.11,32.75,6.98,6.44,7.5,11.71,9.2
5985,0.82,5.91,1.11,32.75,6.98,6.44,7.5,11.71,9.2
5990,0.82,5.91,1.11,32.75,6.98,6.44,7.5,11.71,9.2
5995,0.82,5.91,1.11,32.75,6.98,6.44,7.5,11.71,9.2
6000,0.76,5.69,0.85,28.71,7.19,7.09,9.34,8.69,9.72
