ts,changsha,foshan,fuzhou,guangzhou,guiyang,kunming,nanchang,nanning,xiamen
50,18.28,0.11,23.96,7.1,25.86,11.75,5.12,19.25,10.13
55,18.28,0.11,23.96,7.1,25.86,11.75,5.12,19.25,10.13
60,18.28,0.11,23.96,7.1,25.86,11.75,5.12,19.25,10.13
65,18.28,0.11,23.96,7.1,25.86,11.75,5.12,19.25,10.13
70,18.28,0.11,23.96,7.1,25.86,11.75,5.12,19.25,10.13
75,18.28,0.11,23.96,7.1,25.86,11.75,5.12,19.25,10.13
80,18.28,0.11,23.96,7.1,25.86,11.75,5.12,19.25,10.13
85,18.28,0.11,23.96,7.1,25.86,11.75,5.12,19.25,10.13
90,18.28,0.11,23.96,7.1,25.86,11.75,5.12,19.25,10.13
95,18.28,0.11,23.96,7.1,25.86,11.75,5.12,19.25,10.13
100,18.28,0.11,23.96,7.1,25.86,11.75,5.12,19.25,10.13
105,18.28,0.11,23.96,7.1,25.86,11.75,5.12,19.25,10.13
110,18.28,0.11,23.96,7.1,25.86,11.75,5.12,19.25,10.13
115,18.28,0.11,23.96,7.1,25.86,11.75,5.12,19.25,10.13
120,18.28,0.11,23.96,7.1,25.86,11.75,5.12,19.25,10.13
125,18.28,0.11,23.96,7.1,25.86,11.75,5.12,19.25,10.13
130,18.28,0.11,23.96,7.1,25.86,11.75,5.12,19.25,10.13
135,18.28,0.11,23.96,7.1,25.86,11.75,5.12,19.25,10.13
140,18.28,0.11,23.96,7.1,25.86,11.75,5.12,19.25,10.13
145,18.28,0.11,23.96,7.1,25.86,11.75,5.12,19.25,10.13
150,18.28,0.11,23.96,7.1,25.86,11.75,5.12,19.25,10.13
155,18.28,0.11,23.96,7.1,25.86,11.75,5.12,19.25,10.13
160,18.28,0.11,23.96,7.1,25.86,11.75,5.12,19.25,10.13
165,18.28,0.11,23.96,7.1,25.86,11.75,5.12,19.25,10.13
170,18.28,0.11,23.96,7.1,25.86,11.75,5.12,19.25,10.13
175,18.28,0.11,23.96,7.1,25.86,11.75,5.12,19.25,10.13
180,18.28,0.11,23.96,7.1,25.86,11.75,5.12,19.25,10.13
185,18.28,0.11,23.96,7.1,25.86,11.75,5.12,19.25,10.13
190,18.28,0.11,23.96,7.1,25.86,11.75,5.12,19.25,10.13
195,18.28,0.11,23.96,7.1,25.86,11.75,5.12,19.25,10.13
200,18.28,0.11,23.96,7.1,25.86,11.75,5.12,19.25,10.13
205,18.28,0.11,23.96,7.1,25.86,11.75,5.12,19.25,10.13
210,18.28,0.11,23.96,7.1,25.86,11.75,5.12,19.25,10.13
215,18.28,0.11,23.96,7.1,25.86,11.75,5.12,19.25,10.13
220,18.28,0.11,23.96,7.1,25.86,11.75,5.12,19.25,10.13
225,18.28,0.11,23.96,7.1,25.86,11.75,5.12,19.25,10.13
230,18.28,0.11,23.96,7.1,25.86,11.75,5.12,19.25,10.13
235,18.28,0.11,23.96,7.1,25.86,11.75,5.12,19.25,10.13
240,18.28,0.11,23.96,7.1,25.86,11.75,5.12,19.25,10.13
245,18.28,0.11,23.96,7.1,25.86,11.75,5.12,19.25,10.13
250,18.28,0.11,23.96,7.1,25.86,11.75,5.12,19.25,10.13
255,18.28,0.11,23.96,7.1,25.86,11.75,5.12,19.25,10.13
260,18.28,0.11,23.96,7.1,25.86,11.75,5.12,19.25,10.13
265,18.28,0.11,23.96,7.1,25.86,11.75,5.12,19.25,10.13
270,18.28,0.11,23.96,7.1,25.86,11.75,5.12,19.25,10.13
275,18.28,0.11,23.96,7.1,25.86,11.75,5.12,19.25,10.13
280,18.28,0.11,23.96,7.1,25.86,11.75,5.12,19.25,10.13
285,18.28,0.11,23.96,7.1,25.86,11.75,5.12,19.25,10.13
290,18.28,0.11,23.96,7.1,25.86,11.75,5.12,19.25,10.13
295,18.28,0.11,23.96,7.1,25.86,11.75,5.12,19.25,10.13
300,18.28,0.11,23.96,7.1,25.86,11.75,5.12,19.25,10.13
305,18.28,0.11,23.96,7.1,25.86,11.75,5.12,19.25,10.13
310,18.28,0.11,23.96,7.1,25.86,11.75,5.12,19.25,10.13
315,18.28,0.11,23.96,7.1,25.86,11.75,5.12,19.25,10.13
320,18.28,0.11,23.96,7.1,25.86,11.75,5.12,19.25,10.13
325,18.28,0.11,23.96,7.1,25.86,11.75,5.12,19.25,10.13
330,18.28,0.11,23.96,7.1,25.86,11.75,5.12,19.25,10.13
335,18.28,0.11,23.96,7.1,25.86,11.75,5.12,19.25,10.13
340,18.28,0.11,23.96,7.1,25.86,11.75,5.12,19.25,10.13
345,18.28,0.11,23.96,7.1,25.86,11.75,5.12,19.25,10.13
350,18.28,0.11,23.96,7.1,25.86,11.75,5.12,19.25,10.13
355,18.28,0.11,23.96,7.1,25.86,11.75,5.12,19.25,10.13
360,18.28,0.11,23.96,7.1,25.86,11.75,5.12,19.25,10.13
365,18.28,0.11,23.96,7.1,25.86,11.75,5.12,19.25,10.13
370,18.28,0.11,23.96,7.1,25.86,11.75,5.12,19.25,10.13
375,18.28,0.11,23.96,7.1,25.86,11.75,5.12,19.25,10.13
380,18.28,0.11,23.96,7.1,25.86,11.75,5.12,19.25,10.13
385,18.28,0.11,23.96,7.1,25.86,11.75,5.12,19.25,10.13
390,18.28,0.11,23.96,7.1,25.86,11.75,5.12,19.25,10.13
395,18.28,0.11,23.96,7.1,25.86,11.75,5.12,19.25,10.13
400,18.28,0.11,23.96,7.1,25.86,11.75,5.12,19.25,10.13
405,18.28,0.11,23.96,7.1,25.86,11.75,5.12,19.25,10.13
410,18.28,0.11,23.96,7.1,25.86,11.75,5.12,19.25,10.13
415,18.28,0.11,23.96,7.1,25.86,11.75,5.12,19.25,10.13
420,18.28,0.11,23.96,7.1,25.86,11.75,5.12,19.25,10.13
425,18.28,0.11,23.96,7.1,25.86,11.75,5.12,19.25,10.13
430,18.28,0.11,23.96,7.1,25.86,11.75,5.12,19.25,10.13
435,18.28,0.11,23.96,7.1,25.86,11.75,5.12,19.25,10.13
440,18.28,0.11,23.96,7.1,25.86,11.75,5.12,19.25,10.13
445,18.28,0.11,23.96,7.1,25.86,11.75,5.12,19.25,10.13
450,18.28,0.11,23.96,7.1,25.86,11.75,5.12,19.25,10.13
455,18.28,0.11,23.96,7.1,25.86,11.75,5.12,19.25,10.13
460,18.28,0.11,23.96,7.1,25.86,11.75,5.12,19.25,10.13
465,18.28,0.11,23.96,7.1,25.86,11.75,5.12,19.25,10.13
470,18.28,0.11,23.96,7.1,25.86,11.75,5.12,19.25,10.13
475,18.28,0.11,23.96,7.1,25.86,11.75,5.12,19.25,10.13
480,18.28,0.11,23.96,7.1,25.86,11.75,5.12,19.25,10.13
485,18.28,0.11,23.96,7.1,25.86,11.75,5.12,19.25,10.13
490,18.28,0.11,23.96,7.1,25.86,11.75,5.12,19.25,10.13
495,18.28,0.11,23.96,7.1,25.86,11.75,5.12,19.25,10.13
500,18.28,0.11,23.96,7.1,25.86,11.75,5.12,19.25,10.13
505,18.28,0.11,23.96,7.1,25.86,11.75,5.12,19.25,10.13
510,18.28,0.11,23.96,7.1,25.86,11.75,5.12,19.25,10.13
515,18.28,0.11,23.96,7.1,25.86,11.75,5.12,19.25,10.13
520,18.28,0.11,23.96,7.1,25.86,11.75,5.12,19.25,10.13
525,18.28,0.11,23.96,7.1,25.86,11.75,5.12,19.25,10.13
530,18.28,0.11,23.96,7.1,25.86,11.75,5.12,19.25,10.13
535,18.28,0.11,23.96,7.1,25.86,11.75,5.12,19.25,10.13
540,18.28,0.11,23.96,7.1,25.86,11.75,5.12,19.25,10.13
545,18.28,0.11,23.96,7.1,25.86,11.75,5.12,19.25,10.13
550,18.28,0.11,23.96,7.1,25.86,11.75,5.12,19.25,10.13
555,18.28,0.11,23.96,7.1,25.86,11.75,5.12,19.25,10.13
560,18.28,0.11,23.96,7.1,25.86,11.75,5.12,19.25,10.13
565,18.28,0.11,23.96,7.1,25.86,11.75,5.12,19.25,10.13
570,18.28,0.11,23.96,7.1,25.86,11.75,5.12,19.25,10.13
575,18.28,0.11,23.96,7.1,25.86,11.75,5.12,19.25,10.13
580,18.28,0.11,23.96,7.1,25.86,11.75,5.12,19.25,10.13
585,18.28,0.11,23.96,7.1,25.86,11.75,5.12,19.25,10.13
590,18.28,0.11,23.96,7.1,25.86,11.75,5.12,19.25,10.13
595,18.28,0.11,23.96,7.1,25.86,11.75,5.12,19.25,10.13
600,18.23,0.16,25.47,7.12,26.2,10.52,6.25,18.82,10.03
605,18.23,0.16,25.47,7.12,26.2,10.52,6.25,18.82,10.03
610,18.23,0.16,25.47,7.12,26.2,10.52,6.25,18.82,10.03
615,18.23,0.16,25.47,7.12,26.2,10.52,6.25,18.82,10.03
620,18.23,0.16,25.47,7.12,26.2,10.52,6.25,18.82,10.03
625,18.23,0.16,25.47,7.12,26.2,10.52,6.25,18.82,10.03
630,18.23,0.16,25.47,7.12,26.2,10.52,6.25,18.82,10.03
635,18.23,0.16,25.47,7.12,26.2,10.52,6.25,18.82,10.03
640,18.23,0.16,25.47,7.12,26.2,10.52,6.25,18.82,10.03
645,18.23,0.16,25.47,7.12,26.2,10.52,6.25,18.82,10.03
650,18.23,0.16,25.47,7.12,26.2,10.52,6.25,18.82,10.03
655,18.23,0.16,25.47,7.12,26.2,10.52,6.25,18.82,10.03
660,18.23,0.16,25.47,7.12,26.2,10.52,6.25,18.82,10.03
665,18.23,0.16,25.47,7.12,26.2,10.52,6.25,18.82,10.03
670,18.23,0.16,25.47,7.12,26.2,10.52,6.25,18.82,10.03
675,18.23,0.16,25.47,7.12,26.2,10.52,6.25,18.82,10.03
680,18.23,0.16,25.47,7.12,26.2,10.52,6.25,18.82,10.03
685,18.23,0.16,25.47,7.12,26.2,10.52,6.25,18.82,10.03
690,18.23,0.16,25.47,7.12,26.2,10.52,6.25,18.82,10.03
695,18.23,0.16,25.47,7.12,26.2,10.52,6.25,18.82,10.03
700,18.23,0.16,25.47,7.12,26.2,10.52,6.25,18.82,10.03
705,18.23,0.16,25.47,7.12,26.2,10.52,6.25,18.82,10.03
710,18.23,0.16,25.47,7.12,26.2,10.52,6.25,18.82,10.03
715,18.23,0.16,25.47,7.12,26.2,10.52,6.25,18.82,10.03
720,18.23,0.16,25.47,7.12,26.2,10.52,6.25,18.82,10.03
725,18.23,0.16,25.47,7.12,26.2,10.52,6.25,18.82,10.03
730,18.23,0.16,25.47,7.12,26.2,10.52,6.25,18.82,10.03
735,18.23,0.16,25.47,7.12,26.2,10.52,6.25,18.82,10.03
740,18.23,0.16,25.47,7.12,26.2,10.52,6.25,18.82,10.03
745,18.23,0.16,25.47,7.12,26.2,10.52,6.25,18.82,10.03
750,18.23,0.16,25.47,7.12,26.2,10.52,6.25,18.82,10.03
755,18.23,0.16,25.47,7.12,26.2,10.52,6.25,18.82,10.03
760,18.23,0.16,25.47,7.12,26.2,10.52,6.25,18.82,10.03
765,18.23,0.16,25.47,7.12,26.2,10.52,6.25,18.82,10.03
770,18.23,0.16,25.47,7.12,26.2,10.52,6.25,18.82,10.03
775,18.23,0.16,25.47,7.12,26.2,10.52,6.25,18.82,10.03
780,18.23,0.16,25.47,7.12,26.2,10.52,6.25,18.82,10.03
785,18.23,0.16,25.47,7.12,26.2,10.52,6.25,18.82,10.03
790,18.23,0.16,25.47,7.12,26.2,10.52,6.25,18.82,10.03
795,18.23,0.16,25.47,7.12,26.2,10.52,6.25,18.82,10.03
800,18.23,0.16,25.47,7.12,26.2,10.52,6.25,18.82,10.03
805,18.23,0.16,25.47,7.12,26.2,10.52,6.25,18.82,10.03
810,18.23,0.16,25.47,7.12,26.2,10.52,6.25,18.82,10.03
815,18.23,0.16,25.47,7.12,26.2,10.52,6.25,18.82,10.03
820,18.23,0.16,25.47,7.12,26.2,10.52,6.25,18.82,10.03
825,18.23,0.16,25.47,7.12,26.2,10.52,6.25,18.82,10.03
830,18.23,0.16,25.47,7.12,26.2,10.52,6.25,18.82,10.03
835,18.23,0.16,25.47,7.12,26.2,10.52,6.25,18.82,10.03
840,18.23,0.16,25.47,7.12,26.2,10.52,6.25,18.82,10.03
845,18.23,0.16,25.47,7.12,26.2,10.52,6.25,18.82,10.03
850,18.23,0.16,25.47,7.12,26.2,10.52,6.25,18.82,10.03
855,18.23,0.16,25.47,7.12,26.2,10.52,6.25,18.82,10.03
860,18.23,0.16,25.47,7.12,26.2,10.52,6.25,18.82,10.03
865,18.23,0.16,25.47,7.12,26.2,10.52,6.25,18.82,10.03
870,18.23,0.16,25.47,7.12,26.2,10.52,6.25,18.82,10.03
875,18.23,0.16,25.47,7.12,26.2,10.52,6.25,18.82,10.03
880,18.23,0.16,25.47,7.12,26.2,10.52,6.25,18.82,10.03
885,18.23,0.16,25.47,7.12,26.2,10.52,6.25,18.82,10.03
890,18.23,0.16,25.47,7.12,26.2,10.52,6.25,18.82,10.03
895,18.23,0.16,25.47,7.12,26.2,10.52,6.25,18.82,10.03
900,18.23,0.16,25.47,7.12,26.2,10.52,6.25,18.82,10.03
905,18.23,0.16,25.47,7.12,26.2,10.52,6.25,18.82,10.03
910,18.23,0.16,25.47,7.12,26.2,10.52,6.25,18.82,10.03
915,18.23,0.16,25.47,7.12,26.2,10.52,6.25,18.82,10.03
920,18.23,0.16,25.47,7.12,26.2,10.52,6.25,18.82,10.03
925,18.23,0.16,25.47,7.12,26.2,10.52,6.25,18.82,10.03
930,18.23,0.16,25.47,7.12,26.2,10.52,6.25,18.82,10.03
935,18.23,0.16,25.47,7.12,26.2,10.52,6.25,18.82,10.03
940,18.23,0.16,25.47,7.12,26.2,10.52,6.25,18.82,10.03
945,18.23,0.16,25.47,7.12,26.2,10.52,6.25,18.82,10.03
950,18.23,0.16,25.47,7.12,26.2,10.52,6.25,18.82,10.03
955,18.23,0.16,25.47,7.12,26.2,10.52,6.25,18.82,10.03
960,18.23,0.16,25.47,7.12,26.2,10.52,6.25,18.82,10.03
965,18.23,0.16,25.47,7.12,26.2,10.52,6.25,18.82,10.03
970,18.23,0.16,25.47,7.12,26.2,10.52,6.25,18.82,10.03
975,18.23,0.16,25.47,7.12,26.2,10.52,6.25,18.82,10.03
980,18.23,0.16,25.47,7.12,26.2,10.52,6.25,18.82,10.03
985,18.23,0.16,25.47,7.12,26.2,10.52,6.25,18.82,10.03
990,18.23,0.16,25.47,7.12,26.2,10.52,6.25,18.82,10.03
995,18.23,0.16,25.47,7.12,26.2,10.52,6.25,18.82,10.03
1000,18.23,0.16,25.47,7.12,26.2,10.52,6.25,18.82,10.03
1005,18.23,0.16,25.47,7.12,26.2,10.52,6.25,18.82,10.03
1010,18.23,0.16,25.47,7.12,26.2,10.52,6.25,18.82,10.03
1015,18.23,0.16,25.47,7.12,26.2,10.52,6.25,18.82,10.03
1020,18.23,0.16,25.47,7.12,26.2,10.52,6.25,18.82,10.03
1025,18.23,0.16,25.47,7.12,26.2,10.52,6.25,18.82,10.03
1030,18.23,0.16,25.47,7.12,26.2,10.52,6.25,18.82,10.03
1035,18.23,0.16,25.47,7.12,26.2,10.52,6.25,18.82,10.03
1040,18.23,0.16,25.47,7.12,26.2,10.52,6.25,18.82,10.03
1045,18.23,0.16,25.47,7.12,26.2,10.52,6.25,18.82,10.03
1050,18.23,0.16,25.47,7.12,26.2,10.52,6.25,18.82,10.03
1055,18.23,0.16,25.47,7.12,26.2,10.52,6.25,18.82,10.03
1060,18.23,0.16,25.47,7.12,26.2,10.52,6.25,18.82,10.03
1065,18.23,0.16,25.47,7.12,26.2,10.52,6.25,18.82,10.03
1070,18.23,0.16,25.47,7.12,26.2,10.52,6.25,18.82,10.03
1075,18.23,0.16,25.47,7.12,26.2,10.52,6.25,18.82,10.03
1080,18.23,0.16,25.47,7.12,26.2,10.52,6.25,18.82,10.03
1085,18.23,0.16,25.47,7.12,26.2,10.52,6.25,18.82,10.03
1090,18.23,0.16,25.47,7.12,26.2,10.52,6.25,18.82,10.03
1095,18.23,0.16,25.47,7.12,26.2,10.52,6.25,18.82,10.03
1100,18.23,0.16,25.47,7.12,26.2,10.52,6.25,18.82,10.03
1105,18.23,0.16,25.47,7.12,26.2,10.52,6.25,18.82,10.03
1110,18.23,0.16,25.47,7.12,26.2,10.52,6.25,18.82,10.03
1115,18.23,0.16,25.47,7.12,26.2,10.52,6.25,18.82,10.03
1120,18.23,0.16,25.47,7.12,26.2,10.52,6.25,18.82,10.03
1125,18.23,0.16,25.47,7.12,26.2,10.52,6.25,18.82,10.03
1130,18.23,0.16,25.47,7.12,26.2,10.52,6.25,18.82,10.03
1135,18.23,0.16,25.47,7.12,26.2,10.52,6.25,18.82,10.03
1140,18.23,0.16,25.47,7.12,26.2,10.52,6.25,18.82,10.03
1145,18.23,0.16,25.47,7.12,26.2,10.52,6.25,18.82,10.03
1150,18.23,0.16,25.47,7.12,26.2,10.52,6.25,18.82,10.03
1155,18.23,0.16,25.47,7.12,26.2,10.52,6.25,18.82,10.03
1160,18.23,0.16,25.47,7.12,26.2,10.52,6.25,18.82,10.03
1165,18.23,0.16,25.47,7.12,26.2,10.52,6.25,18.82,10.03
1170,18.23,0.16,25.47,7.12,26.2,10.52,6.25,18.82,10.03
1175,18.23,0.16,25.47,7.12,26.2,10.52,6.25,18.82,10.03
1180,18.23,0.16,25.47,7.12,26.2,10.52,6.25,18.82,10.03
1185,18.23,0.16,25.47,7.12,26.2,10.52,6.25,18.82,10.03
1190,18.23,0.16,25.47,7.12,26.2,10.52,6.25,18.82,10.03
1195,18.23,0.16,25.47,7.12,26.2,10.52,6.25,18.82,10.03
1200,17.7,0.2,29.58,6.59,25.76,9.4,6.55,17.92,10.07
1205,17.7,0.2,29.58,6.59,25.76,9.4,6.55,17.92,10.07
1210,17.7,0.2,29.58,6.59,25.76,9.4,6.55,17.92,10.07
1215,17.7,0.2,29.58,6.59,25.76,9.4,6.55,17.92,10.07
1220,17.7,0.2,29.58,6.59,25.76,9.4,6.55,17.92,10.07
1225,17.7,0.2,29.58,6.59,25.76,9.4,6.55,17.92,10.07
1230,17.7,0.2,29.58,6.59,25.76,9.4,6.55,17.92,10.07
1235,17.7,0.2,29.58,6.59,25.76,9.4,6.55,17.92,10.07
1240,17.7,0.2,29.58,6.59,25.76,9.4,6.55,17.92,10.07
1245,17.7,0.2,29.58,6.59,25.76,9.4,6.55,17.92,10.07
1250,17.7,0.2,29.58,6.59,25.76,9.4,6.55,17.92,10.07
1255,17.7,0.2,29.58,6.59,25.76,9.4,6.55,17.92,10.07
1260,17.7,0.2,29.58,6.59,25.76,9.4,6.55,17.92,10.07
1265,17.7,0.2,29.58,6.59,25.76,9.4,6.55,17.92,10.07
1270,17.7,0.2,29.58,6.59,25.76,9.4,6.55,17.92,10.07
1275,17.7,0.2,29.58,6.59,25.76,9.4,6.55,17.92,10.07
1280,17.7,0.2,29.58,6.59,25.76,9.4,6.55,17.92,10.07
1285,17.7,0.2,29.58,6.59,25.76,9.4,6.55,17.92,10.07
1290,17.7,0.2,29.58,6.59,25.76,9.4,6.55,17.92,10.07
1295,17.7,0.2,29.58,6.59,25.76,9.4,6.55,17.92,10.07
1300,17.7,0.2,29.58,6.59,25.76,9.4,6.55,17.92,10.07
1305,17.7,0.2,29.58,6.59,25.76,9.4,6.55,17.92,10.07
1310,17.7,0.2,29.58,6.59,25.76,9.4,6.55,17.92,10.07
1315,17.7,0.2,29.58,6.59,25.76,9.4,6.55,17.92,10.07
1320,17.7,0.2,29.58,6.59,25.76,9.4,6.55,17.92,10.07
1325,17.7,0.2,29.58,6.59,25.76,9.4,6.55,17.92,10.07
1330,17.7,0.2,29.58,6.59,25.76,9.4,6.55,17.92,10.07
1335,17.7,0.2,29.58,6.59,25.76,9.4,6.55,17.92,10.07
1340,17.7,0.2,29.58,6.59,25.76,9.4,6.55,17.92,10.07
1345,17.7,0.2,29.58,6.59,25.76,9.4,6.55,17.92,10.07
1350,17.7,0.2,29.58,6.59,25.76,9.4,6.55,17.92,10.07
1355,17.7,0.2,29.58,6.59,25.76,9.4,6.55,17.92,10.07
1360,17.7,0.2,29.58,6.59,25.76,9.4,6.55,17.92,10.07
1365,17.7,0.2,29.58,6.59,25.76,9.4,6.55,17.92,10.07
1370,17.7,0.2,29.58,6.59,25.76,9.4,6.55,17.92,10.07
1375,17.7,0.2,29.58,6.59,25.76,9.4,6.55,17.92,10.07
1380,17.7,0.2,29.58,6.59,25.76,9.4,6.55,17.92,10.07
1385,17.7,0.2,29.58,6.59,25.76,9.4,6.55,17.92,10.07
1390,17.7,0.2,29.58,6.59,25.76,9.4,6.55,17.92,10.07
1395,17.7,0.2,29.58,6.59,25.76,9.4,6.55,17.92,10.07
1400,17.7,0.2,29.58,6.59,25.76,9.4,6.55,17.92,10.07
1405,17.7,0.2,29.58,6.59,25.76,9.4,6.55,17.92,10.07
1410,17.7,0.2,29.58,6.59,25.76,9.4,6.55,17.92,10.07
1415,17.7,0.2,29.58,6.59,25.76,9.4,6.55,17.92,10.07
1420,17.7,0.2,29.58,6.59,25.76,9.4,6.55,17.92,10.07
1425,17.7,0.2,29.58,6.59,25.76,9.4,6.55,17.92,10.07
1430,17.7,0.2,29.58,6.59,25.76,9.4,6.55,17.92,10.07
1435,17.7,0.2,29.58,6.59,25.76,9.4,6.55,17.92,10.07
1440,17.7,0.2,29.58,6.59,25.76,9.4,6.55,17.92,10.07
1445,17.7,0.2,29.58,6.59,25.76,9.4,6.55,17.92,10.07
1450,17.7,0.2,29.58,6.59,25.76,9.4,6.55,17.92,10.07
1455,17.7,0.2,29.58,6.59,25.76,9.4,6.55,17.92,10.07
1460,17.7,0.2,29.58,6.59,25.76,9.4,6.55,17.92,10.07
1465,17.7,0.2,29.58,6.59,25.76,9.4,6.55,17.92,10.07
1470,17.7,0.2,29.58,6.59,25.76,9.4,6.55,17.92,10.07
1475,17.7,0.2,29.58,6.59,25.76,9.4,6.55,17.92,10.07
1480,17.7,0.2,29.58,6.59,25.76,9.4,6.55,17.92,10.07
1485,17.7,0.2,29.58,6.59,25.76,9.4,6.55,17.92,10.07
1490,17.7,0.2,29.58,6.59,25.76,9.4,6.55,17.92,10.07
1495,17.7,0.2,29.58,6.59,25.76,9.4,6.55,17.92,10.07
1500,17.7,0.2,29.58,6.59,25.76,9.4,6.55,17.92,10.07
1505,17.7,0.2,29.58,6.59,25.76,9.4,6.55,17.92,10.07
1510,17.7,0.2,29.58,6.59,25.76,9.4,6.55,17.92,10.07
1515,17.7,0.2,29.58,6.59,25.76,9.4,6.55,17.92,10.07
1520,17.7,0.2,29.58,6.59,25.76,9.4,6.55,17.92,10.07
1525,17.7,0.2,29.58,6.59,25.76,9.4,6.55,17.92,10.07
1530,17.7,0.2,29.58,6.59,25.76,9.4,6.55,17.92,10.07
1535,17.7,0.2,29.58,6.59,25.76,9.4,6.55,17.92,10.07
1540,17.7,0.2,29.58,6.59,25.76,9.4,6.55,17.92,10.07
1545,17.7,0.2,29.58,6.59,25.76,9.4,6.55,17.92,10.07
1550,17.7,0.2,29.58,6.59,25.76,9.4,6.55,17.92,10.07
1555,17.7,0.2,29.58,6.59,25.76,9.4,6.55,17.92,10.07
1560,17.7,0.2,29.58,6.59,25.76,9.4,6.55,17.92,10.07
1565,17.7,0.2,29.58,6.59,25.76,9.4,6.55,17.92,10.07
1570,17.7,0.2,29.58,6.59,25.76,9.4,6.55,17.92,10.07
1575,17.7,0.2,29.58,6.59,25.76,9.4,6.55,17.92,10.07
1580,17.7,0.2,29.58,6.59,25.76,9.4,6.55,17.92,10.07
1585,17.7,0.2,29.58,6.59,25.76,9.4,6.55,17.92,10.07
1590,17.7,0.2,29.58,6.59,25.76,9.4,6.55,17.92,10.07
1595,17.7,0.2,29.58,6.59,25.76,9.4,6.55,17.92,10.07
1600,17.7,0.2,29.58,6.59,25.76,9.4,6.55,17.92,10.07
1605,17.7,0.2,29.58,6.59,25.76,9.4,6.55,17.92,10.07
1610,17.7,0.2,29.58,6.59,25.76,9.4,6.55,17.92,10.07
1615,17.7,0.2,29.58,6.59,25.76,9.4,6.55,17.92,10.07
1620,17.7,0.2,29.58,6.59,25.76,9.4,6.55,17.92,10.07
1625,17.7,0.2,29.58,6.59,25.76,9.4,6.55,17.92,10.07
1630,17.7,0.2,29.58,6.59,25.76,9.4,6.55,17.92,10.07
1635,17.7,0.2,29.58,6.59,25.76,9.4,6.55,17.92,10.07
1640,17.7,0.2,29.58,6.59,25.76,9.4,6.55,17.92,10.07
1645,17.7,0.2,29.58,6.59,25.76,9.4,6.55,17.92,10.07
1650,17.7,0.2,29.58,6.59,25.76,9.4,6.55,17.92,10.07
1655,17.7,0.2,29.58,6.59,25.76,9.4,6.55,17.92,10.07
1660,17.7,0.2,29.58,6.59,25.76,9.4,6.55,17.92,10.07
1665,17.7,0.2,29.58,6.59,25.76,9.4,6.55,17.92,10.07
1670,17.7,0.2,29.58,6.59,25.76,9.4,6.55,17.92,10.07
1675,17.7,0.2,29.58,6.59,25.76,9.4,6.55,17.92,10.07
1680,17.7,0.2,29.58,6.59,25.76,9.4,6.55,17.92,10.07
1685,17.7,0.2,29.58,6.59,25.76,9.4,6.55,17.92,10.07
1690,17.7,0.2,29.58,6.59,25.76,9.4,6.55,17.92,10.07
1695,17.7,0.2,29.58,6.59,25.76,9.4,6.55,17.92,10.07
1700,17.7,0.2,29.58,6.59,25.76,9.4,6.55,17.92,10.07
1705,17.7,0.2,29.58,6.59,25.76,9.4,6.55,17.92,10.07
1710,17.7,0.2,29.58,6.59,25.76,9.4,6.55,17.92,10.07
1715,17.7,0.2,29.58,6.59,25.76,9.4,6.55,17.92,10.07
1720,17.7,0.2,29.58,6.59,25.76,9.4,6.55,17.92,10.07
1725,17.7,0.2,29.58,6.59,25.76,9.4,6.55,17.92,10.07
1730,17.7,0.2,29.58,6.59,25.76,9.4,6.55,17.92,10.07
1735,17.7,0.2,29.58,6.59,25.76,9.4,6.55,17.92,10.07
1740,17.7,0.2,29.58,6.59,25.76,9.4,6.55,17.92,10.07
1745,17.7,0.2,29.58,6.59,25.76,9.4,6.55,17.92,10.07
1750,17.7,0.2,29.58,6.59,25.76,9.4,6.55,17.92,10.07
1755,17.7,0.2,29.58,6.59,25.76,9.4,6.55,17.92,10.07
1760,17.7,0.2,29.58,6.59,25.76,9.4,6.55,17.92,10.07
1765,17.7,0.2,29.58,6.59,25.76,9.4,6.55,17.92,10.07
1770,17.7,0.2,29.58,6.59,25.76,9.4,6.55,17.92,10.07
1775,17.7,0.2,29.58,6.59,25.76,9.4,6.55,17.92,10.07
1780,17.7,0.2,29.58,6.59,25.76,9.4,6.55,17.92,10.07
1785,17.7,0.2,29.58,6.59,25.76,9.4,6.55,17.92,10.07
1790,17.7,0.2,29.58,6.59,25.76,9.4,6.55,17.92,10.07
1795,17.7,0.2,29.58,6.59,25.76,9.4,6.55,17.92,10.07
1800,17.03,0.74,32.57,6.19,25.45,8.27,6.71,19.67,10.22
1805,17.03,0.74,32.57,6.19,25.45,8.27,6.71,19.67,10.22
1810,17.03,0.74,32.57,6.19,25.45,8.27,6.71,19.67,10.22
1815,17.03,0.74,32.57,6.19,25.45,8.27,6.71,19.67,10.22
1820,17.03,0.74,32.57,6.19,25.45,8.27,6.71,19.67,10.22
1825,17.03,0.74,32.57,6.19,25.45,8.27,6.71,19.67,10.22
1830,17.03,0.74,32.57,6.19,25.45,8.27,6.71,19.67,10.22
1835,17.03,0.74,32.57,6.19,25.45,8.27,6.71,19.67,10.22
1840,17.03,0.74,32.57,6.19,25.45,8.27,6.71,19.67,10.22
1845,17.03,0.74,32.57,6.19,25.45,8.27,6.71,19.67,10.22
1850,17.03,0.74,32.57,6.19,25.45,8.27,6.71,19.67,10.22
1855,17.03,0.74,32.57,6.19,25.45,8.27,6.71,19.67,10.22
1860,17.03,0.74,32.57,6.19,25.45,8.27,6.71,19.67,10.22
1865,17.03,0.74,32.57,6.19,25.45,8.27,6.71,19.67,10.22
1870,17.03,0.74,32.57,6.19,25.45,8.27,6.71,19.67,10.22
1875,17.03,0.74,32.57,6.19,25.45,8.27,6.71,19.67,10.22
1880,17.03,0.74,32.57,6.19,25.45,8.27,6.71,19.67,10.22
1885,17.03,0.74,32.57,6.19,25.45,8.27,6.71,19.67,10.22
1890,17.03,0.74,32.57,6.19,25.45,8.27,6.71,19.67,10.22
1895,17.03,0.74,32.57,6.19,25.45,8.27,6.71,19.67,10.22
1900,17.03,0.74,32.57,6.19,25.45,8.27,6.71,19.67,10.22
1905,17.03,0.74,32.57,6.19,25.45,8.27,6.71,19.67,10.22
1910,17.03,0.74,32.57,6.19,25.45,8.27,6.71,19.67,10.22
1915,17.03,0.74,32.57,6.19,25.45,8.27,6.71,19.67,10.22
1920,17.03,0.74,32.57,6.19,25.45,8.27,6.71,19.67,10.22
1925,17.03,0.74,32.57,6.19,25.45,8.27,6.71,19.67,10.22
1930,17.03,0.74,32.57,6.19,25.45,8.27,6.71,19.67,10.22
1935,17.03,0.74,32.57,6.19,25.45,8.27,6.71,19.67,10.22
1940,17.03,0.74,32.57,6.19,25.45,8.27,6.71,19.67,10.22
1945,17.03,0.74,32.57,6.19,25.45,8.27,6.71,19.67,10.22
1950,17.03,0.74,32.57,6.19,25.45,8.27,6.71,19.67,10.22
1955,17.03,0.74,32.57,6.19,25.45,8.27,6.71,19.67,10.22
1960,17.03,0.74,32.57,6.19,25.45,8.27,6.71,19.67,10.22
1965,17.03,0.74,32.57,6.19,25.45,8.27,6.71,19.67,10.22
1970,17.03,0.74,32.57,6.19,25.45,8.27,6.71,19.67,10.22
1975,17.03,0.74,32.57,6.19,25.45,8.27,6.71,19.67,10.22
1980,17.03,0.74,32.57,6.19,25.45,8.27,6.71,19.67,10.22
1985,17.03,0.74,32.57,6.19,25.45,8.27,6.71,19.67,10.22
1990,17.03,0.74,32.57,6.19,25.45,8.27,6.71,19.67,10.22
1995,17.03,0.74,32.57,6.19,25.45,8.27,6.71,19.67,10.22
2000,17.03,0.74,32.57,6.19,25.45,8.27,6.71,19.67,10.22
2005,17.03,0.74,32.57,6.19,25.45,8.27,6.71,19.67,10.22
2010,17.03,0.74,32.57,6.19,25.45,8.27,6.71,19.67,10.22
2015,17.03,0.74,32.57,6.19,25.45,8.27,6.71,19.67,10.22
2020,17.03,0.74,32.57,6.19,25.45,8.27,6.71,19.67,10.22
2025,17.03,0.74,32.57,6.19,25.45,8.27,6.71,19.67,10.22
2030,17.03,0.74,32.57,6.19,25.45,8.27,6.71,19.67,10.22
2035,17.03,0.74,32.57,6.19,25.45,8.27,6.71,19.67,10.22
2040,17.03,0.74,32.57,6.19,25.45,8.27,6.71,19.67,10.22
2045,17.03,0.74,32.57,6.19,25.45,8.27,6.71,19.67,10.22
2050,17.03,0.74,32.57,6.19,25.45,8.27,6.71,19.67,10.22
2055,17.03,0.74,32.57,6.19,25.45,8.27,6.71,19.67,10.22
2060,17.03,0.74,32.57,6.19,25.45,8.27,6.71,19.67,10.22
2065,17.03,0.74,32.57,6.19,25.45,8.27,6.71,19.67,10.22
2070,17.03,0.74,32.57,6.19,25.45,8.27,6.71,19.67,10.22
2075,17.03,0.74,32.57,6.19,25.45,8.27,6.71,19.67,10.22
2080,17.03,0.74,32.57,6.19,25.45,8.27,6.71,19.67,10.22
2085,17.03,0.74,32.57,6.19,25.45,8.27,6.71,19.67,10.22
2090,17.03,0.74,32.57,6.19,25.45,8.27,6.71,19.67,10.22
2095,17.03,0.74,32.57,6.19,25.45,8.27,6.71,19.67,10.22
2100,17.03,0.74,32.57,6.19,25.45,8.27,6.71,19.67,10.22
2105,17.03,0.74,32.57,6.19,25.45,8.27,6.71,19.67,10.22
2110,17.03,0.74,32.57,6.19,25.45,8.27,6.71,19.67,10.22
2115,17.03,0.74,32.57,6.19,25.45,8.27,6.71,19.67,10.22
2120,17.03,0.74,32.57,6.19,25.45,8.27,6.71,19.67,10.22
2125,17.03,0.74,32.57,6.19,25.45,8.27,6.71,19.67,10.22
2130,17.03,0.74,32.57,6.19,25.45,8.27,6.71,19.67,10.22
2135,17.03,0.74,32.57,6.19,25.45,8.27,6.71,19.67,10.22
2140,17.03,0.74,32.57,6.19,25.45,8.27,6.71,19.67,10.22
2145,17.03,0.74,32.57,6.19,25.45,8.27,6.71,19.67,10.22
2150,17.03,0.74,32.57,6.19,25.45,8.27,6.71,19.67,10.22
2155,17.03,0.74,32.57,6.19,25.45,8.27,6.71,19.67,10.22
2160,17.03,0.74,32.57,6.19,25.45,8.27,6.71,19.67,10.22
2165,17.03,0.74,32.57,6.19,25.45,8.27,6.71,19.67,10.22
2170,17.03,0.74,32.57,6.19,25.45,8.27,6.71,19.67,10.22
2175,17.03,0.74,32.57,6.19,25.45,8.27,6.71,19.67,10.22
2180,17.03,0.74,32.57,6.19,25.45,8.27,6.71,19.67,10.22
2185,17.03,0.74,32.57,6.19,25.45,8.27,6.71,19.67,10.22
2190,17.03,0.74,32.57,6.19,25.45,8.27,6.71,19.67,10.22
2195,17.03,0.74,32.57,6.19,25.45,8.27,6.71,19.67,10.22
2200,17.03,0.74,32.57,6.19,25.45,8.27,6.71,19.67,10.22
2205,17.03,0.74,32.57,6.19,25.45,8.27,6.71,19.67,10.22
2210,17.03,0.74,32.57,6.19,25.45,8.27,6.71,19.67,10.22
2215,17.03,0.74,32.57,6.19,25.45,8.27,6.71,19.67,10.22
2220,17.03,0.74,32.57,6.19,25.45,8.27,6.71,19.67,10.22
2225,17.03,0.74,32.57,6.19,25.45,8.27,6.71,19.67,10.22
2230,17.03,0.74,32.57,6.19,25.45,8.27,6.71,19.67,10.22
2235,17.03,0.74,32.57,6.19,25.45,8.27,6.71,19.67,10.22
2240,17.03,0.74,32.57,6.19,25.45,8.27,6.71,19.67,10.22
2245,17.03,0.74,32.57,6.19,25.45,8.27,6.71,19.67,10.22
2250,17.03,0.74,32.57,6.19,25.45,8.27,6.71,19.67,10.22
2255,17.03,0.74,32.57,6.19,25.45,8.27,6.71,19.67,10.22
2260,17.03,0.74,32.57,6.19,25.45,8.27,6.71,19.67,10.22
2265,17.03,0.74,32.57,6.19,25.45,8.27,6.71,19.67,10.22
2270,17.03,0.74,32.57,6.19,25.45,8.27,6.71,19.67,10.22
2275,17.03,0.74,32.57,6.19,25.45,8.27,6.71,19.67,10.22
2280,17.03,0.74,32.57,6.19,25.45,8.27,6.71,19.67,10.22
2285,17.03,0.74,32.57,6.19,25.45,8.27,6.71,19.67,10.22
2290,17.03,0.74,32.57,6.19,25.45,8.27,6.71,19.67,10.22
2295,17.03,0.74,32.57,6.19,25.45,8.27,6.71,19.67,10.22
2300,17.03,0.74,32.57,6.19,25.45,8.27,6.71,19.67,10.22
2305,17.03,0.74,32.57,6.19,25.45,8.27,6.71,19.67,10.22
2310,17.03,0.74,32.57,6.19,25.45,8.27,6.71,19.67,10.22
2315,17.03,0.74,32.57,6.19,25.45,8.27,6.71,19.67,10.22
2320,17.03,0.74,32.57,6.19,25.45,8.27,6.71,19.67,10.22
2325,17.03,0.74,32.57,6.19,25.45,8.27,6.71,19.67,10.22
2330,17.03,0.74,32.57,6.19,25.45,8.27,6.71,19.67,10.22
2335,17.03,0.74,32.57,6.19,25.45,8.27,6.71,19.67,10.22
2340,17.03,0.74,32.57,6.19,25.45,8.27,6.71,19.67,10.22
2345,17.03,0.74,32.57,6.19,25.45,8.27,6.71,19.67,10.22
2350,17.03,0.74,32.57,6.19,25.45,8.27,6.71,19.67,10.22
2355,17.03,0.74,32.57,6.19,25.45,8.27,6.71,19.67,10.22
2360,17.03,0.74,32.57,6.19,25.45,8.27,6.71,19.67,10.22
2365,17.03,0.74,32.57,6.19,25.45,8.27,6.71,19.67,10.22
2370,17.03,0.74,32.57,6.19,25.45,8.27,6.71,19.67,10.22
2375,17.03,0.74,32.57,6.19,25.45,8.27,6.71,19.67,10.22
2380,17.03,0.74,32.57,6.19,25.45,8.27,6.71,19.67,10.22
2385,17.03,0.74,32.57,6.19,25.45,8.27,6.71,19.67,10.22
2390,17.03,0.74,32.57,6.19,25.45,8.27,6.71,19.67,10.22
2395,17.03,0.74,32.57,6.19,25.45,8.27,6.71,19.67,10.22
2400,15.48,0.76,33.16,5.88,24.89,7.23,6.42,20.14,10.37
2405,15.48,0.76,33.16,5.88,24.89,7.23,6.42,20.14,10.37
2410,15.48,0.76,33.16,5.88,24.89,7.23,6.42,20.14,10.37
2415,15.48,0.76,33.16,5.88,24.89,7.23,6.42,20.14,10.37
2420,15.48,0.76,33.16,5.88,24.89,7.23,6.42,20.14,10.37
2425,15.48,0.76,33.16,5.88,24.89,7.23,6.42,20.14,10.37
2430,15.48,0.76,33.16,5.88,24.89,7.23,6.42,20.14,10.37
2435,15.48,0.76,33.16,5.88,24.89,7.23,6.42,20.14,10.37
2440,15.48,0.76,33.16,5.88,24.89,7.23,6.42,20.14,10.37
2445,15.48,0.76,33.16,5.88,24.89,7.23,6.42,20.14,10.37
2450,15.48,0.76,33.16,5.88,24.89,7.23,6.42,20.14,10.37
2455,15.48,0.76,33.16,5.88,24.89,7.23,6.42,20.14,10.37
2460,15.48,0.76,33.16,5.88,24.89,7.23,6.42,20.14,10.37
2465,15.48,0.76,33.16,5.88,24.89,7.23,6.42,20.14,10.37
2470,15.48,0.76,33.16,5.88,24.89,7.23,6.42,20.14,10.37
2475,15.48,0.76,33.16,5.88,24.89,7.23,6.42,20.14,10.37
2480,15.48,0.76,33.16,5.88,24.89,7.23,6.42,20.14,10.37
2485,15.48,0.76,33.16,5.88,24.89,7.23,6.42,20.14,10.37
2490,15.48,0.76,33.16,5.88,24.89,7.23,6.42,20.14,10.37
2495,15.48,0.76,33.16,5.88,24.89,7.23,6.42,20.14,10.37
2500,15.48,0.76,33.16,5.88,24.89,7.23,6.42,20.14,10.37
2505,15.48,0.76,33.16,5.88,24.89,7.23,6.42,20.14,10.37
2510,15.48,0.76,33.16,5.88,24.89,7.23,6.42,20.14,10.37
2515,15.48,0.76,33.16,5.88,24.89,7.23,6.42,20.14,10.37
2520,15.48,0.76,33.16,5.88,24.89,7.23,6.42,20.14,10.37
2525,15.48,0.76,33.16,5.88,24.89,7.23,6.42,20.14,10.37
2530,15.48,0.76,33.16,5.88,24.89,7.23,6.42,20.14,10.37
2535,15.48,0.76,33.16,5.88,24.89,7.23,6.42,20.14,10.37
2540,15.48,0.76,33.16,5.88,24.89,7.23,6.42,20.14,10.37
2545,15.48,0.76,33.16,5.88,24.89,7.23,6.42,20.14,10.37
2550,15.48,0.76,33.16,5.88,24.89,7.23,6.42,20.14,10.37
2555,15.48,0.76,33.16,5.88,24.89,7.23,6.42,20.14,10.37
2560,15.48,0.76,33.16,5.88,24.89,7.23,6.42,20.14,10.37
2565,15.48,0.76,33.16,5.88,24.89,7.23,6.42,20.14,10.37
2570,15.48,0.76,33.16,5.88,24.89,7.23,6.42,20.14,10.37
2575,15.48,0.76,33.16,5.88,24.89,7.23,6.42,20.14,10.37
2580,15.48,0.76,33.16,5.88,24.89,7.23,6.42,20.14,10.37
2585,15.48,0.76,33.16,5.88,24.89,7.23,6.42,20.14,10.37
2590,15.48,0.76,33.16,5.88,24.89,7.23,6.42,20.14,10.37
2595,15.48,0.76,33.16,5.88,24.89,7.23,6.42,20.14,10.37
2600,15.48,0.76,33.16,5.88,24.89,7.23,6.42,20.14,10.37
2605,15.48,0.76,33.16,5.88,24.89,7.23,6.42,20.14,10.37
2610,15.48,0.76,33.16,5.88,24.89,7.23,6.42,20.14,10.37
2615,15.48,0.76,33.16,5.88,24.89,7.23,6.42,20.14,10.37
2620,15.48,0.76,33.16,5.88,24.89,7.23,6.42,20.14,10.37
2625,15.48,0.76,33.16,5.88,24.89,7.23,6.42,20.14,10.37
2630,15.48,0.76,33.16,5.88,24.89,7.23,6.42,20.14,10.37
2635,15.48,0.76,33.16,5.88,24.89,7.23,6.42,20.14,10.37
2640,15.48,0.76,33.16,5.88,24.89,7.23,6.42,20.14,10.37
2645,15.48,0.76,33.16,5.88,24.89,7.23,6.42,20.14,10.37
2650,15.48,0.76,33.16,5.88,24.89,7.23,6.42,20.14,10.37
2655,15.48,0.76,33.16,5.88,24.89,7.23,6.42,20.14,10.37
2660,15.48,0.76,33.16,5.88,24.89,7.23,6.42,20.14,10.37
2665,15.48,0.76,33.16,5.88,24.89,7.23,6.42,20.14,10.37
2670,15.48,0.76,33.16,5.88,24.89,7.23,6.42,20.14,10.37
2675,15.48,0.76,33.16,5.88,24.89,7.23,6.42,20.14,10.37
2680,15.48,0.76,33.16,5.88,24.89,7.23,6.42,20.14,10.37
2685,15.48,0.76,33.16,5.88,24.89,7.23,6.42,20.14,10.37
2690,15.48,0.76,33.16,5.88,24.89,7.23,6.42,20.14,10.37
2695,15.48,0.76,33.16,5.88,24.89,7.23,6.42,20.14,10.37
2700,15.48,0.76,33.16,5.88,24.89,7.23,6.42,20.14,10.37
2705,15.48,0.76,33.16,5.88,24.89,7.23,6.42,20.14,10.37
2710,15.48,0.76,33.16,5.88,24.89,7.23,6.42,20.14,10.37
2715,15.48,0.76,33.16,5.88,24.89,7.23,6.42,20.14,10.37
2720,15.48,0.76,33.16,5.88,24.89,7.23,6.42,20.14,10.37
2725,15.48,0.76,33.16,5.88,24.89,7.23,6.42,20.14,10.37
2730,15.48,0.76,33.16,5.88,24.89,7.23,6.42,20.14,10.37
2735,15.48,0.76,33.16,5.88,24.89,7.23,6.42,20.14,10.37
2740,15.48,0.76,33.16,5.88,24.89,7.23,6.42,20.14,10.37
2745,15.48,0.76,33.16,5.88,24.89,7.23,6.42,20.14,10.37
2750,15.48,0.76,33.16,5.88,24.89,7.23,6.42,20.14,10.37
2755,15.48,0.76,33.16,5.88,24.89,7.23,6.42,20.14,10.37
2760,15.48,0.76,33.16,5.88,24.89,7.23,6.42,20.14,10.37
2765,15.48,0.76,33.16,5.88,24.89,7.23,6.42,20.14,10.37
2770,15.48,0.76,33.16,5.88,24.89,7.23,6.42,20.14,10.37
2775,15.48,0.76,33.16,5.88,24.89,7.23,6.42,20.14,10.37
2780,15.48,0.76,33.16,5.88,24.89,7.23,6.42,20.14,10.37
2785,15.48,0.76,33.16,5.88,24.89,7.23,6.42,20.14,10.37
2790,15.48,0.76,33.16,5.88,24.89,7.23,6.42,20.14,10.37
2795,15.48,0.76,33.16,5.88,24.89,7.23,6.42,20.14,10.37
2800,15.48,0.76,33.16,5.88,24.89,7.23,6.42,20.14,10.37
2805,15.48,0.76,33.16,5.88,24.89,7.23,6.42,20.14,10.37
2810,15.48,0.76,33.16,5.88,24.89,7.23,6.42,20.14,10.37
2815,15.48,0.76,33.16,5.88,24.89,7.23,6.42,20.14,10.37
2820,15.48,0.76,33.16,5.88,24.89,7.23,6.42,20.14,10.37
2825,15.48,0.76,33.16,5.88,24.89,7.23,6.42,20.14,10.37
2830,15.48,0.76,33.16,5.88,24.89,7.23,6.42,20.14,10.37
2835,15.48,0.76,33.16,5.88,24.89,7.23,6.42,20.14,10.37
2840,15.48,0.76,33.16,5.88,24.89,7.23,6.42,20.14,10.37
2845,15.48,0.76,33.16,5.88,24.89,7.23,6.42,20.14,10.37
2850,15.48,0.76,33.16,5.88,24.89,7.23,6.42,20.14,10.37
2855,15.48,0.76,33.16,5.88,24.89,7.23,6.42,20.14,10.37
2860,15.48,0.76,33.16,5.88,24.89,7.23,6.42,20.14,10.37
2865,15.48,0.76,33.16,5.88,24.89,7.23,6.42,20.14,10.37
2870,15.48,0.76,33.16,5.88,24.89,7.23,6.42,20.14,10.37
2875,15.48,0.76,33.16,5.88,24.89,7.23,6.42,20.14,10.37
2880,15.48,0.76,33.16,5.88,24.89,7.23,6.42,20.14,10.37
2885,15.48,0.76,33.16,5.88,24.89,7.23,6.42,20.14,10.37
2890,15.48,0.76,33.16,5.88,24.89,7.23,6.42,20.14,10.37
2895,15.48,0.76,33.16,5.88,24.89,7.23,6.42,20.14,10.37
2900,15.48,0.76,33.16,5.88,24.89,7.23,6.42,20.14,10.37
2905,15.48,0.76,33.16,5.88,24.89,7.23,6.42,20.14,10.37
2910,15.48,0.76,33.16,5.88,24.89,7.23,6.42,20.14,10.37
2915,15.48,0.76,33.16,5.88,24.89,7.23,6.42,20.14,10.37
2920,15.48,0.76,33.16,5.88,24.89,7.23,6.42,20.14,10.37
2925,15.48,0.76,33.16,5.88,24.89,7.23,6.42,20.14,10.37
2930,15.48,0.76,33.16,5.88,24.89,7.23,6.42,20.14,10.37
2935,15.48,0.76,33.16,5.88,24.89,7.23,6.42,20.14,10.37
2940,15.48,0.76,33.16,5.88,24.89,7.23,6.42,20.14,10.37
2945,15.48,0.76,33.16,5.88,24.89,7.23,6.42,20.14,10.37
2950,15.48,0.76,33.16,5.88,24.89,7.23,6.42,20.14,10.37
2955,15.48,0.76,33.16,5.88,24.89,7.23,6.42,20.14,10.37
2960,15.48,0.76,33.16,5.88,24.89,7.23,6.42,20.14,10.37
2965,15.48,0.76,33.16,5.88,24.89,7.23,6.42,20.14,10.37
2970,15.48,0.76,33.16,5.88,24.89,7.23,6.42,20.14,10.37
2975,15.48,0.76,33.16,5.88,24.89,7.23,6.42,20.14,10.37
2980,15.48,0.76,33.16,5.88,24.89,7.23,6.42,20.14,10.37
2985,15.48,0.76,33.16,5.88,24.89,7.23,6.42,20.14,10.37
2990,15.48,0.76,33.16,5.88,24.89,7.23,6.42,20.14,10.37
2995,15.48,0.76,33.16,5.88,24.89,7.23,6.42,20.14,10.37
3000,14.17,0.81,33.93,5.58,24.23,6.15,6.07,20.47,11.32
3005,14.17,0.81,33.93,5.58,24.23,6.15,6.07,20.47,11.32
3010,14.17,0.81,33.93,5.58,24.23,6.15,6.07,20.47,11.32
3015,14.17,0.81,33.93,5.58,24.23,6.15,6.07,20.47,11.32
3020,14.17,0.81,33.93,5.58,24.23,6.15,6.07,20.47,11.32
3025,14.17,0.81,33.93,5.58,24.23,6.15,6.07,20.47,11.32
3030,14.17,0.81,33.93,5.58,24.23,6.15,6.07,20.47,11.32
3035,14.17,0.81,33.93,5.58,24.23,6.15,6.07,20.47,11.32
3040,14.17,0.81,33.93,5.58,24.23,6.15,6.07,20.47,11.32
3045,14.17,0.81,33.93,5.58,24.23,6.15,6.07,20.47,11.32
3050,14.17,0.81,33.93,5.58,24.23,6.15,6.07,20.47,11.32
3055,14.17,0.81,33.93,5.58,24.23,6.15,6.07,20.47,11.32
3060,14.17,0.81,33.93,5.58,24.23,6.15,6.07,20.47,11.32
3065,14.17,0.81,33.93,5.58,24.23,6.15,6.07,20.47,11.32
3070,14.17,0.81,33.93,5.58,24.23,6.15,6.07,20.47,11.32
3075,14.17,0.81,33.93,5.58,24.23,6.15,6.07,20.47,11.32
3080,14.17,0.81,33.93,5.58,24.23,6.15,6.07,20.47,11.32
3085,14.17,0.81,33.93,5.58,24.23,6.15,6.07,20.47,11.32
3090,14.17,0.81,33.93,5.58,24.23,6.15,6.07,20.47,11.32
3095,14.17,0.81,33.93,5.58,24.23,6.15,6.07,20.47,11.32
3100,14.17,0.81,33.93,5.58,24.23,6.15,6.07,20.47,11.32
3105,14.17,0.81,33.93,5.58,24.23,6.15,6.07,20.47,11.32
3110,14.17,0.81,33.93,5.58,24.23,6.15,6.07,20.47,11.32
3115,14.17,0.81,33.93,5.58,24.23,6.15,6.07,20.47,11.32
3120,14.17,0.81,33.93,5.58,24.23,6.15,6.07,20.47,11.32
3125,14.17,0.81,33.93,5.58,24.23,6.15,6.07,20.47,11.32
3130,14.17,0.81,33.93,5.58,24.23,6.15,6.07,20.47,11.32
3135,14.17,0.81,33.93,5.58,24.23,6.15,6.07,20.47,11.32
3140,14.17,0.81,33.93,5.58,24.23,6.15,6.07,20.47,11.32
3145,14.17,0.81,33.93,5.58,24.23,6.15,6.07,20.47,11.32
3150,14.17,0.81,33.93,5.58,24.23,6.15,6.07,20.47,11.32
3155,14.17,0.81,33.93,5.58,24.23,6.15,6.07,20.47,11.32
3160,14.17,0.81,33.93,5.58,24.23,6.15,6.07,20.47,11.32
3165,14.17,0.81,33.93,5.58,24.23,6.15,6.07,20.47,11.32
3170,14.17,0.81,33.93,5.58,24.23,6.15,6.07,20.47,11.32
3175,14.17,0.81,33.93,5.58,24.23,6.15,6.07,20.47,11.32
3180,14.17,0.81,33.93,5.58,24.23,6.15,6.07,20.47,11.32
3185,14.17,0.81,33.93,5.58,24.23,6.15,6.07,20.47,11.32
3190,14.17,0.81,33.93,5.58,24.23,6.15,6.07,20.47,11.32
3195,14.17,0.81,33.93,5.58,24.23,6.15,6.07,20.47,11.32
3200,14.17,0.81,33.93,5.58,24.23,6.15,6.07,20.47,11.32
3205,14.17,0.81,33.93,5.58,24.23,6.15,6.07,20.47,11.32
3210,14.17,0.81,33.93,5.58,24.23,6.15,6.07,20.47,11.32
3215,14.17,0.81,33.93,5.58,24.23,6.15,6.07,20.47,11.32
3220,14.17,0.81,33.93,5.58,24.23,6.15,6.07,20.47,11.32
3225,14.17,0.81,33.93,5.58,24.23,6.15,6.07,20.47,11.32
3230,14.17,0.81,33.93,5.58,24.23,6.15,6.07,20.47,11.32
3235,14.17,0.81,33.93,5.58,24.23,6.15,6.07,20.47,11.32
3240,14.17,0.81,33.93,5.58,24.23,6.15,6.07,20.47,11.32
3245,14.17,0.81,33.93,5.58,24.23,6.15,6.07,20.47,11.32
3250,14.17,0.81,33.93,5.58,24.23,6.15,6.07,20.47,11.32
3255,14.17,0.81,33.93,5.58,24.23,6.15,6.07,20.47,11.32
3260,14.17,0.81,33.93,5.58,24.23,6.15,6.07,20.47,11.32
3265,14.17,0.81,33.93,5.58,24.23,6.15,6.07,20.47,11.32
3270,14.17,0.81,33.93,5.58,24.23,6.15,6.07,20.47,11.32
3275,14.17,0.81,33.93,5.58,24.23,6.15,6.07,20.47,11.32
3280,14.17,0.81,33.93,5.58,24.23,6.15,6.07,20.47,11.32
3285,14.17,0.81,33.93,5.58,24.23,6.15,6.07,20.47,11.32
3290,14.17,0.81,33.93,5.58,24.23,6.15,6.07,20.47,11.32
3295,14.17,0.81,33.93,5.58,24.23,6.15,6.07,20.47,11.32
3300,14.17,0.81,33.93,5.58,24.23,6.15,6.07,20.47,11.32
3305,14.17,0.81,33.93,5.58,24.23,6.15,6.07,20.47,11.32
3310,14.17,0.81,33.93,5.58,24.23,6.15,6.07,20.47,11.32
3315,14.17,0.81,33.93,5.58,24.23,6.15,6.07,20.47,11.32
3320,14.17,0.81,33.93,5.58,24.23,6.15,6.07,20.47,11.32
3325,14.17,0.81,33.93,5.58,24.23,6.15,6.07,20.47,11.32
3330,14.17,0.81,33.93,5.58,24.23,6.15,6.07,20.47,11.32
3335,14.17,0.81,33.93,5.58,24.23,6.15,6.07,20.47,11.32
3340,14.17,0.81,33.93,5.58,24.23,6.15,6.07,20.47,11.32
3345,14.17,0.81,33.93,5.58,24.23,6.15,6.07,20.47,11.32
3350,14.17,0.81,33.93,5.58,24.23,6.15,6.07,20.47,11.32
3355,14.17,0.81,33.93,5.58,24.23,6.15,6.07,20.47,11.32
3360,14.17,0.81,33.93,5.58,24.23,6.15,6.07,20.47,11.32
3365,14.17,0.81,33.93,5.58,24.23,6.15,6.07,20.47,11.32
3370,14.17,0.81,33.93,5.58,24.23,6.15,6.07,20.47,11.32
3375,14.17,0.81,33.93,5.58,24.23,6.15,6.07,20.47,11.32
3380,14.17,0.81,33.93,5.58,24.23,6.15,6.07,20.47,11.32
3385,14.17,0.81,33.93,5.58,24.23,6.15,6.07,20.47,11.32
3390,14.17,0.81,33.93,5.58,24.23,6.15,6.07,20.47,11.32
3395,14.17,0.81,33.93,5.58,24.23,6.15,6.07,20.47,11.32
3400,14.17,0.81,33.93,5.58,24.23,6.15,6.07,20.47,11.32
3405,14.17,0.81,33.93,5.58,24.23,6.15,6.07,20.47,11.32
3410,14.17,0.81,33.93,5.58,24.23,6.15,6.07,20.47,11.32
3415,14.17,0.81,33.93,5.58,24.23,6.15,6.07,20.47,11.32
3420,14.17,0.81,33.93,5.58,24.23,6.15,6.07,20.47,11.32
3425,14.17,0.81,33.93,5.58,24.23,6.15,6.07,20.47,11.32
3430,14.17,0.81,33.93,5.58,24.23,6.15,6.07,20.47,11.32
3435,14.17,0.81,33.93,5.58,24.23,6.15,6.07,20.47,11.32
3440,14.17,0.81,33.93,5.58,24.23,6.15,6.07,20.47,11.32
3445,14.17,0.81,33.93,5.58,24.23,6.15,6.07,20.47,11.32
3450,14.17,0.81,33.93,5.58,24.23,6.15,6.07,20.47,11.32
3455,14.17,0.81,33.93,5.58,24.23,6.15,6.07,20.47,11.32
3460,14.17,0.81,33.93,5.58,24.23,6.15,6.07,20.47,11.32
3465,14.17,0.81,33.93,5.58,24.23,6.15,6.07,20.47,11.32
3470,14.17,0.81,33.93,5.58,24.23,6.15,6.07,20.47,11.32
3475,14.17,0.81,33.93,5.58,24.23,6.15,6.07,20.47,11.32
3480,14.17,0.81,33.93,5.58,24.23,6.15,6.07,20.47,11.32
3485,14.17,0.81,33.93,5.58,24.23,6.15,6.07,20.47,11.32
3490,14.17,0.81,33.93,5.58,24.23,6.15,6.07,20.47,11.32
3495,14.17,0.81,33.93,5.58,24.23,6.15,6.07,20.47,11.32
3500,14.17,0.81,33.93,5.58,24.23,6.15,6.07,20.47,11.32
3505,14.17,0.81,33.93,5.58,24.23,6.15,6.07,20.47,11.32
3510,14.17,0.81,33.93,5.58,24.23,6.15,6.07,20.47,11.32
3515,14.17,0.81,33.93,5.58,24.23,6.15,6.07,20.47,11.32
3520,14.17,0.81,33.93,5.58,24.23,6.15,6.07,20.47,11.32
3525,14.17,0.81,33.93,5.58,24.23,6.15,6.07,20.47,11.32
3530,14.17,0.81,33.93,5.58,24.23,6.15,6.07,20.47,11.32
3535,14.17,0.81,33.93,5.58,24.23,6.15,6.07,20.47,11.32
3540,14.17,0.81,33.93,5.58,24.23,6.15,6.07,20.47,11.32
3545,14.17,0.81,33.93,5.58,24.23,6.15,6.07,20.47,11.32
3550,14.17,0.81,33.93,5.58,24.23,6.15,6.07,20.47,11.32
3555,14.17,0.81,33.93,5.58,24.23,6.15,6.07,20.47,11.32
3560,14.17,0.81,33.93,5.58,24.23,6.15,6.07,20.47,11.32
3565,14.17,0.81,33.93,5.58,24.23,6.15,6.07,20.47,11.32
3570,14.17,0.81,33.93,5.58,24.23,6.15,6.07,20.47,11.32
3575,14.17,0.81,33.93,5.58,24.23,6.15,6.07,20.47,11.32
3580,14.17,0.81,33.93,5.58,24.23,6.15,6.07,20.47,11.32
3585,14.17,0.81,33.93,5.58,24.23,6.15,6.07,20.47,11.32
3590,14.17,0.81,33.93,5.58,24.23,6.15,6.07,20.47,11.32
3595,14.17,0.81,33.93,5.58,24.23,6.15,6.07,20.47,11.32
3600,13.01,0.83,36.81,5.26,24.05,5.93,5.81,20.77,11.57
3605,13.01,0.83,36.81,5.26,24.05,5.93,5.81,20.77,11.57
3610,13.01,0.83,36.81,5.26,24.05,5.93,5.81,20.77,11.57
3615,13.01,0.83,36.81,5.26,24.05,5.93,5.81,20.77,11.57
3620,13.01,0.83,36.81,5.26,24.05,5.93,5.81,20.77,11.57
3625,13.01,0.83,36.81,5.26,24.05,5.93,5.81,20.77,11.57
3630,13.01,0.83,36.81,5.26,24.05,5.93,5.81,20.77,11.57
3635,13.01,0.83,36.81,5.26,24.05,5.93,5.81,20.77,11.57
3640,13.01,0.83,36.81,5.26,24.05,5.93,5.81,20.77,11.57
3645,13.01,0.83,36.81,5.26,24.05,5.93,5.81,20.77,11.57
3650,13.01,0.83,36.81,5.26,24.05,5.93,5.81,20.77,11.57
3655,13.01,0.83,36.81,5.26,24.05,5.93,5.81,20.77,11.57
3660,13.01,0.83,36.81,5.26,24.05,5.93,5.81,20.77,11.57
3665,13.01,0.83,36.81,5.26,24.05,5.93,5.81,20.77,11.57
3670,13.01,0.83,36.81,5.26,24.05,5.93,5.81,20.77,11.57
3675,13.01,0.83,36.81,5.26,24.05,5.93,5.81,20.77,11.57
3680,13.01,0.83,36.81,5.26,24.05,5.93,5.81,20.77,11.57
3685,13.01,0.83,36.81,5.26,24.05,5.93,5.81,20.77,11.57
3690,13.01,0.83,36.81,5.26,24.05,5.93,5.81,20.77,11.57
3695,13.01,0.83,36.81,5.26,24.05,5.93,5.81,20.77,11.57
3700,13.01,0.83,36.81,5.26,24.05,5.93,5.81,20.77,11.57
3705,13.01,0.83,36.81,5.26,24.05,5.93,5.81,20.77,11.57
3710,13.01,0.83,36.81,5.26,24.05,5.93,5.81,20.77,11.57
3715,13.01,0.83,36.81,5.26,24.05,5.93,5.81,20.77,11.57
3720,13.01,0.83,36.81,5.26,24.05,5.93,5.81,20.77,11.57
3725,13.01,0.83,36.81,5.26,24.05,5.93,5.81,20.77,11.57
3730,13.01,0.83,36.81,5.26,24.05,5.93,5.81,20.77,11.57
3735,13.01,0.83,36.81,5.26,24.05,5.93,5.81,20.77,11.57
3740,13.01,0.83,36.81,5.26,24.05,5.93,5.81,20.77,11.57
3745,13.01,0.83,36.81,5.26,24.05,5.93,5.81,20.77,11.57
3750,13.01,0.83,36.81,5.26,24.05,5.93,5.81,20.77,11.57
3755,13.01,0.83,36.81,5.26,24.05,5.93,5.81,20.77,11.57
3760,13.01,0.83,36.81,5.26,24.05,5.93,5.81,20.77,11.57
3765,13.01,0.83,36.81,5.26,24.05,5.93,5.81,20.77,11.57
3770,13.01,0.83,36.81,5.26,24.05,5.93,5.81,20.77,11.57
3775,13.01,0.83,36.81,5.26,24.05,5.93,5.81,20.77,11.57
3780,13.01,0.83,36.81,5.26,24.05,5.93,5.81,20.77,11.57
3785,13.01,0.83,36.81,5.26,24.05,5.93,5.81,20.77,11.57
3790,13.01,0.83,36.81,5.26,24.05,5.93,5.81,20.77,11.57
3795,13.01,0.83,36.81,5.26,24.05,5.93,5.81,20.77,11.57
3800,13.01,0.83,36.81,5.26,24.05,5.93,5.81,20.77,11.57
3805,13.01,0.83,36.81,5.26,24.05,5.93,5.81,20.77,11.57
3810,13.01,0.83,36.81,5.26,24.05,5.93,5.81,20.77,11.57
3815,13.01,0.83,36.81,5.26,24.05,5.93,5.81,20.77,11.57
3820,13.01,0.83,36.81,5.26,24.05,5.93,5.81,20.77,11.57
3825,13.01,0.83,36.81,5.26,24.05,5.93,5.81,20.77,11.57
3830,13.01,0.83,36.81,5.26,24.05,5.93,5.81,20.77,11.57
3835,13.01,0.83,36.81,5.26,24.05,5.93,5.81,20.77,11.57
3840,13.01,0.83,36.81,5.26,24.05,5.93,5.81,20.77,11.57
3845,13.01,0.83,36.81,5.26,24.05,5.93,5.81,20.77,11.57
3850,13.01,0.83,36.81,5.26,24.05,5.93,5.81,20.77,11.57
3855,13.01,0.83,36.81,5.26,24.05,5.93,5.81,20.77,11.57
3860,13.01,0.83,36.81,5.26,24.05,5.93,5.81,20.77,11.57
3865,13.01,0.83,36.81,5.26,24.05,5.93,5.81,20.77,11.57
3870,13.01,0.83,36.81,5.26,24.05,5.93,5.81,20.77,11.57
3875,13.01,0.83,36.81,5.26,24.05,5.93,5.81,20.77,11.57
3880,13.01,0.83,36.81,5.26,24.05,5.93,5.81,20.77,11.57
3885,13.01,0.83,36.81,5.26,24.05,5.93,5.81,20.77,11.57
3890,13.01,0.83,36.81,5.26,24.05,5.93,5.81,20.77,11.57
3895,13.01,0.83,36.81,5.26,24.05,5.93,5.81,20.77,11.57
3900,13.01,0.83,36.81,5.26,24.05,5.93,5.81,20.77,11.57
3905,13.01,0.83,36.81,5.26,24.05,5.93,5.81,20.77,11.57
3910,13.01,0.83,36.81,5.26,24.05,5.93,5.81,20.77,11.57
3915,13.01,0.83,36.81,5.26,24.05,5.93,5.81,20.77,11.57
3920,13.01,0.83,36.81,5.26,24.05,5.93,5.81,20.77,11.57
3925,13.01,0.83,36.81,5.26,24.05,5.93,5.81,20.77,11.57
3930,13.01,0.83,36.81,5.26,24.05,5.93,5.81,20.77,11.57
3935,13.01,0.83,36.81,5.26,24.05,5.93,5.81,20.77,11.57
3940,13.01,0.83,36.81,5.26,24.05,5.93,5.81,20.77,11.57
3945,13.01,0.83,36.81,5.26,24.05,5.93,5.81,20.77,11.57
3950,13.01,0.83,36.81,5.26,24.05,5.93,5.81,20.77,11.57
3955,13.01,0.83,36.81,5.26,24.05,5.93,5.81,20.77,11.57
3960,13.01,0.83,36.81,5.26,24.05,5.93,5.81,20.77,11.57
3965,13.01,0.83,36.81,5.26,24.05,5.93,5.81,20.77,11.57
3970,13.01,0.83,36.81,5.26,24.05,5.93,5.81,20.77,11.57
3975,13.01,0.83,36.81,5.26,24.05,5.93,5.81,20.77,11.57
3980,13.01,0.83,36.81,5.26,24.05,5.93,5.81,20.77,11.57
3985,13.01,0.83,36.81,5.26,24.05,5.93,5.81,20.77,11.57
3990,13.01,0.83,36.81,5.26,24.05,5.93,5.81,20.77,11.57
3995,13.01,0.83,36.81,5.26,24.05,5.93,5.81,20.77,11.57
4000,13.01,0.83,36.81,5.26,24.05,5.93,5.81,20.77,11.57
4005,13.01,0.83,36.81,5.26,24.05,5.93,5.81,20.77,11.57
4010,13.01,0.83,36.81,5.26,24.05,5.93,5.81,20.77,11.57
4015,13.01,0.83,36.81,5.26,24.05,5.93,5.81,20.77,11.57
4020,13.01,0.83,36.81,5.26,24.05,5.93,5.81,20.77,11.57
4025,13.01,0.83,36.81,5.26,24.05,5.93,5.81,20.77,11.57
4030,13.01,0.83,36.81,5.26,24.05,5.93,5.81,20.77,11.57
4035,13.01,0.83,36.81,5.26,24.05,5.93,5.81,20.77,11.57
4040,13.01,0.83,36.81,5.26,24.05,5.93,5.81,20.77,11.57
4045,13.01,0.83,36.81,5.26,24.05,5.93,5.81,20.77,11.57
4050,13.01,0.83,36.81,5.26,24.05,5.93,5.81,20.77,11.57
4055,13.01,0.83,36.81,5.26,24.05,5.93,5.81,20.77,11.57
4060,13.01,0.83,36.81,5.26,24.05,5.93,5.81,20.77,11.57
4065,13.01,0.83,36.81,5.26,24.05,5.93,5.81,20.77,11.57
4070,13.01,0.83,36.81,5.26,24.05,5.93,5.81,20.77,11.57
4075,13.01,0.83,36.81,5.26,24.05,5.93,5.81,20.77,11.57
4080,13.01,0.83,36.81,5.26,24.05,5.93,5.81,20.77,11.57
4085,13.01,0.83,36.81,5.26,24.05,5.93,5.81,20.77,11.57
4090,13.01,0.83,36.81,5.26,24.05,5.93,5.81,20.77,11.57
4095,13.01,0.83,36.81,5.26,24.05,5.93,5.81,20.77,11.57
4100,13.01,0.83,36.81,5.26,24.05,5.93,5.81,20.77,11.57
4105,13.01,0.83,36.81,5.26,24.05,5.93,5.81,20.77,11.57
4110,13.01,0.83,36.81,5.26,24.05,5.93,5.81,20.77,11.57
4115,13.01,0.83,36.81,5.26,24.05,5.93,5.81,20.77,11.57
4120,13.01,0.83,36.81,5.26,24.05,5.93,5.81,20.77,11.57
4125,13.01,0.83,36.81,5.26,24.05,5.93,5.81,20.77,11.57
4130,13.01,0.83,36.81,5.26,24.05,5.93,5.81,20.77,11.57
4135,13.01,0.83,36.81,5.26,24.05,5.93,5.81,20.77,11.57
4140,13.01,0.83,36.81,5.26,24.05,5.93,5.81,20.77,11.57
4145,13.01,0.83,36.81,5.26,24.05,5.93,5.81,20.77,11.57
4150,13.01,0.83,36.81,5.26,24.05,5.93,5.81,20.77,11.57
4155,13.01,0.83,36.81,5.26,24.05,5.93,5.81,20.77,11.57
4160,13.01,0.83,36.81,5.26,24.05,5.93,5.81,20.77,11.57
4165,13.01,0.83,36.81,5.26,24.05,5.93,5.81,20.77,11.57
4170,13.01,0.83,36.81,5.26,24.05,5.93,5.81,20.77,11.57
4175,13.01,0.83,36.81,5.26,24.05,5.93,5.81,20.77,11.57
4180,13.01,0.83,36.81,5.26,24.05,5.93,5.81,20.77,11.57
4185,13.01,0.83,36.81,5.26,24.05,5.93,5.81,20.77,11.57
4190,13.01,0.83,36.81,5.26,24.05,5.93,5.81,20.77,11.57
4195,13.01,0.83,36.81,5.26,24.05,5.93,5.81,20.77,11.57
4200,11.62,0.84,41.34,4.83,24.16,5.97,5.65,20.22,11.38
4205,11.62,0.84,41.34,4.83,24.16,5.97,5.65,20.22,11.38
4210,11.62,0.84,41.34,4.83,24.16,5.97,5.65,20.22,11.38
4215,11.62,0.84,41.34,4.83,24.16,5.97,5.65,20.22,11.38
4220,11.62,0.84,41.34,4.83,24.16,5.97,5.65,20.22,11.38
4225,11.62,0.84,41.34,4.83,24.16,5.97,5.65,20.22,11.38
4230,11.62,0.84,41.34,4.83,24.16,5.97,5.65,20.22,11.38
4235,11.62,0.84,41.34,4.83,24.16,5.97,5.65,20.22,11.38
4240,11.62,0.84,41.34,4.83,24.16,5.97,5.65,20.22,11.38
4245,11.62,0.84,41.34,4.83,24.16,5.97,5.65,20.22,11.38
4250,11.62,0.84,41.34,4.83,24.16,5.97,5.65,20.22,11.38
4255,11.62,0.84,41.34,4.83,24.16,5.97,5.65,20.22,11.38
4260,11.62,0.84,41.34,4.83,24.16,5.97,5.65,20.22,11.38
4265,11.62,0.84,41.34,4.83,24.16,5.97,5.65,20.22,11.38
4270,11.62,0.84,41.34,4.83,24.16,5.97,5.65,20.22,11.38
4275,11.62,0.84,41.34,4.83,24.16,5.97,5.65,20.22,11.38
4280,11.62,0.84,41.34,4.83,24.16,5.97,5.65,20.22,11.38
4285,11.62,0.84,41.34,4.83,24.16,5.97,5.65,20.22,11.38
4290,11.62,0.84,41.34,4.83,24.16,5.97,5.65,20.22,11.38
4295,11.62,0.84,41.34,4.83,24.16,5.97,5.65,20.22,11.38
4300,11.62,0.84,41.34,4.83,24.16,5.97,5.65,20.22,11.38
4305,11.62,0.84,41.34,4.83,24.16,5.97,5.65,20.22,11.38
4310,11.62,0.84,41.34,4.83,24.16,5.97,5.65,20.22,11.38
4315,11.62,0.84,41.34,4.83,24.16,5.97,5.65,20.22,11.38
4320,11.62,0.84,41.34,4.83,24.16,5.97,5.65,20.22,11.38
4325,11.62,0.84,41.34,4.83,24.16,5.97,5.65,20.22,11.38
4330,11.62,0.84,41.34,4.83,24.16,5.97,5.65,20.22,11.38
4335,11.62,0.84,41.34,4.83,24.16,5.97,5.65,20.22,11.38
4340,11.62,0.84,41.34,4.83,24.16,5.97,5.65,20.22,11.38
4345,11.62,0.84,41.34,4.83,24.16,5.97,5.65,20.22,11.38
4350,11.62,0.84,41.34,4.83,24.16,5.97,5.65,20.22,11.38
4355,11.62,0.84,41.34,4.83,24.16,5.97,5.65,20.22,11.38
4360,11.62,0.84,41.34,4.83,24.16,5.97,5.65,20.22,11.38
4365,11.62,0.84,41.34,4.83,24.16,5.97,5.65,20.22,11.38
4370,11.62,0.84,41.34,4.83,24.16,5.97,5.65,20.22,11.38
4375,11.62,0.84,41.34,4.83,24.16,5.97,5.65,20.22,11.38
4380,11.62,0.84,41.34,4.83,24.16,5.97,5.65,20.22,11.38
4385,11.62,0.84,41.34,4.83,24.16,5.97,5.65,20.22,11.38
4390,11.62,0.84,41.34,4.83,24.16,5.97,5.65,20.22,11.38
4395,11.62,0.84,41.34,4.83,24.16,5.97,5.65,20.22,11.38
4400,11.62,0.84,41.34,4.83,24.16,5.97,5.65,20.22,11.38
4405,11.62,0.84,41.34,4.83,24.16,5.97,5.65,20.22,11.38
4410,11.62,0.84,41.34,4.83,24.16,5.97,5.65,20.22,11.38
4415,11.62,0.84,41.34,4.83,24.16,5.97,5.65,20.22,11.38
4420,11.62,0.84,41.34,4.83,24.16,5.97,5.65,20.22,11.38
4425,11.62,0.84,41.34,4.83,24.16,5.97,5.65,20.22,11.38
4430,11.62,0.84,41.34,4.83,24.16,5.97,5.65,20.22,11.38
4435,11.62,0.84,41.34,4.83,24.16,5.97,5.65,20.22,11.38
4440,11.62,0.84,41.34,4.83,24.16,5.97,5.65,20.22,11.38
4445,11.62,0.84,41.34,4.83,24.16,5.97,5.65,20.22,11.38
4450,11.62,0.84,41.34,4.83,24.16,5.97,5.65,20.22,11.38
4455,11.62,0.84,41.34,4.83,24.16,5.97,5.65,20.22,11.38
4460,11.62,0.84,41.34,4.83,24.16,5.97,5.65,20.22,11.38
4465,11.62,0.84,41.34,4.83,24.16,5.97,5.65,20.22,11.38
4470,11.62,0.84,41.34,4.83,24.16,5.97,5.65,20.22,11.38
4475,11.62,0.84,41.34,4.83,24.16,5.97,5.65,20.22,11.38
4480,11.62,0.84,41.34,4.83,24.16,5.97,5.65,20.22,11.38
4485,11.62,0.84,41.34,4.83,24.16,5.97,5.65,20.22,11.38
4490,11.62,0.84,41.34,4.83,24.16,5.97,5.65,20.22,11.38
4495,11.62,0.84,41.34,4.83,24.16,5.97,5.65,20.22,11.38
4500,11.62,0.84,41.34,4.83,24.16,5.97,5.65,20.22,11.38
4505,11.62,0.84,41.34,4.83,24.16,5.97,5.65,20.22,11.38
4510,11.62,0.84,41.34,4.83,24.16,5.97,5.65,20.22,11.38
4515,11.62,0.84,41.34,4.83,24.16,5.97,5.65,20.22,11.38
4520,11.62,0.84,41.34,4.83,24.16,5.97,5.65,20.22,11.38
4525,11.62,0.84,41.34,4.83,24.16,5.97,5.65,20.22,11.38
4530,11.62,0.84,41.34,4.83,24.16,5.97,5.65,20.22,11.38
4535,11.62,0.84,41.34,4.83,24.16,5.97,5.65,20.22,11.38
4540,11.62,0.84,41.34,4.83,24.16,5.97,5.65,20.22,11.38
4545,11.62,0.84,41.34,4.83,24.16,5.97,5.65,20.22,11.38
4550,11.62,0.84,41.34,4.83,24.16,5.97,5.65,20.22,11.38
4555,11.62,0.84,41.34,4.83,24.16,5.97,5.65,20.22,11.38
4560,11.62,0.84,41.34,4.83,24.16,5.97,5.65,20.22,11.38
4565,11.62,0.84,41.34,4.83,24.16,5.97,5.65,20.22,11.38
4570,11.62,0.84,41.34,4.83,24.16,5.97,5.65,20.22,11.38
4575,11.62,0.84,41.34,4.83,24.16,5.97,5.65,20.22,11.38
4580,11.62,0.84,41.34,4.83,24.16,5.97,5.65,20.22,11.38
4585,11.62,0.84,41.34,4.83,24.16,5.97,5.65,20.22,11.38
4590,11.62,0.84,41.34,4.83,24.16,5.97,5.65,20.22,11.38
4595,11.62,0.84,41.34,4.83,24.16,5.97,5.65,20.22,11.38
4600,11.62,0.84,41.34,4.83,24.16,5.97,5.65,20.22,11.38
4605,11.62,0.84,41.34,4.83,24.16,5.97,5.65,20.22,11.38
4610,11.62,0.84,41.34,4.83,24.16,5.97,5.65,20.22,11.38
4615,11.62,0.84,41.34,4.83,24.16,5.97,5.65,20.22,11.38
4620,11.62,0.84,41.34,4.83,24.16,5.97,5.65,20.22,11.38
4625,11.62,0.84,41.34,4.83,24.16,5.97,5.65,20.22,11.38
4630,11.62,0.84,41.34,4.83,24.16,5.97,5.65,20.22,11.38
4635,11.62,0.84,41.34,4.83,24.16,5.97,5.65,20.22,11.38
4640,11.62,0.84,41.34,4.83,24.16,5.97,5.65,20.22,11.38
4645,11.62,0.84,41.34,4.83,24.16,5.97,5.65,20.22,11.38
4650,11.62,0.84,41.34,4.83,24.16,5.97,5.65,20.22,11.38
4655,11.62,0.84,41.34,4.83,24.16,5.97,5.65,20.22,11.38
4660,11.62,0.84,41.34,4.83,24.16,5.97,5.65,20.22,11.38
4665,11.62,0.84,41.34,4.83,24.16,5.97,5.65,20.22,11.38
4670,11.62,0.84,41.34,4.83,24.16,5.97,5.65,20.22,11.38
4675,11.62,0.84,41.34,4.83,24.16,5.97,5.65,20.22,11.38
4680,11.62,0.84,41.34,4.83,24.16,5.97,5.65,20.22,11.38
4685,11.62,0.84,41.34,4.83,24.16,5.97,5.65,20.22,11.38
4690,11.62,0.84,41.34,4.83,24.16,5.97,5.65,20.22,11.38
4695,11.62,0.84,41.34,4.83,24.16,5.97,5.65,20.22,11.38
4700,11.62,0.84,41.34,4.83,24.16,5.97,5.65,20.22,11.38
4705,11.62,0.84,41.34,4.83,24.16,5.97,5.65,20.22,11.38
4710,11.62,0.84,41.34,4.83,24.16,5.97,5.65,20.22,11.38
4715,11.62,0.84,41.34,4.83,24.16,5.97,5.65,20.22,11.38
4720,11.62,0.84,41.34,4.83,24.16,5.97,5.65,20.22,11.38
4725,11.62,0.84,41.34,4.83,24.16,5.97,5.65,20.22,11.38
4730,11.62,0.84,41.34,4.83,24.16,5.97,5.65,20.22,11.38
4735,11.62,0.84,41.34,4.83,24.16,5.97,5.65,20.22,11.38
4740,11.62,0.84,41.34,4.83,24.16,5.97,5.65,20.22,11.38
4745,11.62,0.84,41.34,4.83,24.16,5.97,5.65,20.22,11.38
4750,11.62,0.84,41.34,4.83,24.16,5.97,5.65,20.22,11.38
4755,11.62,0.84,41.34,4.83,24.16,5.97,5.65,20.22,11.38
4760,11.62,0.84,41.34,4.83,24.16,5.97,5.65,20.22,11.38
4765,11.62,0.84,41.34,4.83,24.16,5.97,5.65,20.22,11.38
4770,11.62,0.84,41.34,4.83,24.16,5.97,5.65,20.22,11.38
4775,11.62,0.84,41.34,4.83,24.16,5.97,5.65,20.22,11.38
4780,11.62,0.84,41.34,4.83,24.16,5.97,5.65,20.22,11.38
4785,11.62,0.84,41.34,4.83,24.16,5.97,5.65,20.22,11.38
4790,11.62,0.84,41.34,4.83,24.16,5.97,5.65,20.22,11.38
4795,11.62,0.84,41.34,4.83,24.16,5.97,5.65,20.22,11.38
4800,10.02,0.94,42.74,4.23,24.57,5.33,5.54,18.5,11.24
4805,10.02,0.94,42.74,4.23,24.57,5.33,5.54,18.5,11.24
4810,10.02,0.94,42.74,4.23,24.57,5.33,5.54,18.5,11.24
4815,10.02,0.94,42.74,4.23,24.57,5.33,5.54,18.5,11.24
4820,10.02,0.94,42.74,4.23,24.57,5.33,5.54,18.5,11.24
4825,10.02,0.94,42.74,4.23,24.57,5.33,5.54,18.5,11.24
4830,10.02,0.94,42.74,4.23,24.57,5.33,5.54,18.5,11.24
4835,10.02,0.94,42.74,4.23,24.57,5.33,5.54,18.5,11.24
4840,10.02,0.94,42.74,4.23,24.57,5.33,5.54,18.5,11.24
4845,10.02,0.94,42.74,4.23,24.57,5.33,5.54,18.5,11.24
4850,10.02,0.94,42.74,4.23,24.57,5.33,5.54,18.5,11.24
4855,10.02,0.94,42.74,4.23,24.57,5.33,5.54,18.5,11.24
4860,10.02,0.94,42.74,4.23,24.57,5.33,5.54,18.5,11.24
4865,10.02,0.94,42.74,4.23,24.57,5.33,5.54,18.5,11.24
4870,10.02,0.94,42.74,4.23,24.57,5.33,5.54,18.5,11.24
4875,10.02,0.94,42.74,4.23,24.57,5.33,5.54,18.5,11.24
4880,10.02,0.94,42.74,4.23,24.57,5.33,5.54,18.5,11.24
4885,10.02,0.94,42.74,4.23,24.57,5.33,5.54,18.5,11.24
4890,10.02,0.94,42.74,4.23,24.57,5.33,5.54,18.5,11.24
4895,10.02,0.94,42.74,4.23,24.57,5.33,5.54,18.5,11.24
4900,10.02,0.94,42.74,4.23,24.57,5.33,5.54,18.5,11.24
4905,10.02,0.94,42.74,4.23,24.57,5.33,5.54,18.5,11.24
4910,10.02,0.94,42.74,4.23,24.57,5.33,5.54,18.5,11.24
4915,10.02,0.94,42.74,4.23,24.57,5.33,5.54,18.5,11.24
4920,10.02,0.94,42.74,4.23,24.57,5.33,5.54,18.5,11.24
4925,10.02,0.94,42.74,4.23,24.57,5.33,5.54,18.5,11.24
4930,10.02,0.94,42.74,4.23,24.57,5.33,5.54,18.5,11.24
4935,10.02,0.94,42.74,4.23,24.57,5.33,5.54,18.5,11.24
4940,10.02,0.94,42.74,4.23,24.57,5.33,5.54,18.5,11.24
4945,10.02,0.94,42.74,4.23,24.57,5.33,5.54,18.5,11.24
4950,10.02,0.94,42.74,4.23,24.57,5.33,5.54,18.5,11.24
4955,10.02,0.94,42.74,4.23,24.57,5.33,5.54,18.5,11.24
4960,10.02,0.94,42.74,4.23,24.57,5.33,5.54,18.5,11.24
4965,10.02,0.94,42.74,4.23,24.57,5.33,5.54,18.5,11.24
4970,10.02,0.94,42.74,4.23,24.57,5.33,5.54,18.5,11.24
4975,10.02,0.94,42.74,4.23,24.57,5.33,5.54,18.5,11.24
4980,10.02,0.94,42.74,4.23,24.57,5.33,5.54,18.5,11.24
4985,10.02,0.94,42.74,4.23,24.57,5.33,5.54,18.5,11.24
4990,10.02,0.94,42.74,4.23,24.57,5.33,5.54,18.5,11.24
4995,10.02,0.94,42.74,4.23,24.57,5.33,5.54,18.5,11.24
5000,10.02,0.94,42.74,4.23,24.57,5.33,5.54,18.5,11.24
5005,10.02,0.94,42.74,4.23,24.57,5.33,5.54,18.5,11.24
5010,10.02,0.94,42.74,4.23,24.57,5.33,5.54,18.5,11.24
5015,10.02,0.94,42.74,4.23,24.57,5.33,5.54,18.5,11.24
5020,10.02,0.94,42.74,4.23,24.57,5.33,5.54,18.5,11.24
5025,10.02,0.94,42.74,4.23,24.57,5.33,5.54,18.5,11.24
5030,10.02,0.94,42.74,4.23,24.57,5.33,5.54,18.5,11.24
5035,10.02,0.94,42.74,4.23,24.57,5.33,5.54,18.5,11.24
5040,10.02,0.94,42.74,4.23,24.57,5.33,5.54,18.5,11.24
5045,10.02,0.94,42.74,4.23,24.57,5.33,5.54,18.5,11.24
5050,10.02,0.94,42.74,4.23,24.57,5.33,5.54,18.5,11.24
5055,10.02,0.94,42.74,4.23,24.57,5.33,5.54,18.5,11.24
5060,10.02,0.94,42.74,4.23,24.57,5.33,5.54,18.5,11.24
5065,10.02,0.94,42.74,4.23,24.57,5.33,5.54,18.5,11.24
5070,10.02,0.94,42.74,4.23,24.57,5.33,5.54,18.5,11.24
5075,10.02,0.94,42.74,4.23,24.57,5.33,5.54,18.5,11.24
5080,10.02,0.94,42.74,4.23,24.57,5.33,5.54,18.5,11.24
5085,10.02,0.94,42.74,4.23,24.57,5.33,5.54,18.5,11.24
5090,10.02,0.94,42.74,4.23,24.57,5.33,5.54,18.5,11.24
5095,10.02,0.94,42.74,4.23,24.57,5.33,5.54,18.5,11.24
5100,10.02,0.94,42.74,4.23,24.57,5.33,5.54,18.5,11.24
5105,10.02,0.94,42.74,4.23,24.57,5.33,5.54,18.5,11.24
5110,10.02,0.94,42.74,4.23,24.57,5.33,5.54,18.5,11.24
5115,10.02,0.94,42.74,4.23,24.57,5.33,5.54,18.5,11.24
5120,10.02,0.94,42.74,4.23,24.57,5.33,5.54,18.5,11.24
5125,10.02,0.94,42.74,4.23,24.57,5.33,5.54,18.5,11.24
5130,10.02,0.94,42.74,4.23,24.57,5.33,5.54,18.5,11.24
5135,10.02,0.94,42.74,4.23,24.57,5.33,5.54,18.5,11.24
5140,10.02,0.94,42.74,4.23,24.57,5.33,5.54,18.5,11.24
5145,10.02,0.94,42.74,4.23,24.57,5.33,5.54,18.5,11.24
5150,10.02,0.94,42.74,4.23,24.57,5.33,5.54,18.5,11.24
5155,10.02,0.94,42.74,4.23,24.57,5.33,5.54,18.5,11.24
5160,10.02,0.94,42.74,4.23,24.57,5.33,5.54,18.5,11.24
5165,10.02,0.94,42.74,4.23,24.57,5.33,5.54,18.5,11.24
5170,10.02,0.94,42.74,4.23,24.57,5.33,5.54,18.5,11.24
5175,10.02,0.94,42.74,4.23,24.57,5.33,5.54,18.5,11.24
5180,10.02,0.94,42.74,4.23,24.57,5.33,5.54,18.5,11.24
5185,10.02,0.94,42.74,4.23,24.57,5.33,5.54,18.5,11.24
5190,10.02,0.94,42.74,4.23,24.57,5.33,5.54,18.5,11.24
5195,10.02,0.94,42.74,4.23,24.57,5.33,5.54,18.5,11.24
5200,10.02,0.94,42.74,4.23,24.57,5.33,5.54,18.5,11.24
5205,10.02,0.94,42.74,4.23,24.57,5.33,5.54,18.5,11.24
5210,10.02,0.94,42.74,4.23,24.57,5.33,5.54,18.5,11.24
5215,10.02,0.94,42.74,4.23,24.57,5.33,5.54,18.5,11.24
5220,10.02,0.94,42.74,4.23,24.57,5.33,5.54,18.5,11.24
5225,10.02,0.94,42.74,4.23,24.57,5.33,5.54,18.5,11.24
5230,10.02,0.94,42.74,4.23,24.57,5.33,5.54,18.5,11.24
5235,10.02,0.94,42.74,4.23,24.57,5.33,5.54,18.5,11.24
5240,10.02,0.94,42.74,4.23,24.57,5.33,5.54,18.5,11.24
5245,10.02,0.94,42.74,4.23,24.57,5.33,5.54,18.5,11.24
5250,10.02,0.94,42.74,4.23,24.57,5.33,5.54,18.5,11.24
5255,10.02,0.94,42.74,4.23,24.57,5.33,5.54,18.5,11.24
5260,10.02,0.94,42.74,4.23,24.57,5.33,5.54,18.5,11.24
5265,10.02,0.94,42.74,4.23,24.57,5.33,5.54,18.5,11.24
5270,10.02,0.94,42.74,4.23,24.57,5.33,5.54,18.5,11.24
5275,10.02,0.94,42.74,4.23,24.57,5.33,5.54,18.5,11.24
5280,10.02,0.94,42.74,4.23,24.57,5.33,5.54,18.5,11.24
5285,10.02,0.94,42.74,4.23,24.57,5.33,5.54,18.5,11.24
5290,10.02,0.94,42.74,4.23,24.57,5.33,5.54,18.5,11.24
5295,10.02,0.94,42.74,4.23,24.57,5.33,5.54,18.5,11.24
5300,10.02,0.94,42.74,4.23,24.57,5.33,5.54,18.5,11.24
5305,10.02,0.94,42.74,4.23,24.57,5.33,5.54,18.5,11.24
5310,10.02,0.94,42.74,4.23,24.57,5.33,5.54,18.5,11.24
5315,10.02,0.94,42.74,4.23,24.57,5.33,5.54,18.5,11.24
5320,10.02,0.94,42.74,4.23,24.57,5.33,5.54,18.5,11.24
5325,10.02,0.94,42.74,4.23,24.57,5.33,5.54,18.5,11.24
5330,10.02,0.94,42.74,4.23,24.57,5.33,5.54,18.5,11.24
5335,10.02,0.94,42.74,4.23,24.57,5.33,5.54,18.5,11.24
5340,10.02,0.94,42.74,4.23,24.57,5.33,5.54,18.5,11.24
5345,10.02,0.94,42.74,4.23,24.57,5.33,5.54,18.5,11.24
5350,10.02,0.94,42.74,4.23,24.57,5.33,5.54,18.5,11.24
5355,10.02,0.94,42.74,4.23,24.57,5.33,5.54,18.5,11.24
5360,10.02,0.94,42.74,4.23,24.57,5.33,5.54,18.5,11.24
5365,10.02,0.94,42.74,4.23,24.57,5.33,5.54,18.5,11.24
5370,10.02,0.94,42.74,4.23,24.57,5.33,5.54,18.5,11.24
5375,10.02,0.94,42.74,4.23,24.57,5.33,5.54,18.5,11.24
5380,10.02,0.94,42.74,4.23,24.57,5.33,5.54,18.5,11.24
5385,10.02,0.94,42.74,4.23,24.57,5.33,5.54,18.5,11.24
5390,10.02,0.94,42.74,4.23,24.57,5.33,5.54,18.5,11.24
5395,10.02,0.94,42.74,4.23,24.57,5.33,5.54,18.5,11.24
5400,8.37,1.47,41.03,3.7,24.71,4.16,8.07,17.11,10.98
5405,8.37,1.47,41.03,3.7,24.71,4.16,8.07,17.11,10.98
5410,8.37,1.47,41.03,3.7,24.71,4.16,8.07,17.11,10.98
5415,8.37,1.47,41.03,3.7,24.71,4.16,8.07,17.11,10.98
5420,8.37,1.47,41.03,3.7,24.71,4.16,8.07,17.11,10.98
5425,8.37,1.47,41.03,3.7,24.71,4.16,8.07,17.11,10.98
5430,8.37,1.47,41.03,3.7,24.71,4.16,8.07,17.11,10.98
5435,8.37,1.47,41.03,3.7,24.71,4.16,8.07,17.11,10.98
5440,8.37,1.47,41.03,3.7,24.71,4.16,8.07,17.11,10.98
5445,8.37,1.47,41.03,3.7,24.71,4.16,8.07,17.11,10.98
5450,8.37,1.47,41.03,3.7,24.71,4.16,8.07,17.11,10.98
5455,8.37,1.47,41.03,3.7,24.71,4.16,8.07,17.11,10.98
5460,8.37,1.47,41.03,3.7,24.71,4.16,8.07,17.11,10.98
5465,8.37,1.47,41.03,3.7,24.71,4.16,8.07,17.11,10.98
5470,8.37,1.47,41.03,3.7,24.71,4.16,8.07,17.11,10.98
5475,8.37,1.47,41.03,3.7,24.71,4.16,8.07,17.11,10.98
5480,8.37,1.47,41.03,3.7,24.71,4.16,8.07,17.11,10.98
5485,8.37,1.47,41.03,3.7,24.71,4.16,8.07,17.11,10.98
5490,8.37,1.47,41.03,3.7,24.71,4.16,8.07,17.11,10.98
5495,8.37,1.47,41.03,3.7,24.71,4.16,8.07,17.11,10.98
5500,8.37,1.47,41.03,3.7,24.71,4.16,8.07,17.11,10.98
5505,8.37,1.47,41.03,3.7,24.71,4.16,8.07,17.11,10.98
5510,8.37,1.47,41.03,3.7,24.71,4.16,8.07,17.11,10.98
5515,8.37,1.47,41.03,3.7,24.71,4.16,8.07,17.11,10.98
5520,8.37,1.47,41.03,3.7,24.71,4.16,8.07,17.11,10.98
5525,8.37,1.47,41.03,3.7,24.71,4.16,8.07,17.11,10.98
5530,8.37,1.47,41.03,3.7,24.71,4.16,8.07,17.11,10.98
5535,8.37,1.47,41.03,3.7,24.71,4.16,8.07,17.11,10.98
5540,8.37,1.47,41.03,3.7,24.71,4.16,8.07,17.11,10.98
5545,8.37,1.47,41.03,3.7,24.71,4.16,8.07,17.11,10.98
5550,8.37,1.47,41.03,3.7,24.71,4.16,8.07,17.11,10.98
5555,8.37,1.47,41.03,3.7,24.71,4.16,8.07,17.11,10.98
5560,8.37,1.47,41.03,3.7,24.71,4.16,8.07,17.11,10.98
5565,8.37,1.47,41.03,3.7,24.71,4.16,8.07,17.11,10.98
5570,8.37,1.47,41.03,3.7,24.71,4.16,8.07,17.11,10.98
5575,8.37,1.47,41.03,3.7,24.71,4.16,8.07,17.11,10.98
5580,8.37,1.47,41.03,3.7,24.71,4.16,8.07,17.11,10.98
5585,8.37,1.47,41.03,3.7,24.71,4.16,8.07,17.11,10.98
5590,8.37,1.47,41.03,3.7,24.71,4.16,8.07,17.11,10.98
5595,8.37,1.47,41.03,3.7,24.71,4.16,8.07,17.11,10.98
5600,8.37,1.47,41.03,3.7,24.71,4.16,8.07,17.11,10.98
5605,8.37,1.47,41.03,3.7,24.71,4.16,8.07,17.11,10.98
5610,8.37,1.47,41.03,3.7,24.71,4.16,8.07,17.11,10.98
5615,8.37,1.47,41.03,3.7,24.71,4.16,8.07,17.11,10.98
5620,8.37,1.47,41.03,3.7,24.71,4.16,8.07,17.11,10.98
5625,8.37,1.47,41.03,3.7,24.71,4.16,8.07,17.11,10.98
5630,8.37,1.47,41.03,3.7,24.71,4.16,8.07,17.11,10.98
5635,8.37,1.47,41.03,3.7,24.71,4.16,8.07,17.11,10.98
5640,8.37,1.47,41.03,3.7,24.71,4.16,8.07,17.11,10.98
5645,8.37,1.47,41.03,3.7,24.71,4.16,8.07,17.11,10.98
5650,8.37,1.47,41.03,3.7,24.71,4.16,8.07,17.11,10.98
5655,8.37,1.47,41.03,3.7,24.71,4.16,8.07,17.11,10.98
5660,8.37,1.47,41.03,3.7,24.71,4.16,8.07,17.11,10.98
5665,8.37,1.47,41.03,3.7,24.71,4.16,8.07,17.11,10.98
5670,8.37,1.47,41.03,3.7,24.71,4.16,8.07,17.11,10.98
5675,8.37,1.47,41.03,3.7,24.71,4.16,8.07,17.11,10.98
5680,8.37,1.47,41.03,3.7,24.71,4.16,8.07,17.11,10.98
5685,8.37,1.47,41.03,3.7,24.71,4.16,8.07,17.11,10.98
5690,8.37,1.47,41.03,3.7,24.71,4.16,8.07,17.11,10.98
5695,8.37,1.47,41.03,3.7,24.71,4.16,8.07,17.11,10.98
5700,8.37,1.47,41.03,3.7,24.71,4.16,8.07,17.11,10.98
5705,8.37,1.47,41.03,3.7,24.71,4.16,8.07,17.11,10.98
5710,8.37,1.47,41.03,3.7,24.71,4.16,8.07,17.11,10.98
5715,8.37,1.47,41.03,3.7,24.71,4.16,8.07,17.11,10.98
5720,8.37,1.47,41.03,3.7,24.71,4.16,8.07,17.11,10.98
5725,8.37,1.47,41.03,3.7,24.71,4.16,8.07,17.11,10.98
5730,8.37,1.47,41.03,3.7,24.71,4.16,8.07,17.11,10.98
5735,8.37,1.47,41.03,3.7,24.71,4.16,8.07,17.11,10.98
5740,8.37,1.47,41.03,3.7,24.71,4.16,8.07,17.11,10.98
5745,8.37,1.47,41.03,3.7,24.71,4.16,8.07,17.11,10.98
5750,8.37,1.47,41.03,3.7,24.71,4.16,8.07,17.11,10.98
5755,8.37,1.47,41.03,3.7,24.71,4.16,8.07,17.11,10.98
5760,8.37,1.47,41.03,3.7,24.71,4.16,8.07,17.11,10.98
5765,8.37,1.47,41.03,3.7,24.71,4.16,8.07,17.11,10.98
5770,8.37,1.47,41.03,3.7,24.71,4.16,8.07,17.11,10.98
5775,8.37,1.47,41.03,3.7,24.71,4.16,8.07,17.11,10.98
5780,8.37,1.47,41.03,3.7,24.71,4.16,8.07,17.11,10.98
5785,8.37,1.47,41.03,3.7,24.71,4.16,8.07,17.11,10.98
5790,8.37,1.47,41.03,3.7,24.71,4.16,8.07,17.11,10.98
5795,8.37,1.47,41.03,3.7,24.71,4.16,8.07,17.11,10.98
5800,8.37,1.47,41.03,3.7,24.71,4.16,8.07,17.11,10.98
5805,8.37,1.47,41.03,3.7,24.71,4.16,8.07,17.11,10.98
5810,8.37,1.47,41.03,3.7,24.71,4.16,8.07,17.11,10.98
5815,8.37,1.47,41.03,3.7,24.71,4.16,8.07,17.11,10.98
5820,8.37,1.47,41.03,3.7,24.71,4.16,8.07,17.11,10.98
5825,8.37,1.47,41.03,3.7,24.71,4.16,8.07,17.11,10.98
5830,8.37,1.47,41.03,3.7,24.71,4.16,8.07,17.11,10.98
5835,8.37,1.47,41.03,3.7,24.71,4.16,8.07,17.11,10.98
5840,8.37,1.47,41.03,3.7,24.71,4.16,8.07,17.11,10.98
5845,8.37,1.47,41.03,3.7,24.71,4.16,8.07,17.11,10.98
5850,8.37,1.47,41.03,3.7,24.71,4.16,8.07,17.11,10.98
5855,8.37,1.47,41.03,3.7,24.71,4.16,8.07,17.11,10.98
5860,8.37,1.47,41.03,3.7,24.71,4.16,8.07,17.11,10.98
5865,8.37,1.47,41.03,3.7,24.71,4.16,8.07,17.11,10.98
5870,8.37,1.47,41.03,3.7,24.71,4.16,8.07,17.11,10.98
5875,8.37,1.47,41.03,3.7,24.71,4.16,8.07,17.11,10.98
5880,8.37,1.47,41.03,3.7,24.71,4.16,8.07,17.11,10.98
5885,8.37,1.47,41.03,3.7,24.71,4.16,8.07,17.11,10.98
5890,8.37,1.47,41.03,3.7,24.71,4.16,8.07,17.11,10.98
5895,8.37,1.47,41.03,3.7,24.71,4.16,8.07,17.11,10.98
5900,8.37,1.47,41.03,3.7,24.71,4.16,8.07,17.11,10.98
5905,8.37,1.47,41.03,3.7,24.71,4.16,8.07,17.11,10.98
5910,8.37,1.47,41.03,3.7,24.71,4.16,8.07,17.11,10.98
5915,8.37,1.47,41.03,3.7,24.71,4.16,8.07,17.11,10.98
5920,8.37,1.47,41.03,3.7,24.71,4.16,8.07,17.11,10.98
5925,8.37,1.47,41.03,3.7,24.71,4.16,8.07,17.11,10.98
5930,8.37,1.47,41.03,3.7,24.71,4.16,8.07,17.11,10.98
5935,8.37,1.47,41.03,3.7,24.71,4.16,8.07,17.11,10.98
5940,8.37,1.47,41.03,3.7,24.71,4.16,8.07,17.11,10.98
5945,8.37,1.47,41.03,3.7,24.71,4.16,8.07,17.11,10.98
5950,8.37,1.47,41.03,3.7,24.71,4.16,8.07,17.11,10.98
5955,8.37,1.47,41.03,3.7,24.71,4.16,8.07,17.11,10.98
5960,8.37,1.47,41.03,3.7,24.71,4.16,8.07,17.11,10.98
5965,8.37,1.47,41.03,3.7,24.71,4.16,8.07,17.11,10.98
5970,8.37,1.47,41.03,3.7,24.71,4.16,8.07,17.11,10.98
5975,8.37,1.47,41.03,3.7,24.71,4.16,8.07,17.11,10.98
5980,8.37,1.47,41.03,3.7,24.71,4.16,8.07,17.11,10.98
5985,8.37,1.47,41.03,3.7,24.71,4.16,8.07,17.11,10.98
5990,8.37,1.47,41.03,3.7,24.71,4.16,8.07,17.11,10.98
5995,8.37,1.47,41.03,3.7,24.71,4.16,8.07,17.11,10.98
6000,6.74,1.44,37.55,3.16,24.59,4.51,7.16,16.69,11.07
