ts,beijing_dongguan,beijing_nanjing,dongguan_beijing,dongguan_nanjing,nanjing_beijing,nanjing_dongguan
50,0.68,13.03,0.19,16.72,3.07,34.02
55,0.68,13.03,0.19,16.72,3.07,34.02
60,0.68,13.03,0.19,16.72,3.07,34.02
65,0.68,13.03,0.19,16.72,3.07,34.02
70,0.68,13.03,0.19,16.72,3.07,34.02
75,0.68,13.03,0.19,16.72,3.07,34.02
80,0.68,13.03,0.19,16.72,3.07,34.02
85,0.68,13.03,0.19,16.72,3.07,34.02
90,0.68,13.03,0.19,16.72,3.07,34.02
95,0.68,13.03,0.19,16.72,3.07,34.02
100,0.68,13.03,0.19,16.72,3.07,34.02
105,0.68,13.03,0.19,16.72,3.07,34.02
110,0.68,13.03,0.19,16.72,3.07,34.02
115,0.68,13.03,0.19,16.72,3.07,34.02
120,0.68,13.03,0.19,16.72,3.07,34.02
125,0.68,13.03,0.19,16.72,3.07,34.02
130,0.68,13.03,0.19,16.72,3.07,34.02
135,0.68,13.03,0.19,16.72,3.07,34.02
140,0.68,13.03,0.19,16.72,3.07,34.02
145,0.68,13.03,0.19,16.72,3.07,34.02
150,0.68,13.03,0.19,16.72,3.07,34.02
155,0.68,13.03,0.19,16.72,3.07,34.02
160,0.68,13.03,0.19,16.72,3.07,34.02
165,0.68,13.03,0.19,16.72,3.07,34.02
170,0.68,13.03,0.19,16.72,3.07,34.02
175,0.68,13.03,0.19,16.72,3.07,34.02
180,0.68,13.03,0.19,16.72,3.07,34.02
185,0.68,13.03,0.19,16.72,3.07,34.02
190,0.68,13.03,0.19,16.72,3.07,34.02
195,0.68,13.03,0.19,16.72,3.07,34.02
200,0.68,13.03,0.19,16.72,3.07,34.02
205,0.68,13.03,0.19,16.72,3.07,34.02
210,0.68,13.03,0.19,16.72,3.07,34.02
215,0.68,13.03,0.19,16.72,3.07,34.02
220,0.68,13.03,0.19,16.72,3.07,34.02
225,0.68,13.03,0.19,16.72,3.07,34.02
230,0.68,13.03,0.19,16.72,3.07,34.02
235,0.68,13.03,0.19,16.72,3.07,34.02
240,0.68,13.03,0.19,16.72,3.07,34.02
245,0.68,13.03,0.19,16.72,3.07,34.02
250,0.68,13.03,0.19,16.72,3.07,34.02
255,0.68,13.03,0.19,16.72,3.07,34.02
260,0.68,13.03,0.19,16.72,3.07,34.02
265,0.68,13.03,0.19,16.72,3.07,34.02
270,0.68,13.03,0.19,16.72,3.07,34.02
275,0.68,13.03,0.19,16.72,3.07,34.02
280,0.68,13.03,0.19,16.72,3.07,34.02
285,0.68,13.03,0.19,16.72,3.07,34.02
290,0.68,13.03,0.19,16.72,3.07,34.02
295,0.68,13.03,0.19,16.72,3.07,34.02
300,0.68,13.03,0.19,16.72,3.07,34.02
305,0.68,13.03,0.19,16.72,3.07,34.02
310,0.68,13.03,0.19,16.72,3.07,34.02
315,0.68,13.03,0.19,16.72,3.07,34.02
320,0.68,13.03,0.19,16.72,3.07,34.02
325,0.68,13.03,0.19,16.72,3.07,34.02
330,0.68,13.03,0.19,16.72,3.07,34.02
335,0.68,13.03,0.19,16.72,3.07,34.02
340,0.68,13.03,0.19,16.72,3.07,34.02
345,0.68,13.03,0.19,16.72,3.07,34.02
350,0.68,13.03,0.19,16.72,3.07,34.02
355,0.68,13.03,0.19,16.72,3.07,34.02
360,0.68,13.03,0.19,16.72,3.07,34.02
365,0.68,13.03,0.19,16.72,3.07,34.02
370,0.68,13.03,0.19,16.72,3.07,34.02
375,0.68,13.03,0.19,16.72,3.07,34.02
380,0.68,13.03,0.19,16.72,3.07,34.02
385,0.68,13.03,0.19,16.72,3.07,34.02
390,0.68,13.03,0.19,16.72,3.07,34.02
395,0.68,13.03,0.19,16.72,3.07,34.02
400,0.68,13.03,0.19,16.72,3.07,34.02
405,0.68,13.03,0.19,16.72,3.07,34.02
410,0.68,13.03,0.19,16.72,3.07,34.02
415,0.68,13.03,0.19,16.72,3.07,34.02
420,0.68,13.03,0.19,16.72,3.07,34.02
425,0.68,13.03,0.19,16.72,3.07,34.02
430,0.68,13.03,0.19,16.72,3.07,34.02
435,0.68,13.03,0.19,16.72,3.07,34.02
440,0.68,13.03,0.19,16.72,3.07,34.02
445,0.68,13.03,0.19,16.72,3.07,34.02
450,0.68,13.03,0.19,16.72,3.07,34.02
455,0.68,13.03,0.19,16.72,3.07,34.02
460,0.68,13.03,0.19,16.72,3.07,34.02
465,0.68,13.03,0.19,16.72,3.07,34.02
470,0.68,13.03,0.19,16.72,3.07,34.02
475,0.68,13.03,0.19,16.72,3.07,34.02
480,0.68,13.03,0.19,16.72,3.07,34.02
485,0.68,13.03,0.19,16.72,3.07,34.02
490,0.68,13.03,0.19,16.72,3.07,34.02
495,0.68,13.03,0.19,16.72,3.07,34.02
500,0.68,13.03,0.19,16.72,3.07,34.02
505,0.68,13.03,0.19,16.72,3.07,34.02
510,0.68,13.03,0.19,16.72,3.07,34.02
515,0.68,13.03,0.19,16.72,3.07,34.02
520,0.68,13.03,0.19,16.72,3.07,34.02
525,0.68,13.03,0.19,16.72,3.07,34.02
530,0.68,13.03,0.19,16.72,3.07,34.02
535,0.68,13.03,0.19,16.72,3.07,34.02
540,0.68,13.03,0.19,16.72,3.07,34.02
545,0.68,13.03,0.19,16.72,3.07,34.02
550,0.68,13.03,0.19,16.72,3.07,34.02
555,0.68,13.03,0.19,16.72,3.07,34.02
560,0.68,13.03,0.19,16.72,3.07,34.02
565,0.68,13.03,0.19,16.72,3.07,34.02
570,0.68,13.03,0.19,16.72,3.07,34.02
575,0.68,13.03,0.19,16.72,3.07,34.02
580,0.68,13.03,0.19,16.72,3.07,34.02
585,0.68,13.03,0.19,16.72,3.07,34.02
590,0.68,13.03,0.19,16.72,3.07,34.02
595,0.68,13.03,0.19,16.72,3.07,34.02
600,0.67,12.73,0.19,16.7,3.51,34.17
605,0.67,12.73,0.19,16.7,3.51,34.17
610,0.67,12.73,0.19,16.7,3.51,34.17
615,0.67,12.73,0.19,16.7,3.51,34.17
620,0.67,12.73,0.19,16.7,3.51,34.17
625,0.67,12.73,0.19,16.7,3.51,34.17
630,0.67,12.73,0.19,16.7,3.51,34.17
635,0.67,12.73,0.19,16.7,3.51,34.17
640,0.67,12.73,0.19,16.7,3.51,34.17
645,0.67,12.73,0.19,16.7,3.51,34.17
650,0.67,12.73,0.19,16.7,3.51,34.17
655,0.67,12.73,0.19,16.7,3.51,34.17
660,0.67,12.73,0.19,16.7,3.51,34.17
665,0.67,12.73,0.19,16.7,3.51,34.17
670,0.67,12.73,0.19,16.7,3.51,34.17
675,0.67,12.73,0.19,16.7,3.51,34.17
680,0.67,12.73,0.19,16.7,3.51,34.17
685,0.67,12.73,0.19,16.7,3.51,34.17
690,0.67,12.73,0.19,16.7,3.51,34.17
695,0.67,12.73,0.19,16.7,3.51,34.17
700,0.67,12.73,0.19,16.7,3.51,34.17
705,0.67,12.73,0.19,16.7,3.51,34.17
710,0.67,12.73,0.19,16.7,3.51,34.17
715,0.67,12.73,0.19,16.7,3.51,34.17
720,0.67,12.73,0.19,16.7,3.51,34.17
725,0.67,12.73,0.19,16.7,3.51,34.17
730,0.67,12.73,0.19,16.7,3.51,34.17
735,0.67,12.73,0.19,16.7,3.51,34.17
740,0.67,12.73,0.19,16.7,3.51,34.17
745,0.67,12.73,0.19,16.7,3.51,34.17
750,0.67,12.73,0.19,16.7,3.51,34.17
755,0.67,12.73,0.19,16.7,3.51,34.17
760,0.67,12.73,0.19,16.7,3.51,34.17
765,0.67,12.73,0.19,16.7,3.51,34.17
770,0.67,12.73,0.19,16.7,3.51,34.17
775,0.67,12.73,0.19,16.7,3.51,34.17
780,0.67,12.73,0.19,16.7,3.51,34.17
785,0.67,12.73,0.19,16.7,3.51,34.17
790,0.67,12.73,0.19,16.7,3.51,34.17
795,0.67,12.73,0.19,16.7,3.51,34.17
800,0.67,12.73,0.19,16.7,3.51,34.17
805,0.67,12.73,0.19,16.7,3.51,34.17
810,0.67,12.73,0.19,16.7,3.51,34.17
815,0.67,12.73,0.19,16.7,3.51,34.17
820,0.67,12.73,0.19,16.7,3.51,34.17
825,0.67,12.73,0.19,16.7,3.51,34.17
830,0.67,12.73,0.19,16.7,3.51,34.17
835,0.67,12.73,0.19,16.7,3.51,34.17
840,0.67,12.73,0.19,16.7,3.51,34.17
845,0.67,12.73,0.19,16.7,3.51,34.17
850,0.67,12.73,0.19,16.7,3.51,34.17
855,0.67,12.73,0.19,16.7,3.51,34.17
860,0.67,12.73,0.19,16.7,3.51,34.17
865,0.67,12.73,0.19,16.7,3.51,34.17
870,0.67,12.73,0.19,16.7,3.51,34.17
875,0.67,12.73,0.19,16.7,3.51,34.17
880,0.67,12.73,0.19,16.7,3.51,34.17
885,0.67,12.73,0.19,16.7,3.51,34.17
890,0.67,12.73,0.19,16.7,3.51,34.17
895,0.67,12.73,0.19,16.7,3.51,34.17
900,0.67,12.73,0.19,16.7,3.51,34.17
905,0.67,12.73,0.19,16.7,3.51,34.17
910,0.67,12.73,0.19,16.7,3.51,34.17
915,0.67,12.73,0.19,16.7,3.51,34.17
920,0.67,12.73,0.19,16.7,3.51,34.17
925,0.67,12.73,0.19,16.7,3.51,34.17
930,0.67,12.73,0.19,16.7,3.51,34.17
935,0.67,12.73,0.19,16.7,3.51,34.17
940,0.67,12.73,0.19,16.7,3.51,34.17
945,0.67,12.73,0.19,16.7,3.51,34.17
950,0.67,12.73,0.19,16.7,3.51,34.17
955,0.67,12.73,0.19,16.7,3.51,34.17
960,0.67,12.73,0.19,16.7,3.51,34.17
965,0.67,12.73,0.19,16.7,3.51,34.17
970,0.67,12.73,0.19,16.7,3.51,34.17
975,0.67,12.73,0.19,16.7,3.51,34.17
980,0.67,12.73,0.19,16.7,3.51,34.17
985,0.67,12.73,0.19,16.7,3.51,34.17
990,0.67,12.73,0.19,16.7,3.51,34.17
995,0.67,12.73,0.19,16.7,3.51,34.17
1000,0.67,12.73,0.19,16.7,3.51,34.17
1005,0.67,12.73,0.19,16.7,3.51,34.17
1010,0.67,12.73,0.19,16.7,3.51,34.17
1015,0.67,12.73,0.19,16.7,3.51,34.17
1020,0.67,12.73,0.19,16.7,3.51,34.17
1025,0.67,12.73,0.19,16.7,3.51,34.17
1030,0.67,12.73,0.19,16.7,3.51,34.17
1035,0.67,12.73,0.19,16.7,3.51,34.17
1040,0.67,12.73,0.19,16.7,3.51,34.17
1045,0.67,12.73,0.19,16.7,3.51,34.17
1050,0.67,12.73,0.19,16.7,3.51,34.17
1055,0.67,12.73,0.19,16.7,3.51,34.17
1060,0.67,12.73,0.19,16.7,3.51,34.17
1065,0.67,12.73,0.19,16.7,3.51,34.17
1070,0.67,12.73,0.19,16.7,3.51,34.17
1075,0.67,12.73,0.19,16.7,3.51,34.17
1080,0.67,12.73,0.19,16.7,3.51,34.17
1085,0.67,12.73,0.19,16.7,3.51,34.17
1090,0.67,12.73,0.19,16.7,3.51,34.17
1095,0.67,12.73,0.19,16.7,3.51,34.17
1100,0.67,12.73,0.19,16.7,3.51,34.17
1105,0.67,12.73,0.19,16.7,3.51,34.17
1110,0.67,12.73,0.19,16.7,3.51,34.17
1115,0.67,12.73,0.19,16.7,3.51,34.17
1120,0.67,12.73,0.19,16.7,3.51,34.17
1125,0.67,12.73,0.19,16.7,3.51,34.17
1130,0.67,12.73,0.19,16.7,3.51,34.17
1135,0.67,12.73,0.19,16.7,3.51,34.17
1140,0.67,12.73,0.19,16.7,3.51,34.17
1145,0.67,12.73,0.19,16.7,3.51,34.17
1150,0.67,12.73,0.19,16.7,3.51,34.17
1155,0.67,12.73,0.19,16.7,3.51,34.17
1160,0.67,12.73,0.19,16.7,3.51,34.17
1165,0.67,12.73,0.19,16.7,3.51,34.17
1170,0.67,12.73,0.19,16.7,3.51,34.17
1175,0.67,12.73,0.19,16.7,3.51,34.17
1180,0.67,12.73,0.19,16.7,3.51,34.17
1185,0.67,12.73,0.19,16.7,3.51,34.17
1190,0.67,12.73,0.19,16.7,3.51,34.17
1195,0.67,12.73,0.19,16.7,3.51,34.17
1200,0.65,12.13,0.19,16.2,3.84,33.82
1205,0.65,12.13,0.19,16.2,3.84,33.82
1210,0.65,12.13,0.19,16.2,3.84,33.82
1215,0.65,12.13,0.19,16.2,3.84,33.82
1220,0.65,12.13,0.19,16.2,3.84,33.82
1225,0.65,12.13,0.19,16.2,3.84,33.82
1230,0.65,12.13,0.19,16.2,3.84,33.82
1235,0.65,12.13,0.19,16.2,3.84,33.82
1240,0.65,12.13,0.19,16.2,3.84,33.82
1245,0.65,12.13,0.19,16.2,3.84,33.82
1250,0.65,12.13,0.19,16.2,3.84,33.82
1255,0.65,12.13,0.19,16.2,3.84,33.82
1260,0.65,12.13,0.19,16.2,3.84,33.82
1265,0.65,12.13,0.19,16.2,3.84,33.82
1270,0.65,12.13,0.19,16.2,3.84,33.82
1275,0.65,12.13,0.19,16.2,3.84,33.82
1280,0.65,12.13,0.19,16.2,3.84,33.82
1285,0.65,12.13,0.19,16.2,3.84,33.82
1290,0.65,12.13,0.19,16.2,3.84,33.82
1295,0.65,12.13,0.19,16.2,3.84,33.82
1300,0.65,12.13,0.19,16.2,3.84,33.82
1305,0.65,12.13,0.19,16.2,3.84,33.82
1310,0.65,12.13,0.19,16.2,3.84,33.82
1315,0.65,12.13,0.19,16.2,3.84,33.82
1320,0.65,12.13,0.19,16.2,3.84,33.82
1325,0.65,12.13,0.19,16.2,3.84,33.82
1330,0.65,12.13,0.19,16.2,3.84,33.82
1335,0.65,12.13,0.19,16.2,3.84,33.82
1340,0.65,12.13,0.19,16.2,3.84,33.82
1345,0.65,12.13,0.19,16.2,3.84,33.82
1350,0.65,12.13,0.19,16.2,3.84,33.82
1355,0.65,12.13,0.19,16.2,3.84,33.82
1360,0.65,12.13,0.19,16.2,3.84,33.82
1365,0.65,12.13,0.19,16.2,3.84,33.82
1370,0.65,12.13,0.19,16.2,3.84,33.82
1375,0.65,12.13,0.19,16.2,3.84,33.82
1380,0.65,12.13,0.19,16.2,3.84,33.82
1385,0.65,12.13,0.19,16.2,3.84,33.82
1390,0.65,12.13,0.19,16.2,3.84,33.82
1395,0.65,12.13,0.19,16.2,3.84,33.82
1400,0.65,12.13,0.19,16.2,3.84,33.82
1405,0.65,12.13,0.19,16.2,3.84,33.82
1410,0.65,12.13,0.19,16.2,3.84,33.82
1415,0.65,12.13,0.19,16.2,3.84,33.82
1420,0.65,12.13,0.19,16.2,3.84,33.82
1425,0.65,12.13,0.19,16.2,3.84,33.82
1430,0.65,12.13,0.19,16.2,3.84,33.82
1435,0.65,12.13,0.19,16.2,3.84,33.82
1440,0.65,12.13,0.19,16.2,3.84,33.82
1445,0.65,12.13,0.19,16.2,3.84,33.82
1450,0.65,12.13,0.19,16.2,3.84,33.82
1455,0.65,12.13,0.19,16.2,3.84,33.82
1460,0.65,12.13,0.19,16.2,3.84,33.82
1465,0.65,12.13,0.19,16.2,3.84,33.82
1470,0.65,12.13,0.19,16.2,3.84,33.82
1475,0.65,12.13,0.19,16.2,3.84,33.82
1480,0.65,12.13,0.19,16.2,3.84,33.82
1485,0.65,12.13,0.19,16.2,3.84,33.82
1490,0.65,12.13,0.19,16.2,3.84,33.82
1495,0.65,12.13,0.19,16.2,3.84,33.82
1500,0.65,12.13,0.19,16.2,3.84,33.82
1505,0.65,12.13,0.19,16.2,3.84,33.82
1510,0.65,12.13,0.19,16.2,3.84,33.82
1515,0.65,12.13,0.19,16.2,3.84,33.82
1520,0.65,12.13,0.19,16.2,3.84,33.82
1525,0.65,12.13,0.19,16.2,3.84,33.82
1530,0.65,12.13,0.19,16.2,3.84,33.82
1535,0.65,12.13,0.19,16.2,3.84,33.82
1540,0.65,12.13,0.19,16.2,3.84,33.82
1545,0.65,12.13,0.19,16.2,3.84,33.82
1550,0.65,12.13,0.19,16.2,3.84,33.82
1555,0.65,12.13,0.19,16.2,3.84,33.82
1560,0.65,12.13,0.19,16.2,3.84,33.82
1565,0.65,12.13,0.19,16.2,3.84,33.82
1570,0.65,12.13,0.19,16.2,3.84,33.82
1575,0.65,12.13,0.19,16.2,3.84,33.82
1580,0.65,12.13,0.19,16.2,3.84,33.82
1585,0.65,12.13,0.19,16.2,3.84,33.82
1590,0.65,12.13,0.19,16.2,3.84,33.82
1595,0.65,12.13,0.19,16.2,3.84,33.82
1600,0.65,12.13,0.19,16.2,3.84,33.82
1605,0.65,12.13,0.19,16.2,3.84,33.82
1610,0.65,12.13,0.19,16.2,3.84,33.82
1615,0.65,12.13,0.19,16.2,3.84,33.82
1620,0.65,12.13,0.19,16.2,3.84,33.82
1625,0.65,12.13,0.19,16.2,3.84,33.82
1630,0.65,12.13,0.19,16.2,3.84,33.82
1635,0.65,12.13,0.19,16.2,3.84,33.82
1640,0.65,12.13,0.19,16.2,3.84,33.82
1645,0.65,12.13,0.19,16.2,3.84,33.82
1650,0.65,12.13,0.19,16.2,3.84,33.82
1655,0.65,12.13,0.19,16.2,3.84,33.82
1660,0.65,12.13,0.19,16.2,3.84,33.82
1665,0.65,12.13,0.19,16.2,3.84,33.82
1670,0.65,12.13,0.19,16.2,3.84,33.82
1675,0.65,12.13,0.19,16.2,3.84,33.82
1680,0.65,12.13,0.19,16.2,3.84,33.82
1685,0.65,12.13,0.19,16.2,3.84,33.82
1690,0.65,12.13,0.19,16.2,3.84,33.82
1695,0.65,12.13,0.19,16.2,3.84,33.82
1700,0.65,12.13,0.19,16.2,3.84,33.82
1705,0.65,12.13,0.19,16.2,3.84,33.82
1710,0.65,12.13,0.19,16.2,3.84,33.82
1715,0.65,12.13,0.19,16.2,3.84,33.82
1720,0.65,12.13,0.19,16.2,3.84,33.82
1725,0.65,12.13,0.19,16.2,3.84,33.82
1730,0.65,12.13,0.19,16.2,3.84,33.82
1735,0.65,12.13,0.19,16.2,3.84,33.82
1740,0.65,12.13,0.19,16.2,3.84,33.82
1745,0.65,12.13,0.19,16.2,3.84,33.82
1750,0.65,12.13,0.19,16.2,3.84,33.82
1755,0.65,12.13,0.19,16.2,3.84,33.82
1760,0.65,12.13,0.19,16.2,3.84,33.82
1765,0.65,12.13,0.19,16.2,3.84,33.82
1770,0.65,12.13,0.19,16.2,3.84,33.82
1775,0.65,12.13,0.19,16.2,3.84,33.82
1780,0.65,12.13,0.19,16.2,3.84,33.82
1785,0.65,12.13,0.19,16.2,3.84,33.82
1790,0.65,12.13,0.19,16.2,3.84,33.82
1795,0.65,12.13,0.19,16.2,3.84,33.82
1800,0.64,11.61,0.18,16.89,4.59,34.28
1805,0.64,11.61,0.18,16.89,4.59,34.28
1810,0.64,11.61,0.18,16.89,4.59,34.28
1815,0.64,11.61,0.18,16.89,4.59,34.28
1820,0.64,11.61,0.18,16.89,4.59,34.28
1825,0.64,11.61,0.18,16.89,4.59,34.28
1830,0.64,11.61,0.18,16.89,4.59,34.28
1835,0.64,11.61,0.18,16.89,4.59,34.28
1840,0.64,11.61,0.18,16.89,4.59,34.28
1845,0.64,11.61,0.18,16.89,4.59,34.28
1850,0.64,11.61,0.18,16.89,4.59,34.28
1855,0.64,11.61,0.18,16.89,4.59,34.28
1860,0.64,11.61,0.18,16.89,4.59,34.28
1865,0.64,11.61,0.18,16.89,4.59,34.28
1870,0.64,11.61,0.18,16.89,4.59,34.28
1875,0.64,11.61,0.18,16.89,4.59,34.28
1880,0.64,11.61,0.18,16.89,4.59,34.28
1885,0.64,11.61,0.18,16.89,4.59,34.28
1890,0.64,11.61,0.18,16.89,4.59,34.28
1895,0.64,11.61,0.18,16.89,4.59,34.28
1900,0.64,11.61,0.18,16.89,4.59,34.28
1905,0.64,11.61,0.18,16.89,4.59,34.28
1910,0.64,11.61,0.18,16.89,4.59,34.28
1915,0.64,11.61,0.18,16.89,4.59,34.28
1920,0.64,11.61,0.18,16.89,4.59,34.28
1925,0.64,11.61,0.18,16.89,4.59,34.28
1930,0.64,11.61,0.18,16.89,4.59,34.28
1935,0.64,11.61,0.18,16.89,4.59,34.28
1940,0.64,11.61,0.18,16.89,4.59,34.28
1945,0.64,11.61,0.18,16.89,4.59,34.28
1950,0.64,11.61,0.18,16.89,4.59,34.28
1955,0.64,11.61,0.18,16.89,4.59,34.28
1960,0.64,11.61,0.18,16.89,4.59,34.28
1965,0.64,11.61,0.18,16.89,4.59,34.28
1970,0.64,11.61,0.18,16.89,4.59,34.28
1975,0.64,11.61,0.18,16.89,4.59,34.28
1980,0.64,11.61,0.18,16.89,4.59,34.28
1985,0.64,11.61,0.18,16.89,4.59,34.28
1990,0.64,11.61,0.18,16.89,4.59,34.28
1995,0.64,11.61,0.18,16.89,4.59,34.28
2000,0.64,11.61,0.18,16.89,4.59,34.28
2005,0.64,11.61,0.18,16.89,4.59,34.28
2010,0.64,11.61,0.18,16.89,4.59,34.28
2015,0.64,11.61,0.18,16.89,4.59,34.28
2020,0.64,11.61,0.18,16.89,4.59,34.28
2025,0.64,11.61,0.18,16.89,4.59,34.28
2030,0.64,11.61,0.18,16.89,4.59,34.28
2035,0.64,11.61,0.18,16.89,4.59,34.28
2040,0.64,11.61,0.18,16.89,4.59,34.28
2045,0.64,11.61,0.18,16.89,4.59,34.28
2050,0.64,11.61,0.18,16.89,4.59,34.28
2055,0.64,11.61,0.18,16.89,4.59,34.28
2060,0.64,11.61,0.18,16.89,4.59,34.28
2065,0.64,11.61,0.18,16.89,4.59,34.28
2070,0.64,11.61,0.18,16.89,4.59,34.28
2075,0.64,11.61,0.18,16.89,4.59,34.28
2080,0.64,11.61,0.18,16.89,4.59,34.28
2085,0.64,11.61,0.18,16.89,4.59,34.28
2090,0.64,11.61,0.18,16.89,4.59,34.28
2095,0.64,11.61,0.18,16.89,4.59,34.28
2100,0.64,11.61,0.18,16.89,4.59,34.28
2105,0.64,11.61,0.18,16.89,4.59,34.28
2110,0.64,11.61,0.18,16.89,4.59,34.28
2115,0.64,11.61,0.18,16.89,4.59,34.28
2120,0.64,11.61,0.18,16.89,4.59,34.28
2125,0.64,11.61,0.18,16.89,4.59,34.28
2130,0.64,11.61,0.18,16.89,4.59,34.28
2135,0.64,11.61,0.18,16.89,4.59,34.28
2140,0.64,11.61,0.18,16.89,4.59,34.28
2145,0.64,11.61,0.18,16.89,4.59,34.28
2150,0.64,11.61,0.18,16.89,4.59,34.28
2155,0.64,11.61,0.18,16.89,4.59,34.28
2160,0.64,11.61,0.18,16.89,4.59,34.28
2165,0.64,11.61,0.18,16.89,4.59,34.28
2170,0.64,11.61,0.18,16.89,4.59,34.28
2175,0.64,11.61,0.18,16.89,4.59,34.28
2180,0.64,11.61,0.18,16.89,4.59,34.28
2185,0.64,11.61,0.18,16.89,4.59,34.28
2190,0.64,11.61,0.18,16.89,4.59,34.28
2195,0.64,11.61,0.18,16.89,4.59,34.28
2200,0.64,11.61,0.18,16.89,4.59,34.28
2205,0.64,11.61,0.18,16.89,4.59,34.28
2210,0.64,11.61,0.18,16.89,4.59,34.28
2215,0.64,11.61,0.18,16.89,4.59,34.28
2220,0.64,11.61,0.18,16.89,4.59,34.28
2225,0.64,11.61,0.18,16.89,4.59,34.28
2230,0.64,11.61,0.18,16.89,4.59,34.28
2235,0.64,11.61,0.18,16.89,4.59,34.28
2240,0.64,11.61,0.18,16.89,4.59,34.28
2245,0.64,11.61,0.18,16.89,4.59,34.28
2250,0.64,11.61,0.18,16.89,4.59,34.28
2255,0.64,11.61,0.18,16.89,4.59,34.28
2260,0.64,11.61,0.18,16.89,4.59,34.28
2265,0.64,11.61,0.18,16.89,4.59,34.28
2270,0.64,11.61,0.18,16.89,4.59,34.28
2275,0.64,11.61,0.18,16.89,4.59,34.28
2280,0.64,11.61,0.18,16.89,4.59,34.28
2285,0.64,11.61,0.18,16.89,4.59,34.28
2290,0.64,11.61,0.18,16.89,4.59,34.28
2295,0.64,11.61,0.18,16.89,4.59,34.28
2300,0.64,11.61,0.18,16.89,4.59,34.28
2305,0.64,11.61,0.18,16.89,4.59,34.28
2310,0.64,11.61,0.18,16.89,4.59,34.28
2315,0.64,11.61,0.18,16.89,4.59,34.28
2320,0.64,11.61,0.18,16.89,4.59,34.28
2325,0.64,11.61,0.18,16.89,4.59,34.28
2330,0.64,11.61,0.18,16.89,4.59,34.28
2335,0.64,11.61,0.18,16.89,4.59,34.28
2340,0.64,11.61,0.18,16.89,4.59,34.28
2345,0.64,11.61,0.18,16.89,4.59,34.28
2350,0.64,11.61,0.18,16.89,4.59,34.28
2355,0.64,11.61,0.18,16.89,4.59,34.28
2360,0.64,11.61,0.18,16.89,4.59,34.28
2365,0.64,11.61,0.18,16.89,4.59,34.28
2370,0.64,11.61,0.18,16.89,4.59,34.28
2375,0.64,11.61,0.18,16.89,4.59,34.28
2380,0.64,11.61,0.18,16.89,4.59,34.28
2385,0.64,11.61,0.18,16.89,4.59,34.28
2390,0.64,11.61,0.18,16.89,4.59,34.28
2395,0.64,11.61,0.18,16.89,4.59,34.28
2400,0.62,11.21,0.19,17.83,5.89,33.55
2405,0.62,11.21,0.19,17.83,5.89,33.55
2410,0.62,11.21,0.19,17.83,5.89,33.55
2415,0.62,11.21,0.19,17.83,5.89,33.55
2420,0.62,11.21,0.19,17.83,5.89,33.55
2425,0.62,11.21,0.19,17.83,5.89,33.55
2430,0.62,11.21,0.19,17.83,5.89,33.55
2435,0.62,11.21,0.19,17.83,5.89,33.55
2440,0.62,11.21,0.19,17.83,5.89,33.55
2445,0.62,11.21,0.19,17.83,5.89,33.55
2450,0.62,11.21,0.19,17.83,5.89,33.55
2455,0.62,11.21,0.19,17.83,5.89,33.55
2460,0.62,11.21,0.19,17.83,5.89,33.55
2465,0.62,11.21,0.19,17.83,5.89,33.55
2470,0.62,11.21,0.19,17.83,5.89,33.55
2475,0.62,11.21,0.19,17.83,5.89,33.55
2480,0.62,11.21,0.19,17.83,5.89,33.55
2485,0.62,11.21,0.19,17.83,5.89,33.55
2490,0.62,11.21,0.19,17.83,5.89,33.55
2495,0.62,11.21,0.19,17.83,5.89,33.55
2500,0.62,11.21,0.19,17.83,5.89,33.55
2505,0.62,11.21,0.19,17.83,5.89,33.55
2510,0.62,11.21,0.19,17.83,5.89,33.55
2515,0.62,11.21,0.19,17.83,5.89,33.55
2520,0.62,11.21,0.19,17.83,5.89,33.55
2525,0.62,11.21,0.19,17.83,5.89,33.55
2530,0.62,11.21,0.19,17.83,5.89,33.55
2535,0.62,11.21,0.19,17.83,5.89,33.55
2540,0.62,11.21,0.19,17.83,5.89,33.55
2545,0.62,11.21,0.19,17.83,5.89,33.55
2550,0.62,11.21,0.19,17.83,5.89,33.55
2555,0.62,11.21,0.19,17.83,5.89,33.55
2560,0.62,11.21,0.19,17.83,5.89,33.55
2565,0.62,11.21,0.19,17.83,5.89,33.55
2570,0.62,11.21,0.19,17.83,5.89,33.55
2575,0.62,11.21,0.19,17.83,5.89,33.55
2580,0.62,11.21,0.19,17.83,5.89,33.55
2585,0.62,11.21,0.19,17.83,5.89,33.55
2590,0.62,11.21,0.19,17.83,5.89,33.55
2595,0.62,11.21,0.19,17.83,5.89,33.55
2600,0.62,11.21,0.19,17.83,5.89,33.55
2605,0.62,11.21,0.19,17.83,5.89,33.55
2610,0.62,11.21,0.19,17.83,5.89,33.55
2615,0.62,11.21,0.19,17.83,5.89,33.55
2620,0.62,11.21,0.19,17.83,5.89,33.55
2625,0.62,11.21,0.19,17.83,5.89,33.55
2630,0.62,11.21,0.19,17.83,5.89,33.55
2635,0.62,11.21,0.19,17.83,5.89,33.55
2640,0.62,11.21,0.19,17.83,5.89,33.55
2645,0.62,11.21,0.19,17.83,5.89,33.55
2650,0.62,11.21,0.19,17.83,5.89,33.55
2655,0.62,11.21,0.19,17.83,5.89,33.55
2660,0.62,11.21,0.19,17.83,5.89,33.55
2665,0.62,11.21,0.19,17.83,5.89,33.55
2670,0.62,11.21,0.19,17.83,5.89,33.55
2675,0.62,11.21,0.19,17.83,5.89,33.55
2680,0.62,11.21,0.19,17.83,5.89,33.55
2685,0.62,11.21,0.19,17.83,5.89,33.55
2690,0.62,11.21,0.19,17.83,5.89,33.55
2695,0.62,11.21,0.19,17.83,5.89,33.55
2700,0.62,11.21,0.19,17.83,5.89,33.55
2705,0.62,11.21,0.19,17.83,5.89,33.55
2710,0.62,11.21,0.19,17.83,5.89,33.55
2715,0.62,11.21,0.19,17.83,5.89,33.55
2720,0.62,11.21,0.19,17.83,5.89,33.55
2725,0.62,11.21,0.19,17.83,5.89,33.55
2730,0.62,11.21,0.19,17.83,5.89,33.55
2735,0.62,11.21,0.19,17.83,5.89,33.55
2740,0.62,11.21,0.19,17.83,5.89,33.55
2745,0.62,11.21,0.19,17.83,5.89,33.55
2750,0.62,11.21,0.19,17.83,5.89,33.55
2755,0.62,11.21,0.19,17.83,5.89,33.55
2760,0.62,11.21,0.19,17.83,5.89,33.55
2765,0.62,11.21,0.19,17.83,5.89,33.55
2770,0.62,11.21,0.19,17.83,5.89,33.55
2775,0.62,11.21,0.19,17.83,5.89,33.55
2780,0.62,11.21,0.19,17.83,5.89,33.55
2785,0.62,11.21,0.19,17.83,5.89,33.55
2790,0.62,11.21,0.19,17.83,5.89,33.55
2795,0.62,11.21,0.19,17.83,5.89,33.55
2800,0.62,11.21,0.19,17.83,5.89,33.55
2805,0.62,11.21,0.19,17.83,5.89,33.55
2810,0.62,11.21,0.19,17.83,5.89,33.55
2815,0.62,11.21,0.19,17.83,5.89,33.55
2820,0.62,11.21,0.19,17.83,5.89,33.55
2825,0.62,11.21,0.19,17.83,5.89,33.55
2830,0.62,11.21,0.19,17.83,5.89,33.55
2835,0.62,11.21,0.19,17.83,5.89,33.55
2840,0.62,11.21,0.19,17.83,5.89,33.55
2845,0.62,11.21,0.19,17.83,5.89,33.55
2850,0.62,11.21,0.19,17.83,5.89,33.55
2855,0.62,11.21,0.19,17.83,5.89,33.55
2860,0.62,11.21,0.19,17.83,5.89,33.55
2865,0.62,11.21,0.19,17.83,5.89,33.55
2870,0.62,11.21,0.19,17.83,5.89,33.55
2875,0.62,11.21,0.19,17.83,5.89,33.55
2880,0.62,11.21,0.19,17.83,5.89,33.55
2885,0.62,11.21,0.19,17.83,5.89,33.55
2890,0.62,11.21,0.19,17.83,5.89,33.55
2895,0.62,11.21,0.19,17.83,5.89,33.55
2900,0.62,11.21,0.19,17.83,5.89,33.55
2905,0.62,11.21,0.19,17.83,5.89,33.55
2910,0.62,11.21,0.19,17.83,5.89,33.55
2915,0.62,11.21,0.19,17.83,5.89,33.55
2920,0.62,11.21,0.19,17.83,5.89,33.55
2925,0.62,11.21,0.19,17.83,5.89,33.55
2930,0.62,11.21,0.19,17.83,5.89,33.55
2935,0.62,11.21,0.19,17.83,5.89,33.55
2940,0.62,11.21,0.19,17.83,5.89,33.55
2945,0.62,11.21,0.19,17.83,5.89,33.55
2950,0.62,11.21,0.19,17.83,5.89,33.55
2955,0.62,11.21,0.19,17.83,5.89,33.55
2960,0.62,11.21,0.19,17.83,5.89,33.55
2965,0.62,11.21,0.19,17.83,5.89,33.55
2970,0.62,11.21,0.19,17.83,5.89,33.55
2975,0.62,11.21,0.19,17.83,5.89,33.55
2980,0.62,11.21,0.19,17.83,5.89,33.55
2985,0.62,11.21,0.19,17.83,5.89,33.55
2990,0.62,11.21,0.19,17.83,5.89,33.55
2995,0.62,11.21,0.19,17.83,5.89,33.55
3000,0.61,10.69,0.18,17.43,6.1,32.2
3005,0.61,10.69,0.18,17.43,6.1,32.2
3010,0.61,10.69,0.18,17.43,6.1,32.2
3015,0.61,10.69,0.18,17.43,6.1,32.2
3020,0.61,10.69,0.18,17.43,6.1,32.2
3025,0.61,10.69,0.18,17.43,6.1,32.2
3030,0.61,10.69,0.18,17.43,6.1,32.2
3035,0.61,10.69,0.18,17.43,6.1,32.2
3040,0.61,10.69,0.18,17.43,6.1,32.2
3045,0.61,10.69,0.18,17.43,6.1,32.2
3050,0.61,10.69,0.18,17.43,6.1,32.2
3055,0.61,10.69,0.18,17.43,6.1,32.2
3060,0.61,10.69,0.18,17.43,6.1,32.2
3065,0.61,10.69,0.18,17.43,6.1,32.2
3070,0.61,10.69,0.18,17.43,6.1,32.2
3075,0.61,10.69,0.18,17.43,6.1,32.2
3080,0.61,10.69,0.18,17.43,6.1,32.2
3085,0.61,10.69,0.18,17.43,6.1,32.2
3090,0.61,10.69,0.18,17.43,6.1,32.2
3095,0.61,10.69,0.18,17.43,6.1,32.2
3100,0.61,10.69,0.18,17.43,6.1,32.2
3105,0.61,10.69,0.18,17.43,6.1,32.2
3110,0.61,10.69,0.18,17.43,6.1,32.2
3115,0.61,10.69,0.18,17.43,6.1,32.2
3120,0.61,10.69,0.18,17.43,6.1,32.2
3125,0.61,10.69,0.18,17.43,6.1,32.2
3130,0.61,10.69,0.18,17.43,6.1,32.2
3135,0.61,10.69,0.18,17.43,6.1,32.2
3140,0.61,10.69,0.18,17.43,6.1,32.2
3145,0.61,10.69,0.18,17.43,6.1,32.2
3150,0.61,10.69,0.18,17.43,6.1,32.2
3155,0.61,10.69,0.18,17.43,6.1,32.2
3160,0.61,10.69,0.18,17.43,6.1,32.2
3165,0.61,10.69,0.18,17.43,6.1,32.2
3170,0.61,10.69,0.18,17.43,6.1,32.2
3175,0.61,10.69,0.18,17.43,6.1,32.2
3180,0.61,10.69,0.18,17.43,6.1,32.2
3185,0.61,10.69,0.18,17.43,6.1,32.2
3190,0.61,10.69,0.18,17.43,6.1,32.2
3195,0.61,10.69,0.18,17.43,6.1,32.2
3200,0.61,10.69,0.18,17.43,6.1,32.2
3205,0.61,10.69,0.18,17.43,6.1,32.2
3210,0.61,10.69,0.18,17.43,6.1,32.2
3215,0.61,10.69,0.18,17.43,6.1,32.2
3220,0.61,10.69,0.18,17.43,6.1,32.2
3225,0.61,10.69,0.18,17.43,6.1,32.2
3230,0.61,10.69,0.18,17.43,6.1,32.2
3235,0.61,10.69,0.18,17.43,6.1,32.2
3240,0.61,10.69,0.18,17.43,6.1,32.2
3245,0.61,10.69,0.18,17.43,6.1,32.2
3250,0.61,10.69,0.18,17.43,6.1,32.2
3255,0.61,10.69,0.18,17.43,6.1,32.2
3260,0.61,10.69,0.18,17.43,6.1,32.2
3265,0.61,10.69,0.18,17.43,6.1,32.2
3270,0.61,10.69,0.18,17.43,6.1,32.2
3275,0.61,10.69,0.18,17.43,6.1,32.2
3280,0.61,10.69,0.18,17.43,6.1,32.2
3285,0.61,10.69,0.18,17.43,6.1,32.2
3290,0.61,10.69,0.18,17.43,6.1,32.2
3295,0.61,10.69,0.18,17.43,6.1,32.2
3300,0.61,10.69,0.18,17.43,6.1,32.2
3305,0.61,10.69,0.18,17.43,6.1,32.2
3310,0.61,10.69,0.18,17.43,6.1,32.2
3315,0.61,10.69,0.18,17.43,6.1,32.2
3320,0.61,10.69,0.18,17.43,6.1,32.2
3325,0.61,10.69,0.18,17.43,6.1,32.2
3330,0.61,10.69,0.18,17.43,6.1,32.2
3335,0.61,10.69,0.18,17.43,6.1,32.2
3340,0.61,10.69,0.18,17.43,6.1,32.2
3345,0.61,10.69,0.18,17.43,6.1,32.2
3350,0.61,10.69,0.18,17.43,6.1,32.2
3355,0.61,10.69,0.18,17.43,6.1,32.2
3360,0.61,10.69,0.18,17.43,6.1,32.2
3365,0.61,10.69,0.18,17.43,6.1,32.2
3370,0.61,10.69,0.18,17.43,6.1,32.2
3375,0.61,10.69,0.18,17.43,6.1,32.2
3380,0.61,10.69,0.18,17.43,6.1,32.2
3385,0.61,10.69,0.18,17.43,6.1,32.2
3390,0.61,10.69,0.18,17.43,6.1,32.2
3395,0.61,10.69,0.18,17.43,6.1,32.2
3400,0.61,10.69,0.18,17.43,6.1,32.2
3405,0.61,10.69,0.18,17.43,6.1,32.2
3410,0.61,10.69,0.18,17.43,6.1,32.2
3415,0.61,10.69,0.18,17.43,6.1,32.2
3420,0.61,10.69,0.18,17.43,6.1,32.2
3425,0.61,10.69,0.18,17.43,6.1,32.2
3430,0.61,10.69,0.18,17.43,6.1,32.2
3435,0.61,10.69,0.18,17.43,6.1,32.2
3440,0.61,10.69,0.18,17.43,6.1,32.2
3445,0.61,10.69,0.18,17.43,6.1,32.2
3450,0.61,10.69,0.18,17.43,6.1,32.2
3455,0.61,10.69,0.18,17.43,6.1,32.2
3460,0.61,10.69,0.18,17.43,6.1,32.2
3465,0.61,10.69,0.18,17.43,6.1,32.2
3470,0.61,10.69,0.18,17.43,6.1,32.2
3475,0.61,10.69,0.18,17.43,6.1,32.2
3480,0.61,10.69,0.18,17.43,6.1,32.2
3485,0.61,10.69,0.18,17.43,6.1,32.2
3490,0.61,10.69,0.18,17.43,6.1,32.2
3495,0.61,10.69,0.18,17.43,6.1,32.2
3500,0.61,10.69,0.18,17.43,6.1,32.2
3505,0.61,10.69,0.18,17.43,6.1,32.2
3510,0.61,10.69,0.18,17.43,6.1,32.2
3515,0.61,10.69,0.18,17.43,6.1,32.2
3520,0.61,10.69,0.18,17.43,6.1,32.2
3525,0.61,10.69,0.18,17.43,6.1,32.2
3530,0.61,10.69,0.18,17.43,6.1,32.2
3535,0.61,10.69,0.18,17.43,6.1,32.2
3540,0.61,10.69,0.18,17.43,6.1,32.2
3545,0.61,10.69,0.18,17.43,6.1,32.2
3550,0.61,10.69,0.18,17.43,6.1,32.2
3555,0.61,10.69,0.18,17.43,6.1,32.2
3560,0.61,10.69,0.18,17.43,6.1,32.2
3565,0.61,10.69,0.18,17.43,6.1,32.2
3570,0.61,10.69,0.18,17.43,6.1,32.2
3575,0.61,10.69,0.18,17.43,6.1,32.2
3580,0.61,10.69,0.18,17.43,6.1,32.2
3585,0.61,10.69,0.18,17.43,6.1,32.2
3590,0.61,10.69,0.18,17.43,6.1,32.2
3595,0.61,10.69,0.18,17.43,6.1,32.2
3600,0.59,11.31,0.17,17.7,6.14,31.27
3605,0.59,11.31,0.17,17.7,6.14,31.27
3610,0.59,11.31,0.17,17.7,6.14,31.27
3615,0.59,11.31,0.17,17.7,6.14,31.27
3620,0.59,11.31,0.17,17.7,6.14,31.27
3625,0.59,11.31,0.17,17.7,6.14,31.27
3630,0.59,11.31,0.17,17.7,6.14,31.27
3635,0.59,11.31,0.17,17.7,6.14,31.27
3640,0.59,11.31,0.17,17.7,6.14,31.27
3645,0.59,11.31,0.17,17.7,6.14,31.27
3650,0.59,11.31,0.17,17.7,6.14,31.27
3655,0.59,11.31,0.17,17.7,6.14,31.27
3660,0.59,11.31,0.17,17.7,6.14,31.27
3665,0.59,11.31,0.17,17.7,6.14,31.27
3670,0.59,11.31,0.17,17.7,6.14,31.27
3675,0.59,11.31,0.17,17.7,6.14,31.27
3680,0.59,11.31,0.17,17.7,6.14,31.27
3685,0.59,11.31,0.17,17.7,6.14,31.27
3690,0.59,11.31,0.17,17.7,6.14,31.27
3695,0.59,11.31,0.17,17.7,6.14,31.27
3700,0.59,11.31,0.17,17.7,6.14,31.27
3705,0.59,11.31,0.17,17.7,6.14,31.27
3710,0.59,11.31,0.17,17.7,6.14,31.27
3715,0.59,11.31,0.17,17.7,6.14,31.27
3720,0.59,11.31,0.17,17.7,6.14,31.27
3725,0.59,11.31,0.17,17.7,6.14,31.27
3730,0.59,11.31,0.17,17.7,6.14,31.27
3735,0.59,11.31,0.17,17.7,6.14,31.27
3740,0.59,11.31,0.17,17.7,6.14,31.27
3745,0.59,11.31,0.17,17.7,6.14,31.27
3750,0.59,11.31,0.17,17.7,6.14,31.27
3755,0.59,11.31,0.17,17.7,6.14,31.27
3760,0.59,11.31,0.17,17.7,6.14,31.27
3765,0.59,11.31,0.17,17.7,6.14,31.27
3770,0.59,11.31,0.17,17.7,6.14,31.27
3775,0.59,11.31,0.17,17.7,6.14,31.27
3780,0.59,11.31,0.17,17.7,6.14,31.27
3785,0.59,11.31,0.17,17.7,6.14,31.27
3790,0.59,11.31,0.17,17.7,6.14,31.27
3795,0.59,11.31,0.17,17.7,6.14,31.27
3800,0.59,11.31,0.17,17.7,6.14,31.27
3805,0.59,11.31,0.17,17.7,6.14,31.27
3810,0.59,11.31,0.17,17.7,6.14,31.27
3815,0.59,11.31,0.17,17.7,6.14,31.27
3820,0.59,11.31,0.17,17.7,6.14,31.27
3825,0.59,11.31,0.17,17.7,6.14,31.27
3830,0.59,11.31,0.17,17.7,6.14,31.27
3835,0.59,11.31,0.17,17.7,6.14,31.27
3840,0.59,11.31,0.17,17.7,6.14,31.27
3845,0.59,11.31,0.17,17.7,6.14,31.27
3850,0.59,11.31,0.17,17.7,6.14,31.27
3855,0.59,11.31,0.17,17.7,6.14,31.27
3860,0.59,11.31,0.17,17.7,6.14,31.27
3865,0.59,11.31,0.17,17.7,6.14,31.27
3870,0.59,11.31,0.17,17.7,6.14,31.27
3875,0.59,11.31,0.17,17.7,6.14,31.27
3880,0.59,11.31,0.17,17.7,6.14,31.27
3885,0.59,11.31,0.17,17.7,6.14,31.27
3890,0.59,11.31,0.17,17.7,6.14,31.27
3895,0.59,11.31,0.17,17.7,6.14,31.27
3900,0.59,11.31,0.17,17.7,6.14,31.27
3905,0.59,11.31,0.17,17.7,6.14,31.27
3910,0.59,11.31,0.17,17.7,6.14,31.27
3915,0.59,11.31,0.17,17.7,6.14,31.27
3920,0.59,11.31,0.17,17.7,6.14,31.27
3925,0.59,11.31,0.17,17.7,6.14,31.27
3930,0.59,11.31,0.17,17.7,6.14,31.27
3935,0.59,11.31,0.17,17.7,6.14,31.27
3940,0.59,11.31,0.17,17.7,6.14,31.27
3945,0.59,11.31,0.17,17.7,6.14,31.27
3950,0.59,11.31,0.17,17.7,6.14,31.27
3955,0.59,11.31,0.17,17.7,6.14,31.27
3960,0.59,11.31,0.17,17.7,6.14,31.27
3965,0.59,11.31,0.17,17.7,6.14,31.27
3970,0.59,11.31,0.17,17.7,6.14,31.27
3975,0.59,11.31,0.17,17.7,6.14,31.27
3980,0.59,11.31,0.17,17.7,6.14,31.27
3985,0.59,11.31,0.17,17.7,6.14,31.27
3990,0.59,11.31,0.17,17.7,6.14,31.27
3995,0.59,11.31,0.17,17.7,6.14,31.27
4000,0.59,11.31,0.17,17.7,6.14,31.27
4005,0.59,11.31,0.17,17.7,6.14,31.27
4010,0.59,11.31,0.17,17.7,6.14,31.27
4015,0.59,11.31,0.17,17.7,6.14,31.27
4020,0.59,11.31,0.17,17.7,6.14,31.27
4025,0.59,11.31,0.17,17.7,6.14,31.27
4030,0.59,11.31,0.17,17.7,6.14,31.27
4035,0.59,11.31,0.17,17.7,6.14,31.27
4040,0.59,11.31,0.17,17.7,6.14,31.27
4045,0.59,11.31,0.17,17.7,6.14,31.27
4050,0.59,11.31,0.17,17.7,6.14,31.27
4055,0.59,11.31,0.17,17.7,6.14,31.27
4060,0.59,11.31,0.17,17.7,6.14,31.27
4065,0.59,11.31,0.17,17.7,6.14,31.27
4070,0.59,11.31,0.17,17.7,6.14,31.27
4075,0.59,11.31,0.17,17.7,6.14,31.27
4080,0.59,11.31,0.17,17.7,6.14,31.27
4085,0.59,11.31,0.17,17.7,6.14,31.27
4090,0.59,11.31,0.17,17.7,6.14,31.27
4095,0.59,11.31,0.17,17.7,6.14,31.27
4100,0.59,11.31,0.17,17.7,6.14,31.27
4105,0.59,11.31,0.17,17.7,6.14,31.27
4110,0.59,11.31,0.17,17.7,6.14,31.27
4115,0.59,11.31,0.17,17.7,6.14,31.27
4120,0.59,11.31,0.17,17.7,6.14,31.27
4125,0.59,11.31,0.17,17.7,6.14,31.27
4130,0.59,11.31,0.17,17.7,6.14,31.27
4135,0.59,11.31,0.17,17.7,6.14,31.27
4140,0.59,11.31,0.17,17.7,6.14,31.27
4145,0.59,11.31,0.17,17.7,6.14,31.27
4150,0.59,11.31,0.17,17.7,6.14,31.27
4155,0.59,11.31,0.17,17.7,6.14,31.27
4160,0.59,11.31,0.17,17.7,6.14,31.27
4165,0.59,11.31,0.17,17.7,6.14,31.27
4170,0.59,11.31,0.17,17.7,6.14,31.27
4175,0.59,11.31,0.17,17.7,6.14,31.27
4180,0.59,11.31,0.17,17.7,6.14,31.27
4185,0.59,11.31,0.17,17.7,6.14,31.27
4190,0.59,11.31,0.17,17.7,6.14,31.27
4195,0.59,11.31,0.17,17.7,6.14,31.27
4200,0.57,10.84,0.16,19.1,6.07,30.55
4205,0.57,10.84,0.16,19.1,6.07,30.55
4210,0.57,10.84,0.16,19.1,6.07,30.55
4215,0.57,10.84,0.16,19.1,6.07,30.55
4220,0.57,10.84,0.16,19.1,6.07,30.55
4225,0.57,10.84,0.16,19.1,6.07,30.55
4230,0.57,10.84,0.16,19.1,6.07,30.55
4235,0.57,10.84,0.16,19.1,6.07,30.55
4240,0.57,10.84,0.16,19.1,6.07,30.55
4245,0.57,10.84,0.16,19.1,6.07,30.55
4250,0.57,10.84,0.16,19.1,6.07,30.55
4255,0.57,10.84,0.16,19.1,6.07,30.55
4260,0.57,10.84,0.16,19.1,6.07,30.55
4265,0.57,10.84,0.16,19.1,6.07,30.55
4270,0.57,10.84,0.16,19.1,6.07,30.55
4275,0.57,10.84,0.16,19.1,6.07,30.55
4280,0.57,10.84,0.16,19.1,6.07,30.55
4285,0.57,10.84,0.16,19.1,6.07,30.55
4290,0.57,10.84,0.16,19.1,6.07,30.55
4295,0.57,10.84,0.16,19.1,6.07,30.55
4300,0.57,10.84,0.16,19.1,6.07,30.55
4305,0.57,10.84,0.16,19.1,6.07,30.55
4310,0.57,10.84,0.16,19.1,6.07,30.55
4315,0.57,10.84,0.16,19.1,6.07,30.55
4320,0.57,10.84,0.16,19.1,6.07,30.55
4325,0.57,10.84,0.16,19.1,6.07,30.55
4330,0.57,10.84,0.16,19.1,6.07,30.55
4335,0.57,10.84,0.16,19.1,6.07,30.55
4340,0.57,10.84,0.16,19.1,6.07,30.55
4345,0.57,10.84,0.16,19.1,6.07,30.55
4350,0.57,10.84,0.16,19.1,6.07,30.55
4355,0.57,10.84,0.16,19.1,6.07,30.55
4360,0.57,10.84,0.16,19.1,6.07,30.55
4365,0.57,10.84,0.16,19.1,6.07,30.55
4370,0.57,10.84,0.16,19.1,6.07,30.55
4375,0.57,10.84,0.16,19.1,6.07,30.55
4380,0.57,10.84,0.16,19.1,6.07,30.55
4385,0.57,10.84,0.16,19.1,6.07,30.55
4390,0.57,10.84,0.16,19.1,6.07,30.55
4395,0.57,10.84,0.16,19.1,6.07,30.55
4400,0.57,10.84,0.16,19.1,6.07,30.55
4405,0.57,10.84,0.16,19.1,6.07,30.55
4410,0.57,10.84,0.16,19.1,6.07,30.55
4415,0.57,10.84,0.16,19.1,6.07,30.55
4420,0.57,10.84,0.16,19.1,6.07,30.55
4425,0.57,10.84,0.16,19.1,6.07,30.55
4430,0.57,10.84,0.16,19.1,6.07,30.55
4435,0.57,10.84,0.16,19.1,6.07,30.55
4440,0.57,10.84,0.16,19.1,6.07,30.55
4445,0.57,10.84,0.16,19.1,6.07,30.55
4450,0.57,10.84,0.16,19.1,6.07,30.55
4455,0.57,10.84,0.16,19.1,6.07,30.55
4460,0.57,10.84,0.16,19.1,6.07,30.55
4465,0.57,10.84,0.16,19.1,6.07,30.55
4470,0.57,10.84,0.16,19.1,6.07,30.55
4475,0.57,10.84,0.16,19.1,6.07,30.55
4480,0.57,10.84,0.16,19.1,6.07,30.55
4485,0.57,10.84,0.16,19.1,6.07,30.55
4490,0.57,10.84,0.16,19.1,6.07,30.55
4495,0.57,10.84,0.16,19.1,6.07,30.55
4500,0.57,10.84,0.16,19.1,6.07,30.55
4505,0.57,10.84,0.16,19.1,6.07,30.55
4510,0.57,10.84,0.16,19.1,6.07,30.55
4515,0.57,10.84,0.16,19.1,6.07,30.55
4520,0.57,10.84,0.16,19.1,6.07,30.55
4525,0.57,10.84,0.16,19.1,6.07,30.55
4530,0.57,10.84,0.16,19.1,6.07,30.55
4535,0.57,10.84,0.16,19.1,6.07,30.55
4540,0.57,10.84,0.16,19.1,6.07,30.55
4545,0.57,10.84,0.16,19.1,6.07,30.55
4550,0.57,10.84,0.16,19.1,6.07,30.55
4555,0.57,10.84,0.16,19.1,6.07,30.55
4560,0.57,10.84,0.16,19.1,6.07,30.55
4565,0.57,10.84,0.16,19.1,6.07,30.55
4570,0.57,10.84,0.16,19.1,6.07,30.55
4575,0.57,10.84,0.16,19.1,6.07,30.55
4580,0.57,10.84,0.16,19.1,6.07,30.55
4585,0.57,10.84,0.16,19.1,6.07,30.55
4590,0.57,10.84,0.16,19.1,6.07,30.55
4595,0.57,10.84,0.16,19.1,6.07,30.55
4600,0.57,10.84,0.16,19.1,6.07,30.55
4605,0.57,10.84,0.16,19.1,6.07,30.55
4610,0.57,10.84,0.16,19.1,6.07,30.55
4615,0.57,10.84,0.16,19.1,6.07,30.55
4620,0.57,10.84,0.16,19.1,6.07,30.55
4625,0.57,10.84,0.16,19.1,6.07,30.55
4630,0.57,10.84,0.16,19.1,6.07,30.55
4635,0.57,10.84,0.16,19.1,6.07,30.55
4640,0.57,10.84,0.16,19.1,6.07,30.55
4645,0.57,10.84,0.16,19.1,6.07,30.55
4650,0.57,10.84,0.16,19.1,6.07,30.55
4655,0.57,10.84,0.16,19.1,6.07,30.55
4660,0.57,10.84,0.16,19.1,6.07,30.55
4665,0.57,10.84,0.16,19.1,6.07,30.55
4670,0.57,10.84,0.16,19.1,6.07,30.55
4675,0.57,10.84,0.16,19.1,6.07,30.55
4680,0.57,10.84,0.16,19.1,6.07,30.55
4685,0.57,10.84,0.16,19.1,6.07,30.55
4690,0.57,10.84,0.16,19.1,6.07,30.55
4695,0.57,10.84,0.16,19.1,6.07,30.55
4700,0.57,10.84,0.16,19.1,6.07,30.55
4705,0.57,10.84,0.16,19.1,6.07,30.55
4710,0.57,10.84,0.16,19.1,6.07,30.55
4715,0.57,10.84,0.16,19.1,6.07,30.55
4720,0.57,10.84,0.16,19.1,6.07,30.55
4725,0.57,10.84,0.16,19.1,6.07,30.55
4730,0.57,10.84,0.16,19.1,6.07,30.55
4735,0.57,10.84,0.16,19.1,6.07,30.55
4740,0.57,10.84,0.16,19.1,6.07,30.55
4745,0.57,10.84,0.16,19.1,6.07,30.55
4750,0.57,10.84,0.16,19.1,6.07,30.55
4755,0.57,10.84,0.16,19.1,6.07,30.55
4760,0.57,10.84,0.16,19.1,6.07,30.55
4765,0.57,10.84,0.16,19.1,6.07,30.55
4770,0.57,10.84,0.16,19.1,6.07,30.55
4775,0.57,10.84,0.16,19.1,6.07,30.55
4780,0.57,10.84,0.16,19.1,6.07,30.55
4785,0.57,10.84,0.16,19.1,6.07,30.55
4790,0.57,10.84,0.16,19.1,6.07,30.55
4795,0.57,10.84,0.16,19.1,6.07,30.55
4800,0.55,10.37,0.15,18.59,6.01,30.13
4805,0.55,10.37,0.15,18.59,6.01,30.13
4810,0.55,10.37,0.15,18.59,6.01,30.13
4815,0.55,10.37,0.15,18.59,6.01,30.13
4820,0.55,10.37,0.15,18.59,6.01,30.13
4825,0.55,10.37,0.15,18.59,6.01,30.13
4830,0.55,10.37,0.15,18.59,6.01,30.13
4835,0.55,10.37,0.15,18.59,6.01,30.13
4840,0.55,10.37,0.15,18.59,6.01,30.13
4845,0.55,10.37,0.15,18.59,6.01,30.13
4850,0.55,10.37,0.15,18.59,6.01,30.13
4855,0.55,10.37,0.15,18.59,6.01,30.13
4860,0.55,10.37,0.15,18.59,6.01,30.13
4865,0.55,10.37,0.15,18.59,6.01,30.13
4870,0.55,10.37,0.15,18.59,6.01,30.13
4875,0.55,10.37,0.15,18.59,6.01,30.13
4880,0.55,10.37,0.15,18.59,6.01,30.13
4885,0.55,10.37,0.15,18.59,6.01,30.13
4890,0.55,10.37,0.15,18.59,6.01,30.13
4895,0.55,10.37,0.15,18.59,6.01,30.13
4900,0.55,10.37,0.15,18.59,6.01,30.13
4905,0.55,10.37,0.15,18.59,6.01,30.13
4910,0.55,10.37,0.15,18.59,6.01,30.13
4915,0.55,10.37,0.15,18.59,6.01,30.13
4920,0.55,10.37,0.15,18.59,6.01,30.13
4925,0.55,10.37,0.15,18.59,6.01,30.13
4930,0.55,10.37,0.15,18.59,6.01,30.13
4935,0.55,10.37,0.15,18.59,6.01,30.13
4940,0.55,10.37,0.15,18.59,6.01,30.13
4945,0.55,10.37,0.15,18.59,6.01,30.13
4950,0.55,10.37,0.15,18.59,6.01,30.13
4955,0.55,10.37,0.15,18.59,6.01,30.13
4960,0.55,10.37,0.15,18.59,6.01,30.13
4965,0.55,10.37,0.15,18.59,6.01,30.13
4970,0.55,10.37,0.15,18.59,6.01,30.13
4975,0.55,10.37,0.15,18.59,6.01,30.13
4980,0.55,10.37,0.15,18.59,6.01,30.13
4985,0.55,10.37,0.15,18.59,6.01,30.13
4990,0.55,10.37,0.15,18.59,6.01,30.13
4995,0.55,10.37,0.15,18.59,6.01,30.13
5000,0.55,10.37,0.15,18.59,6.01,30.13
5005,0.55,10.37,0.15,18.59,6.01,30.13
5010,0.55,10.37,0.15,18.59,6.01,30.13
5015,0.55,10.37,0.15,18.59,6.01,30.13
5020,0.55,10.37,0.15,18.59,6.01,30.13
5025,0.55,10.37,0.15,18.59,6.01,30.13
5030,0.55,10.37,0.15,18.59,6.01,30.13
5035,0.55,10.37,0.15,18.59,6.01,30.13
5040,0.55,10.37,0.15,18.59,6.01,30.13
5045,0.55,10.37,0.15,18.59,6.01,30.13
5050,0.55,10.37,0.15,18.59,6.01,30.13
5055,0.55,10.37,0.15,18.59,6.01,30.13
5060,0.55,10.37,0.15,18.59,6.01,30.13
5065,0.55,10.37,0.15,18.59,6.01,30.13
5070,0.55,10.37,0.15,18.59,6.01,30.13
5075,0.55,10.37,0.15,18.59,6.01,30.13
5080,0.55,10.37,0.15,18.59,6.01,30.13
5085,0.55,10.37,0.15,18.59,6.01,30.13
5090,0.55,10.37,0.15,18.59,6.01,30.13
5095,0.55,10.37,0.15,18.59,6.01,30.13
5100,0.55,10.37,0.15,18.59,6.01,30.13
5105,0.55,10.37,0.15,18.59,6.01,30.13
5110,0.55,10.37,0.15,18.59,6.01,30.13
5115,0.55,10.37,0.15,18.59,6.01,30.13
5120,0.55,10.37,0.15,18.59,6.01,30.13
5125,0.55,10.37,0.15,18.59,6.01,30.13
5130,0.55,10.37,0.15,18.59,6.01,30.13
5135,0.55,10.37,0.15,18.59,6.01,30.13
5140,0.55,10.37,0.15,18.59,6.01,30.13
5145,0.55,10.37,0.15,18.59,6.01,30.13
5150,0.55,10.37,0.15,18.59,6.01,30.13
5155,0.55,10.37,0.15,18.59,6.01,30.13
5160,0.55,10.37,0.15,18.59,6.01,30.13
5165,0.55,10.37,0.15,18.59,6.01,30.13
5170,0.55,10.37,0.15,18.59,6.01,30.13
5175,0.55,10.37,0.15,18.59,6.01,30.13
5180,0.55,10.37,0.15,18.59,6.01,30.13
5185,0.55,10.37,0.15,18.59,6.01,30.13
5190,0.55,10.37,0.15,18.59,6.01,30.13
5195,0.55,10.37,0.15,18.59,6.01,30.13
5200,0.55,10.37,0.15,18.59,6.01,30.13
5205,0.55,10.37,0.15,18.59,6.01,30.13
5210,0.55,10.37,0.15,18.59,6.01,30.13
5215,0.55,10.37,0.15,18.59,6.01,30.13
5220,0.55,10.37,0.15,18.59,6.01,30.13
5225,0.55,10.37,0.15,18.59,6.01,30.13
5230,0.55,10.37,0.15,18.59,6.01,30.13
5235,0.55,10.37,0.15,18.59,6.01,30.13
5240,0.55,10.37,0.15,18.59,6.01,30.13
5245,0.55,10.37,0.15,18.59,6.01,30.13
5250,0.55,10.37,0.15,18.59,6.01,30.13
5255,0.55,10.37,0.15,18.59,6.01,30.13
5260,0.55,10.37,0.15,18.59,6.01,30.13
5265,0.55,10.37,0.15,18.59,6.01,30.13
5270,0.55,10.37,0.15,18.59,6.01,30.13
5275,0.55,10.37,0.15,18.59,6.01,30.13
5280,0.55,10.37,0.15,18.59,6.01,30.13
5285,0.55,10.37,0.15,18.59,6.01,30.13
5290,0.55,10.37,0.15,18.59,6.01,30.13
5295,0.55,10.37,0.15,18.59,6.01,30.13
5300,0.55,10.37,0.15,18.59,6.01,30.13
5305,0.55,10.37,0.15,18.59,6.01,30.13
5310,0.55,10.37,0.15,18.59,6.01,30.13
5315,0.55,10.37,0.15,18.59,6.01,30.13
5320,0.55,10.37,0.15,18.59,6.01,30.13
5325,0.55,10.37,0.15,18.59,6.01,30.13
5330,0.55,10.37,0.15,18.59,6.01,30.13
5335,0.55,10.37,0.15,18.59,6.01,30.13
5340,0.55,10.37,0.15,18.59,6.01,30.13
5345,0.55,10.37,0.15,18.59,6.01,30.13
5350,0.55,10.37,0.15,18.59,6.01,30.13
5355,0.55,10.37,0.15,18.59,6.01,30.13
5360,0.55,10.37,0.15,18.59,6.01,30.13
5365,0.55,10.37,0.15,18.59,6.01,30.13
5370,0.55,10.37,0.15,18.59,6.01,30.13
5375,0.55,10.37,0.15,18.59,6.01,30.13
5380,0.55,10.37,0.15,18.59,6.01,30.13
5385,0.55,10.37,0.15,18.59,6.01,30.13
5390,0.55,10.37,0.15,18.59,6.01,30.13
5395,0.55,10.37,0.15,18.59,6.01,30.13
5400,0.53,9.87,0.14,18.33,5.9,29.39
5405,0.53,9.87,0.14,18.33,5.9,29.39
5410,0.53,9.87,0.14,18.33,5.9,29.39
5415,0.53,9.87,0.14,18.33,5.9,29.39
5420,0.53,9.87,0.14,18.33,5.9,29.39
5425,0.53,9.87,0.14,18.33,5.9,29.39
5430,0.53,9.87,0.14,18.33,5.9,29.39
5435,0.53,9.87,0.14,18.33,5.9,29.39
5440,0.53,9.87,0.14,18.33,5.9,29.39
5445,0.53,9.87,0.14,18.33,5.9,29.39
5450,0.53,9.87,0.14,18.33,5.9,29.39
5455,0.53,9.87,0.14,18.33,5.9,29.39
5460,0.53,9.87,0.14,18.33,5.9,29.39
5465,0.53,9.87,0.14,18.33,5.9,29.39
5470,0.53,9.87,0.14,18.33,5.9,29.39
5475,0.53,9.87,0.14,18.33,5.9,29.39
5480,0.53,9.87,0.14,18.33,5.9,29.39
5485,0.53,9.87,0.14,18.33,5.9,29.39
5490,0.53,9.87,0.14,18.33,5.9,29.39
5495,0.53,9.87,0.14,18.33,5.9,29.39
5500,0.53,9.87,0.14,18.33,5.9,29.39
5505,0.53,9.87,0.14,18.33,5.9,29.39
5510,0.53,9.87,0.14,18.33,5.9,29.39
5515,0.53,9.87,0.14,18.33,5.9,29.39
5520,0.53,9.87,0.14,18.33,5.9,29.39
5525,0.53,9.87,0.14,18.33,5.9,29.39
5530,0.53,9.87,0.14,18.33,5.9,29.39
5535,0.53,9.87,0.14,18.33,5.9,29.39
5540,0.53,9.87,0.14,18.33,5.9,29.39
5545,0.53,9.87,0.14,18.33,5.9,29.39
5550,0.53,9.87,0.14,18.33,5.9,29.39
5555,0.53,9.87,0.14,18.33,5.9,29.39
5560,0.53,9.87,0.14,18.33,5.9,29.39
5565,0.53,9.87,0.14,18.33,5.9,29.39
5570,0.53,9.87,0.14,18.33,5.9,29.39
5575,0.53,9.87,0.14,18.33,5.9,29.39
5580,0.53,9.87,0.14,18.33,5.9,29.39
5585,0.53,9.87,0.14,18.33,5.9,29.39
5590,0.53,9.87,0.14,18.33,5.9,29.39
5595,0.53,9.87,0.14,18.33,5.9,29.39
5600,0.53,9.87,0.14,18.33,5.9,29.39
5605,0.53,9.87,0.14,18.33,5.9,29.39
5610,0.53,9.87,0.14,18.33,5.9,29.39
5615,0.53,9.87,0.14,18.33,5.9,29.39
5620,0.53,9.87,0.14,18.33,5.9,29.39
5625,0.53,9.87,0.14,18.33,5.9,29.39
5630,0.53,9.87,0.14,18.33,5.9,29.39
5635,0.53,9.87,0.14,18.33,5.9,29.39
5640,0.53,9.87,0.14,18.33,5.9,29.39
5645,0.53,9.87,0.14,18.33,5.9,29.39
5650,0.53,9.87,0.14,18.33,5.9,29.39
5655,0.53,9.87,0.14,18.33,5.9,29.39
5660,0.53,9.87,0.14,18.33,5.9,29.39
5665,0.53,9.87,0.14,18.33,5.9,29.39
5670,0.53,9.87,0.14,18.33,5.9,29.39
5675,0.53,9.87,0.14,18.33,5.9,29.39
5680,0.53,9.87,0.14,18.33,5.9,29.39
5685,0.53,9.87,0.14,18.33,5.9,29.39
5690,0.53,9.87,0.14,18.33,5.9,29.39
5695,0.53,9.87,0.14,18.33,5.9,29.39
5700,0.53,9.87,0.14,18.33,5.9,29.39
5705,0.53,9.87,0.14,18.33,5.9,29.39
5710,0.53,9.87,0.14,18.33,5.9,29.39
5715,0.53,9.87,0.14,18.33,5.9,29.39
5720,0.53,9.87,0.14,18.33,5.9,29.39
5725,0.53,9.87,0.14,18.33,5.9,29.39
5730,0.53,9.87,0.14,18.33,5.9,29.39
5735,0.53,9.87,0.14,18.33,5.9,29.39
5740,0.53,9.87,0.14,18.33,5.9,29.39
5745,0.53,9.87,0.14,18.33,5.9,29.39
5750,0.53,9.87,0.14,18.33,5.9,29.39
5755,0.53,9.87,0.14,18.33,5.9,29.39
5760,0.53,9.87,0.14,18.33,5.9,29.39
5765,0.53,9.87,0.14,18.33,5.9,29.39
5770,0.53,9.87,0.14,18.33,5.9,29.39
5775,0.53,9.87,0.14,18.33,5.9,29.39
5780,0.53,9.87,0.14,18.33,5.9,29.39
5785,0.53,9.87,0.14,18.33,5.9,29.39
5790,0.53,9.87,0.14,18.33,5.9,29.39
5795,0.53,9.87,0.14,18.33,5.9,29.39
5800,0.53,9.87,0.14,18.33,5.9,29.39
5805,0.53,9.87,0.14,18.33,5.9,29.39
5810,0.53,9.87,0.14,18.33,5.9,29.39
5815,0.53,9.87,0.14,18.33,5.9,29.39
5820,0.53,9.87,0.14,18.33,5.9,29.39
5825,0.53,9.87,0.14,18.33,5.9,29.39
5830,0.53,9.87,0.14,18.33,5.9,29.39
5835,0.53,9.87,0.14,18.33,5.9,29.39
5840,0.53,9.87,0.14,18.33,5.9,29.39
5845,0.53,9.87,0.14,18.33,5.9,29.39
5850,0.53,9.87,0.14,18.33,5.9,29.39
5855,0.53,9.87,0.14,18.33,5.9,29.39
5860,0.53,9.87,0.14,18.33,5.9,29.39
5865,0.53,9.87,0.14,18.33,5.9,29.39
5870,0.53,9.87,0.14,18.33,5.9,29.39
5875,0.53,9.87,0.14,18.33,5.9,29.39
5880,0.53,9.87,0.14,18.33,5.9,29.39
5885,0.53,9.87,0.14,18.33,5.9,29.39
5890,0.53,9.87,0.14,18.33,5.9,29.39
5895,0.53,9.87,0.14,18.33,5.9,29.39
5900,0.53,9.87,0.14,18.33,5.9,29.39
5905,0.53,9.87,0.14,18.33,5.9,29.39
5910,0.53,9.87,0.14,18.33,5.9,29.39
5915,0.53,9.87,0.14,18.33,5.9,29.39
5920,0.53,9.87,0.14,18.33,5.9,29.39
5925,0.53,9.87,0.14,18.33,5.9,29.39
5930,0.53,9.87,0.14,18.33,5.9,29.39
5935,0.53,9.87,0.14,18.33,5.9,29.39
5940,0.53,9.87,0.14,18.33,5.9,29.39
5945,0.53,9.87,0.14,18.33,5.9,29.39
5950,0.53,9.87,0.14,18.33,5.9,29.39
5955,0.53,9.87,0.14,18.33,5.9,29.39
5960,0.53,9.87,0.14,18.33,5.9,29.39
5965,0.53,9.87,0.14,18.33,5.9,29.39
5970,0.53,9.87,0.14,18.33,5.9,29.39
5975,0.53,9.87,0.14,18.33,5.9,29.39
5980,0.53,9.87,0.14,18.33,5.9,29.39
5985,0.53,9.87,0.14,18.33,5.9,29.39
5990,0.53,9.87,0.14,18.33,5.9,29.39
5995,0.53,9.87,0.14,18.33,5.9,29.39
6000,0.52,9.76,0.13,18.58,5.4,28.59
