ts,haerbin,jinan,shenyang,shijiazhuang,taiyuan,tianjin,wulanchabu
50,8.99,7.44,12.51,44.64,20.52,9.3,1.13
55,8.99,7.44,12.51,44.64,20.52,9.3,1.13
60,8.99,7.44,12.51,44.64,20.52,9.3,1.13
65,8.99,7.44,12.51,44.64,20.52,9.3,1.13
70,8.99,7.44,12.51,44.64,20.52,9.3,1.13
75,8.99,7.44,12.51,44.64,20.52,9.3,1.13
80,8.99,7.44,12.51,44.64,20.52,9.3,1.13
85,8.99,7.44,12.51,44.64,20.52,9.3,1.13
90,8.99,7.44,12.51,44.64,20.52,9.3,1.13
95,8.99,7.44,12.51,44.64,20.52,9.3,1.13
100,8.99,7.44,12.51,44.64,20.52,9.3,1.13
105,8.99,7.44,12.51,44.64,20.52,9.3,1.13
110,8.99,7.44,12.51,44.64,20.52,9.3,1.13
115,8.99,7.44,12.51,44.64,20.52,9.3,1.13
120,8.99,7.44,12.51,44.64,20.52,9.3,1.13
125,8.99,7.44,12.51,44.64,20.52,9.3,1.13
130,8.99,7.44,12.51,44.64,20.52,9.3,1.13
135,8.99,7.44,12.51,44.64,20.52,9.3,1.13
140,8.99,7.44,12.51,44.64,20.52,9.3,1.13
145,8.99,7.44,12.51,44.64,20.52,9.3,1.13
150,8.99,7.44,12.51,44.64,20.52,9.3,1.13
155,8.99,7.44,12.51,44.64,20.52,9.3,1.13
160,8.99,7.44,12.51,44.64,20.52,9.3,1.13
165,8.99,7.44,12.51,44.64,20.52,9.3,1.13
170,8.99,7.44,12.51,44.64,20.52,9.3,1.13
175,8.99,7.44,12.51,44.64,20.52,9.3,1.13
180,8.99,7.44,12.51,44.64,20.52,9.3,1.13
185,8.99,7.44,12.51,44.64,20.52,9.3,1.13
190,8.99,7.44,12.51,44.64,20.52,9.3,1.13
195,8.99,7.44,12.51,44.64,20.52,9.3,1.13
200,8.99,7.44,12.51,44.64,20.52,9.3,1.13
205,8.99,7.44,12.51,44.64,20.52,9.3,1.13
210,8.99,7.44,12.51,44.64,20.52,9.3,1.13
215,8.99,7.44,12.51,44.64,20.52,9.3,1.13
220,8.99,7.44,12.51,44.64,20.52,9.3,1.13
225,8.99,7.44,12.51,44.64,20.52,9.3,1.13
230,8.99,7.44,12.51,44.64,20.52,9.3,1.13
235,8.99,7.44,12.51,44.64,20.52,9.3,1.13
240,8.99,7.44,12.51,44.64,20.52,9.3,1.13
245,8.99,7.44,12.51,44.64,20.52,9.3,1.13
250,8.99,7.44,12.51,44.64,20.52,9.3,1.13
255,8.99,7.44,12.51,44.64,20.52,9.3,1.13
260,8.99,7.44,12.51,44.64,20.52,9.3,1.13
265,8.99,7.44,12.51,44.64,20.52,9.3,1.13
270,8.99,7.44,12.51,44.64,20.52,9.3,1.13
275,8.99,7.44,12.51,44.64,20.52,9.3,1.13
280,8.99,7.44,12.51,44.64,20.52,9.3,1.13
285,8.99,7.44,12.51,44.64,20.52,9.3,1.13
290,8.99,7.44,12.51,44.64,20.52,9.3,1.13
295,8.99,7.44,12.51,44.64,20.52,9.3,1.13
300,8.99,7.44,12.51,44.64,20.52,9.3,1.13
305,8.99,7.44,12.51,44.64,20.52,9.3,1.13
310,8.99,7.44,12.51,44.64,20.52,9.3,1.13
315,8.99,7.44,12.51,44.64,20.52,9.3,1.13
320,8.99,7.44,12.51,44.64,20.52,9.3,1.13
325,8.99,7.44,12.51,44.64,20.52,9.3,1.13
330,8.99,7.44,12.51,44.64,20.52,9.3,1.13
335,8.99,7.44,12.51,44.64,20.52,9.3,1.13
340,8.99,7.44,12.51,44.64,20.52,9.3,1.13
345,8.99,7.44,12.51,44.64,20.52,9.3,1.13
350,8.99,7.44,12.51,44.64,20.52,9.3,1.13
355,8.99,7.44,12.51,44.64,20.52,9.3,1.13
360,8.99,7.44,12.51,44.64,20.52,9.3,1.13
365,8.99,7.44,12.51,44.64,20.52,9.3,1.13
370,8.99,7.44,12.51,44.64,20.52,9.3,1.13
375,8.99,7.44,12.51,44.64,20.52,9.3,1.13
380,8.99,7.44,12.51,44.64,20.52,9.3,1.13
385,8.99,7.44,12.51,44.64,20.52,9.3,1.13
390,8.99,7.44,12.51,44.64,20.52,9.3,1.13
395,8.99,7.44,12.51,44.64,20.52,9.3,1.13
400,8.99,7.44,12.51,44.64,20.52,9.3,1.13
405,8.99,7.44,12.51,44.64,20.52,9.3,1.13
410,8.99,7.44,12.51,44.64,20.52,9.3,1.13
415,8.99,7.44,12.51,44.64,20.52,9.3,1.13
420,8.99,7.44,12.51,44.64,20.52,9.3,1.13
425,8.99,7.44,12.51,44.64,20.52,9.3,1.13
430,8.99,7.44,12.51,44.64,20.52,9.3,1.13
435,8.99,7.44,12.51,44.64,20.52,9.3,1.13
440,8.99,7.44,12.51,44.64,20.52,9.3,1.13
445,8.99,7.44,12.51,44.64,20.52,9.3,1.13
450,8.99,7.44,12.51,44.64,20.52,9.3,1.13
455,8.99,7.44,12.51,44.64,20.52,9.3,1.13
460,8.99,7.44,12.51,44.64,20.52,9.3,1.13
465,8.99,7.44,12.51,44.64,20.52,9.3,1.13
470,8.99,7.44,12.51,44.64,20.52,9.3,1.13
475,8.99,7.44,12.51,44.64,20.52,9.3,1.13
480,8.99,7.44,12.51,44.64,20.52,9.3,1.13
485,8.99,7.44,12.51,44.64,20.52,9.3,1.13
490,8.99,7.44,12.51,44.64,20.52,9.3,1.13
495,8.99,7.44,12.51,44.64,20.52,9.3,1.13
500,8.99,7.44,12.51,44.64,20.52,9.3,1.13
505,8.99,7.44,12.51,44.64,20.52,9.3,1.13
510,8.99,7.44,12.51,44.64,20.52,9.3,1.13
515,8.99,7.44,12.51,44.64,20.52,9.3,1.13
520,8.99,7.44,12.51,44.64,20.52,9.3,1.13
525,8.99,7.44,12.51,44.64,20.52,9.3,1.13
530,8.99,7.44,12.51,44.64,20.52,9.3,1.13
535,8.99,7.44,12.51,44.64,20.52,9.3,1.13
540,8.99,7.44,12.51,44.64,20.52,9.3,1.13
545,8.99,7.44,12.51,44.64,20.52,9.3,1.13
550,8.99,7.44,12.51,44.64,20.52,9.3,1.13
555,8.99,7.44,12.51,44.64,20.52,9.3,1.13
560,8.99,7.44,12.51,44.64,20.52,9.3,1.13
565,8.99,7.44,12.51,44.64,20.52,9.3,1.13
570,8.99,7.44,12.51,44.64,20.52,9.3,1.13
575,8.99,7.44,12.51,44.64,20.52,9.3,1.13
580,8.99,7.44,12.51,44.64,20.52,9.3,1.13
585,8.99,7.44,12.51,44.64,20.52,9.3,1.13
590,8.99,7.44,12.51,44.64,20.52,9.3,1.13
595,8.99,7.44,12.51,44.64,20.52,9.3,1.13
600,10.03,7.54,13.71,44.04,19.95,8.69,1.11
605,10.03,7.54,13.71,44.04,19.95,8.69,1.11
610,10.03,7.54,13.71,44.04,19.95,8.69,1.11
615,10.03,7.54,13.71,44.04,19.95,8.69,1.11
620,10.03,7.54,13.71,44.04,19.95,8.69,1.11
625,10.03,7.54,13.71,44.04,19.95,8.69,1.11
630,10.03,7.54,13.71,44.04,19.95,8.69,1.11
635,10.03,7.54,13.71,44.04,19.95,8.69,1.11
640,10.03,7.54,13.71,44.04,19.95,8.69,1.11
645,10.03,7.54,13.71,44.04,19.95,8.69,1.11
650,10.03,7.54,13.71,44.04,19.95,8.69,1.11
655,10.03,7.54,13.71,44.04,19.95,8.69,1.11
660,10.03,7.54,13.71,44.04,19.95,8.69,1.11
665,10.03,7.54,13.71,44.04,19.95,8.69,1.11
670,10.03,7.54,13.71,44.04,19.95,8.69,1.11
675,10.03,7.54,13.71,44.04,19.95,8.69,1.11
680,10.03,7.54,13.71,44.04,19.95,8.69,1.11
685,10.03,7.54,13.71,44.04,19.95,8.69,1.11
690,10.03,7.54,13.71,44.04,19.95,8.69,1.11
695,10.03,7.54,13.71,44.04,19.95,8.69,1.11
700,10.03,7.54,13.71,44.04,19.95,8.69,1.11
705,10.03,7.54,13.71,44.04,19.95,8.69,1.11
710,10.03,7.54,13.71,44.04,19.95,8.69,1.11
715,10.03,7.54,13.71,44.04,19.95,8.69,1.11
720,10.03,7.54,13.71,44.04,19.95,8.69,1.11
725,10.03,7.54,13.71,44.04,19.95,8.69,1.11
730,10.03,7.54,13.71,44.04,19.95,8.69,1.11
735,10.03,7.54,13.71,44.04,19.95,8.69,1.11
740,10.03,7.54,13.71,44.04,19.95,8.69,1.11
745,10.03,7.54,13.71,44.04,19.95,8.69,1.11
750,10.03,7.54,13.71,44.04,19.95,8.69,1.11
755,10.03,7.54,13.71,44.04,19.95,8.69,1.11
760,10.03,7.54,13.71,44.04,19.95,8.69,1.11
765,10.03,7.54,13.71,44.04,19.95,8.69,1.11
770,10.03,7.54,13.71,44.04,19.95,8.69,1.11
775,10.03,7.54,13.71,44.04,19.95,8.69,1.11
780,10.03,7.54,13.71,44.04,19.95,8.69,1.11
785,10.03,7.54,13.71,44.04,19.95,8.69,1.11
790,10.03,7.54,13.71,44.04,19.95,8.69,1.11
795,10.03,7.54,13.71,44.04,19.95,8.69,1.11
800,10.03,7.54,13.71,44.04,19.95,8.69,1.11
805,10.03,7.54,13.71,44.04,19.95,8.69,1.11
810,10.03,7.54,13.71,44.04,19.95,8.69,1.11
815,10.03,7.54,13.71,44.04,19.95,8.69,1.11
820,10.03,7.54,13.71,44.04,19.95,8.69,1.11
825,10.03,7.54,13.71,44.04,19.95,8.69,1.11
830,10.03,7.54,13.71,44.04,19.95,8.69,1.11
835,10.03,7.54,13.71,44.04,19.95,8.69,1.11
840,10.03,7.54,13.71,44.04,19.95,8.69,1.11
845,10.03,7.54,13.71,44.04,19.95,8.69,1.11
850,10.03,7.54,13.71,44.04,19.95,8.69,1.11
855,10.03,7.54,13.71,44.04,19.95,8.69,1.11
860,10.03,7.54,13.71,44.04,19.95,8.69,1.11
865,10.03,7.54,13.71,44.04,19.95,8.69,1.11
870,10.03,7.54,13.71,44.04,19.95,8.69,1.11
875,10.03,7.54,13.71,44.04,19.95,8.69,1.11
880,10.03,7.54,13.71,44.04,19.95,8.69,1.11
885,10.03,7.54,13.71,44.04,19.95,8.69,1.11
890,10.03,7.54,13.71,44.04,19.95,8.69,1.11
895,10.03,7.54,13.71,44.04,19.95,8.69,1.11
900,10.03,7.54,13.71,44.04,19.95,8.69,1.11
905,10.03,7.54,13.71,44.04,19.95,8.69,1.11
910,10.03,7.54,13.71,44.04,19.95,8.69,1.11
915,10.03,7.54,13.71,44.04,19.95,8.69,1.11
920,10.03,7.54,13.71,44.04,19.95,8.69,1.11
925,10.03,7.54,13.71,44.04,19.95,8.69,1.11
930,10.03,7.54,13.71,44.04,19.95,8.69,1.11
935,10.03,7.54,13.71,44.04,19.95,8.69,1.11
940,10.03,7.54,13.71,44.04,19.95,8.69,1.11
945,10.03,7.54,13.71,44.04,19.95,8.69,1.11
950,10.03,7.54,13.71,44.04,19.95,8.69,1.11
955,10.03,7.54,13.71,44.04,19.95,8.69,1.11
960,10.03,7.54,13.71,44.04,19.95,8.69,1.11
965,10.03,7.54,13.71,44.04,19.95,8.69,1.11
970,10.03,7.54,13.71,44.04,19.95,8.69,1.11
975,10.03,7.54,13.71,44.04,19.95,8.69,1.11
980,10.03,7.54,13.71,44.04,19.95,8.69,1.11
985,10.03,7.54,13.71,44.04,19.95,8.69,1.11
990,10.03,7.54,13.71,44.04,19.95,8.69,1.11
995,10.03,7.54,13.71,44.04,19.95,8.69,1.11
1000,10.03,7.54,13.71,44.04,19.95,8.69,1.11
1005,10.03,7.54,13.71,44.04,19.95,8.69,1.11
1010,10.03,7.54,13.71,44.04,19.95,8.69,1.11
1015,10.03,7.54,13.71,44.04,19.95,8.69,1.11
1020,10.03,7.54,13.71,44.04,19.95,8.69,1.11
1025,10.03,7.54,13.71,44.04,19.95,8.69,1.11
1030,10.03,7.54,13.71,44.04,19.95,8.69,1.11
1035,10.03,7.54,13.71,44.04,19.95,8.69,1.11
1040,10.03,7.54,13.71,44.04,19.95,8.69,1.11
1045,10.03,7.54,13.71,44.04,19.95,8.69,1.11
1050,10.03,7.54,13.71,44.04,19.95,8.69,1.11
1055,10.03,7.54,13.71,44.04,19.95,8.69,1.11
1060,10.03,7.54,13.71,44.04,19.95,8.69,1.11
1065,10.03,7.54,13.71,44.04,19.95,8.69,1.11
1070,10.03,7.54,13.71,44.04,19.95,8.69,1.11
1075,10.03,7.54,13.71,44.04,19.95,8.69,1.11
1080,10.03,7.54,13.71,44.04,19.95,8.69,1.11
1085,10.03,7.54,13.71,44.04,19.95,8.69,1.11
1090,10.03,7.54,13.71,44.04,19.95,8.69,1.11
1095,10.03,7.54,13.71,44.04,19.95,8.69,1.11
1100,10.03,7.54,13.71,44.04,19.95,8.69,1.11
1105,10.03,7.54,13.71,44.04,19.95,8.69,1.11
1110,10.03,7.54,13.71,44.04,19.95,8.69,1.11
1115,10.03,7.54,13.71,44.04,19.95,8.69,1.11
1120,10.03,7.54,13.71,44.04,19.95,8.69,1.11
1125,10.03,7.54,13.71,44.04,19.95,8.69,1.11
1130,10.03,7.54,13.71,44.04,19.95,8.69,1.11
1135,10.03,7.54,13.71,44.04,19.95,8.69,1.11
1140,10.03,7.54,13.71,44.04,19.95,8.69,1.11
1145,10.03,7.54,13.71,44.04,19.95,8.69,1.11
1150,10.03,7.54,13.71,44.04,19.95,8.69,1.11
1155,10.03,7.54,13.71,44.04,19.95,8.69,1.11
1160,10.03,7.54,13.71,44.04,19.95,8.69,1.11
1165,10.03,7.54,13.71,44.04,19.95,8.69,1.11
1170,10.03,7.54,13.71,44.04,19.95,8.69,1.11
1175,10.03,7.54,13.71,44.04,19.95,8.69,1.11
1180,10.03,7.54,13.71,44.04,19.95,8.69,1.11
1185,10.03,7.54,13.71,44.04,19.95,8.69,1.11
1190,10.03,7.54,13.71,44.04,19.95,8.69,1.11
1195,10.03,7.54,13.71,44.04,19.95,8.69,1.11
1200,10.28,7.55,15.06,44.53,18.34,8.0,1.07
1205,10.28,7.55,15.06,44.53,18.34,8.0,1.07
1210,10.28,7.55,15.06,44.53,18.34,8.0,1.07
1215,10.28,7.55,15.06,44.53,18.34,8.0,1.07
1220,10.28,7.55,15.06,44.53,18.34,8.0,1.07
1225,10.28,7.55,15.06,44.53,18.34,8.0,1.07
1230,10.28,7.55,15.06,44.53,18.34,8.0,1.07
1235,10.28,7.55,15.06,44.53,18.34,8.0,1.07
1240,10.28,7.55,15.06,44.53,18.34,8.0,1.07
1245,10.28,7.55,15.06,44.53,18.34,8.0,1.07
1250,10.28,7.55,15.06,44.53,18.34,8.0,1.07
1255,10.28,7.55,15.06,44.53,18.34,8.0,1.07
1260,10.28,7.55,15.06,44.53,18.34,8.0,1.07
1265,10.28,7.55,15.06,44.53,18.34,8.0,1.07
1270,10.28,7.55,15.06,44.53,18.34,8.0,1.07
1275,10.28,7.55,15.06,44.53,18.34,8.0,1.07
1280,10.28,7.55,15.06,44.53,18.34,8.0,1.07
1285,10.28,7.55,15.06,44.53,18.34,8.0,1.07
1290,10.28,7.55,15.06,44.53,18.34,8.0,1.07
1295,10.28,7.55,15.06,44.53,18.34,8.0,1.07
1300,10.28,7.55,15.06,44.53,18.34,8.0,1.07
1305,10.28,7.55,15.06,44.53,18.34,8.0,1.07
1310,10.28,7.55,15.06,44.53,18.34,8.0,1.07
1315,10.28,7.55,15.06,44.53,18.34,8.0,1.07
1320,10.28,7.55,15.06,44.53,18.34,8.0,1.07
1325,10.28,7.55,15.06,44.53,18.34,8.0,1.07
1330,10.28,7.55,15.06,44.53,18.34,8.0,1.07
1335,10.28,7.55,15.06,44.53,18.34,8.0,1.07
1340,10.28,7.55,15.06,44.53,18.34,8.0,1.07
1345,10.28,7.55,15.06,44.53,18.34,8.0,1.07
1350,10.28,7.55,15.06,44.53,18.34,8.0,1.07
1355,10.28,7.55,15.06,44.53,18.34,8.0,1.07
1360,10.28,7.55,15.06,44.53,18.34,8.0,1.07
1365,10.28,7.55,15.06,44.53,18.34,8.0,1.07
1370,10.28,7.55,15.06,44.53,18.34,8.0,1.07
1375,10.28,7.55,15.06,44.53,18.34,8.0,1.07
1380,10.28,7.55,15.06,44.53,18.34,8.0,1.07
1385,10.28,7.55,15.06,44.53,18.34,8.0,1.07
1390,10.28,7.55,15.06,44.53,18.34,8.0,1.07
1395,10.28,7.55,15.06,44.53,18.34,8.0,1.07
1400,10.28,7.55,15.06,44.53,18.34,8.0,1.07
1405,10.28,7.55,15.06,44.53,18.34,8.0,1.07
1410,10.28,7.55,15.06,44.53,18.34,8.0,1.07
1415,10.28,7.55,15.06,44.53,18.34,8.0,1.07
1420,10.28,7.55,15.06,44.53,18.34,8.0,1.07
1425,10.28,7.55,15.06,44.53,18.34,8.0,1.07
1430,10.28,7.55,15.06,44.53,18.34,8.0,1.07
1435,10.28,7.55,15.06,44.53,18.34,8.0,1.07
1440,10.28,7.55,15.06,44.53,18.34,8.0,1.07
1445,10.28,7.55,15.06,44.53,18.34,8.0,1.07
1450,10.28,7.55,15.06,44.53,18.34,8.0,1.07
1455,10.28,7.55,15.06,44.53,18.34,8.0,1.07
1460,10.28,7.55,15.06,44.53,18.34,8.0,1.07
1465,10.28,7.55,15.06,44.53,18.34,8.0,1.07
1470,10.28,7.55,15.06,44.53,18.34,8.0,1.07
1475,10.28,7.55,15.06,44.53,18.34,8.0,1.07
1480,10.28,7.55,15.06,44.53,18.34,8.0,1.07
1485,10.28,7.55,15.06,44.53,18.34,8.0,1.07
1490,10.28,7.55,15.06,44.53,18.34,8.0,1.07
1495,10.28,7.55,15.06,44.53,18.34,8.0,1.07
1500,10.28,7.55,15.06,44.53,18.34,8.0,1.07
1505,10.28,7.55,15.06,44.53,18.34,8.0,1.07
1510,10.28,7.55,15.06,44.53,18.34,8.0,1.07
1515,10.28,7.55,15.06,44.53,18.34,8.0,1.07
1520,10.28,7.55,15.06,44.53,18.34,8.0,1.07
1525,10.28,7.55,15.06,44.53,18.34,8.0,1.07
1530,10.28,7.55,15.06,44.53,18.34,8.0,1.07
1535,10.28,7.55,15.06,44.53,18.34,8.0,1.07
1540,10.28,7.55,15.06,44.53,18.34,8.0,1.07
1545,10.28,7.55,15.06,44.53,18.34,8.0,1.07
1550,10.28,7.55,15.06,44.53,18.34,8.0,1.07
1555,10.28,7.55,15.06,44.53,18.34,8.0,1.07
1560,10.28,7.55,15.06,44.53,18.34,8.0,1.07
1565,10.28,7.55,15.06,44.53,18.34,8.0,1.07
1570,10.28,7.55,15.06,44.53,18.34,8.0,1.07
1575,10.28,7.55,15.06,44.53,18.34,8.0,1.07
1580,10.28,7.55,15.06,44.53,18.34,8.0,1.07
1585,10.28,7.55,15.06,44.53,18.34,8.0,1.07
1590,10.28,7.55,15.06,44.53,18.34,8.0,1.07
1595,10.28,7.55,15.06,44.53,18.34,8.0,1.07
1600,10.28,7.55,15.06,44.53,18.34,8.0,1.07
1605,10.28,7.55,15.06,44.53,18.34,8.0,1.07
1610,10.28,7.55,15.06,44.53,18.34,8.0,1.07
1615,10.28,7.55,15.06,44.53,18.34,8.0,1.07
1620,10.28,7.55,15.06,44.53,18.34,8.0,1.07
1625,10.28,7.55,15.06,44.53,18.34,8.0,1.07
1630,10.28,7.55,15.06,44.53,18.34,8.0,1.07
1635,10.28,7.55,15.06,44.53,18.34,8.0,1.07
1640,10.28,7.55,15.06,44.53,18.34,8.0,1.07
1645,10.28,7.55,15.06,44.53,18.34,8.0,1.07
1650,10.28,7.55,15.06,44.53,18.34,8.0,1.07
1655,10.28,7.55,15.06,44.53,18.34,8.0,1.07
1660,10.28,7.55,15.06,44.53,18.34,8.0,1.07
1665,10.28,7.55,15.06,44.53,18.34,8.0,1.07
1670,10.28,7.55,15.06,44.53,18.34,8.0,1.07
1675,10.28,7.55,15.06,44.53,18.34,8.0,1.07
1680,10.28,7.55,15.06,44.53,18.34,8.0,1.07
1685,10.28,7.55,15.06,44.53,18.34,8.0,1.07
1690,10.28,7.55,15.06,44.53,18.34,8.0,1.07
1695,10.28,7.55,15.06,44.53,18.34,8.0,1.07
1700,10.28,7.55,15.06,44.53,18.34,8.0,1.07
1705,10.28,7.55,15.06,44.53,18.34,8.0,1.07
1710,10.28,7.55,15.06,44.53,18.34,8.0,1.07
1715,10.28,7.55,15.06,44.53,18.34,8.0,1.07
1720,10.28,7.55,15.06,44.53,18.34,8.0,1.07
1725,10.28,7.55,15.06,44.53,18.34,8.0,1.07
1730,10.28,7.55,15.06,44.53,18.34,8.0,1.07
1735,10.28,7.55,15.06,44.53,18.34,8.0,1.07
1740,10.28,7.55,15.06,44.53,18.34,8.0,1.07
1745,10.28,7.55,15.06,44.53,18.34,8.0,1.07
1750,10.28,7.55,15.06,44.53,18.34,8.0,1.07
1755,10.28,7.55,15.06,44.53,18.34,8.0,1.07
1760,10.28,7.55,15.06,44.53,18.34,8.0,1.07
1765,10.28,7.55,15.06,44.53,18.34,8.0,1.07
1770,10.28,7.55,15.06,44.53,18.34,8.0,1.07
1775,10.28,7.55,15.06,44.53,18.34,8.0,1.07
1780,10.28,7.55,15.06,44.53,18.34,8.0,1.07
1785,10.28,7.55,15.06,44.53,18.34,8.0,1.07
1790,10.28,7.55,15.06,44.53,18.34,8.0,1.07
1795,10.28,7.55,15.06,44.53,18.34,8.0,1.07
1800,9.73,7.5,14.18,43.01,16.66,7.11,1.01
1805,9.73,7.5,14.18,43.01,16.66,7.11,1.01
1810,9.73,7.5,14.18,43.01,16.66,7.11,1.01
1815,9.73,7.5,14.18,43.01,16.66,7.11,1.01
1820,9.73,7.5,14.18,43.01,16.66,7.11,1.01
1825,9.73,7.5,14.18,43.01,16.66,7.11,1.01
1830,9.73,7.5,14.18,43.01,16.66,7.11,1.01
1835,9.73,7.5,14.18,43.01,16.66,7.11,1.01
1840,9.73,7.5,14.18,43.01,16.66,7.11,1.01
1845,9.73,7.5,14.18,43.01,16.66,7.11,1.01
1850,9.73,7.5,14.18,43.01,16.66,7.11,1.01
1855,9.73,7.5,14.18,43.01,16.66,7.11,1.01
1860,9.73,7.5,14.18,43.01,16.66,7.11,1.01
1865,9.73,7.5,14.18,43.01,16.66,7.11,1.01
1870,9.73,7.5,14.18,43.01,16.66,7.11,1.01
1875,9.73,7.5,14.18,43.01,16.66,7.11,1.01
1880,9.73,7.5,14.18,43.01,16.66,7.11,1.01
1885,9.73,7.5,14.18,43.01,16.66,7.11,1.01
1890,9.73,7.5,14.18,43.01,16.66,7.11,1.01
1895,9.73,7.5,14.18,43.01,16.66,7.11,1.01
1900,9.73,7.5,14.18,43.01,16.66,7.11,1.01
1905,9.73,7.5,14.18,43.01,16.66,7.11,1.01
1910,9.73,7.5,14.18,43.01,16.66,7.11,1.01
1915,9.73,7.5,14.18,43.01,16.66,7.11,1.01
1920,9.73,7.5,14.18,43.01,16.66,7.11,1.01
1925,9.73,7.5,14.18,43.01,16.66,7.11,1.01
1930,9.73,7.5,14.18,43.01,16.66,7.11,1.01
1935,9.73,7.5,14.18,43.01,16.66,7.11,1.01
1940,9.73,7.5,14.18,43.01,16.66,7.11,1.01
1945,9.73,7.5,14.18,43.01,16.66,7.11,1.01
1950,9.73,7.5,14.18,43.01,16.66,7.11,1.01
1955,9.73,7.5,14.18,43.01,16.66,7.11,1.01
1960,9.73,7.5,14.18,43.01,16.66,7.11,1.01
1965,9.73,7.5,14.18,43.01,16.66,7.11,1.01
1970,9.73,7.5,14.18,43.01,16.66,7.11,1.01
1975,9.73,7.5,14.18,43.01,16.66,7.11,1.01
1980,9.73,7.5,14.18,43.01,16.66,7.11,1.01
1985,9.73,7.5,14.18,43.01,16.66,7.11,1.01
1990,9.73,7.5,14.18,43.01,16.66,7.11,1.01
1995,9.73,7.5,14.18,43.01,16.66,7.11,1.01
2000,9.73,7.5,14.18,43.01,16.66,7.11,1.01
2005,9.73,7.5,14.18,43.01,16.66,7.11,1.01
2010,9.73,7.5,14.18,43.01,16.66,7.11,1.01
2015,9.73,7.5,14.18,43.01,16.66,7.11,1.01
2020,9.73,7.5,14.18,43.01,16.66,7.11,1.01
2025,9.73,7.5,14.18,43.01,16.66,7.11,1.01
2030,9.73,7.5,14.18,43.01,16.66,7.11,1.01
2035,9.73,7.5,14.18,43.01,16.66,7.11,1.01
2040,9.73,7.5,14.18,43.01,16.66,7.11,1.01
2045,9.73,7.5,14.18,43.01,16.66,7.11,1.01
2050,9.73,7.5,14.18,43.01,16.66,7.11,1.01
2055,9.73,7.5,14.18,43.01,16.66,7.11,1.01
2060,9.73,7.5,14.18,43.01,16.66,7.11,1.01
2065,9.73,7.5,14.18,43.01,16.66,7.11,1.01
2070,9.73,7.5,14.18,43.01,16.66,7.11,1.01
2075,9.73,7.5,14.18,43.01,16.66,7.11,1.01
2080,9.73,7.5,14.18,43.01,16.66,7.11,1.01
2085,9.73,7.5,14.18,43.01,16.66,7.11,1.01
2090,9.73,7.5,14.18,43.01,16.66,7.11,1.01
2095,9.73,7.5,14.18,43.01,16.66,7.11,1.01
2100,9.73,7.5,14.18,43.01,16.66,7.11,1.01
2105,9.73,7.5,14.18,43.01,16.66,7.11,1.01
2110,9.73,7.5,14.18,43.01,16.66,7.11,1.01
2115,9.73,7.5,14.18,43.01,16.66,7.11,1.01
2120,9.73,7.5,14.18,43.01,16.66,7.11,1.01
2125,9.73,7.5,14.18,43.01,16.66,7.11,1.01
2130,9.73,7.5,14.18,43.01,16.66,7.11,1.01
2135,9.73,7.5,14.18,43.01,16.66,7.11,1.01
2140,9.73,7.5,14.18,43.01,16.66,7.11,1.01
2145,9.73,7.5,14.18,43.01,16.66,7.11,1.01
2150,9.73,7.5,14.18,43.01,16.66,7.11,1.01
2155,9.73,7.5,14.18,43.01,16.66,7.11,1.01
2160,9.73,7.5,14.18,43.01,16.66,7.11,1.01
2165,9.73,7.5,14.18,43.01,16.66,7.11,1.01
2170,9.73,7.5,14.18,43.01,16.66,7.11,1.01
2175,9.73,7.5,14.18,43.01,16.66,7.11,1.01
2180,9.73,7.5,14.18,43.01,16.66,7.11,1.01
2185,9.73,7.5,14.18,43.01,16.66,7.11,1.01
2190,9.73,7.5,14.18,43.01,16.66,7.11,1.01
2195,9.73,7.5,14.18,43.01,16.66,7.11,1.01
2200,9.73,7.5,14.18,43.01,16.66,7.11,1.01
2205,9.73,7.5,14.18,43.01,16.66,7.11,1.01
2210,9.73,7.5,14.18,43.01,16.66,7.11,1.01
2215,9.73,7.5,14.18,43.01,16.66,7.11,1.01
2220,9.73,7.5,14.18,43.01,16.66,7.11,1.01
2225,9.73,7.5,14.18,43.01,16.66,7.11,1.01
2230,9.73,7.5,14.18,43.01,16.66,7.11,1.01
2235,9.73,7.5,14.18,43.01,16.66,7.11,1.01
2240,9.73,7.5,14.18,43.01,16.66,7.11,1.01
2245,9.73,7.5,14.18,43.01,16.66,7.11,1.01
2250,9.73,7.5,14.18,43.01,16.66,7.11,1.01
2255,9.73,7.5,14.18,43.01,16.66,7.11,1.01
2260,9.73,7.5,14.18,43.01,16.66,7.11,1.01
2265,9.73,7.5,14.18,43.01,16.66,7.11,1.01
2270,9.73,7.5,14.18,43.01,16.66,7.11,1.01
2275,9.73,7.5,14.18,43.01,16.66,7.11,1.01
2280,9.73,7.5,14.18,43.01,16.66,7.11,1.01
2285,9.73,7.5,14.18,43.01,16.66,7.11,1.01
2290,9.73,7.5,14.18,43.01,16.66,7.11,1.01
2295,9.73,7.5,14.18,43.01,16.66,7.11,1.01
2300,9.73,7.5,14.18,43.01,16.66,7.11,1.01
2305,9.73,7.5,14.18,43.01,16.66,7.11,1.01
2310,9.73,7.5,14.18,43.01,16.66,7.11,1.01
2315,9.73,7.5,14.18,43.01,16.66,7.11,1.01
2320,9.73,7.5,14.18,43.01,16.66,7.11,1.01
2325,9.73,7.5,14.18,43.01,16.66,7.11,1.01
2330,9.73,7.5,14.18,43.01,16.66,7.11,1.01
2335,9.73,7.5,14.18,43.01,16.66,7.11,1.01
2340,9.73,7.5,14.18,43.01,16.66,7.11,1.01
2345,9.73,7.5,14.18,43.01,16.66,7.11,1.01
2350,9.73,7.5,14.18,43.01,16.66,7.11,1.01
2355,9.73,7.5,14.18,43.01,16.66,7.11,1.01
2360,9.73,7.5,14.18,43.01,16.66,7.11,1.01
2365,9.73,7.5,14.18,43.01,16.66,7.11,1.01
2370,9.73,7.5,14.18,43.01,16.66,7.11,1.01
2375,9.73,7.5,14.18,43.01,16.66,7.11,1.01
2380,9.73,7.5,14.18,43.01,16.66,7.11,1.01
2385,9.73,7.5,14.18,43.01,16.66,7.11,1.01
2390,9.73,7.5,14.18,43.01,16.66,7.11,1.01
2395,9.73,7.5,14.18,43.01,16.66,7.11,1.01
2400,10.77,7.36,13.02,42.23,14.77,6.2,0.95
2405,10.77,7.36,13.02,42.23,14.77,6.2,0.95
2410,10.77,7.36,13.02,42.23,14.77,6.2,0.95
2415,10.77,7.36,13.02,42.23,14.77,6.2,0.95
2420,10.77,7.36,13.02,42.23,14.77,6.2,0.95
2425,10.77,7.36,13.02,42.23,14.77,6.2,0.95
2430,10.77,7.36,13.02,42.23,14.77,6.2,0.95
2435,10.77,7.36,13.02,42.23,14.77,6.2,0.95
2440,10.77,7.36,13.02,42.23,14.77,6.2,0.95
2445,10.77,7.36,13.02,42.23,14.77,6.2,0.95
2450,10.77,7.36,13.02,42.23,14.77,6.2,0.95
2455,10.77,7.36,13.02,42.23,14.77,6.2,0.95
2460,10.77,7.36,13.02,42.23,14.77,6.2,0.95
2465,10.77,7.36,13.02,42.23,14.77,6.2,0.95
2470,10.77,7.36,13.02,42.23,14.77,6.2,0.95
2475,10.77,7.36,13.02,42.23,14.77,6.2,0.95
2480,10.77,7.36,13.02,42.23,14.77,6.2,0.95
2485,10.77,7.36,13.02,42.23,14.77,6.2,0.95
2490,10.77,7.36,13.02,42.23,14.77,6.2,0.95
2495,10.77,7.36,13.02,42.23,14.77,6.2,0.95
2500,10.77,7.36,13.02,42.23,14.77,6.2,0.95
2505,10.77,7.36,13.02,42.23,14.77,6.2,0.95
2510,10.77,7.36,13.02,42.23,14.77,6.2,0.95
2515,10.77,7.36,13.02,42.23,14.77,6.2,0.95
2520,10.77,7.36,13.02,42.23,14.77,6.2,0.95
2525,10.77,7.36,13.02,42.23,14.77,6.2,0.95
2530,10.77,7.36,13.02,42.23,14.77,6.2,0.95
2535,10.77,7.36,13.02,42.23,14.77,6.2,0.95
2540,10.77,7.36,13.02,42.23,14.77,6.2,0.95
2545,10.77,7.36,13.02,42.23,14.77,6.2,0.95
2550,10.77,7.36,13.02,42.23,14.77,6.2,0.95
2555,10.77,7.36,13.02,42.23,14.77,6.2,0.95
2560,10.77,7.36,13.02,42.23,14.77,6.2,0.95
2565,10.77,7.36,13.02,42.23,14.77,6.2,0.95
2570,10.77,7.36,13.02,42.23,14.77,6.2,0.95
2575,10.77,7.36,13.02,42.23,14.77,6.2,0.95
2580,10.77,7.36,13.02,42.23,14.77,6.2,0.95
2585,10.77,7.36,13.02,42.23,14.77,6.2,0.95
2590,10.77,7.36,13.02,42.23,14.77,6.2,0.95
2595,10.77,7.36,13.02,42.23,14.77,6.2,0.95
2600,10.77,7.36,13.02,42.23,14.77,6.2,0.95
2605,10.77,7.36,13.02,42.23,14.77,6.2,0.95
2610,10.77,7.36,13.02,42.23,14.77,6.2,0.95
2615,10.77,7.36,13.02,42.23,14.77,6.2,0.95
2620,10.77,7.36,13.02,42.23,14.77,6.2,0.95
2625,10.77,7.36,13.02,42.23,14.77,6.2,0.95
2630,10.77,7.36,13.02,42.23,14.77,6.2,0.95
2635,10.77,7.36,13.02,42.23,14.77,6.2,0.95
2640,10.77,7.36,13.02,42.23,14.77,6.2,0.95
2645,10.77,7.36,13.02,42.23,14.77,6.2,0.95
2650,10.77,7.36,13.02,42.23,14.77,6.2,0.95
2655,10.77,7.36,13.02,42.23,14.77,6.2,0.95
2660,10.77,7.36,13.02,42.23,14.77,6.2,0.95
2665,10.77,7.36,13.02,42.23,14.77,6.2,0.95
2670,10.77,7.36,13.02,42.23,14.77,6.2,0.95
2675,10.77,7.36,13.02,42.23,14.77,6.2,0.95
2680,10.77,7.36,13.02,42.23,14.77,6.2,0.95
2685,10.77,7.36,13.02,42.23,14.77,6.2,0.95
2690,10.77,7.36,13.02,42.23,14.77,6.2,0.95
2695,10.77,7.36,13.02,42.23,14.77,6.2,0.95
2700,10.77,7.36,13.02,42.23,14.77,6.2,0.95
2705,10.77,7.36,13.02,42.23,14.77,6.2,0.95
2710,10.77,7.36,13.02,42.23,14.77,6.2,0.95
2715,10.77,7.36,13.02,42.23,14.77,6.2,0.95
2720,10.77,7.36,13.02,42.23,14.77,6.2,0.95
2725,10.77,7.36,13.02,42.23,14.77,6.2,0.95
2730,10.77,7.36,13.02,42.23,14.77,6.2,0.95
2735,10.77,7.36,13.02,42.23,14.77,6.2,0.95
2740,10.77,7.36,13.02,42.23,14.77,6.2,0.95
2745,10.77,7.36,13.02,42.23,14.77,6.2,0.95
2750,10.77,7.36,13.02,42.23,14.77,6.2,0.95
2755,10.77,7.36,13.02,42.23,14.77,6.2,0.95
2760,10.77,7.36,13.02,42.23,14.77,6.2,0.95
2765,10.77,7.36,13.02,42.23,14.77,6.2,0.95
2770,10.77,7.36,13.02,42.23,14.77,6.2,0.95
2775,10.77,7.36,13.02,42.23,14.77,6.2,0.95
2780,10.77,7.36,13.02,42.23,14.77,6.2,0.95
2785,10.77,7.36,13.02,42.23,14.77,6.2,0.95
2790,10.77,7.36,13.02,42.23,14.77,6.2,0.95
2795,10.77,7.36,13.02,42.23,14.77,6.2,0.95
2800,10.77,7.36,13.02,42.23,14.77,6.2,0.95
2805,10.77,7.36,13.02,42.23,14.77,6.2,0.95
2810,10.77,7.36,13.02,42.23,14.77,6.2,0.95
2815,10.77,7.36,13.02,42.23,14.77,6.2,0.95
2820,10.77,7.36,13.02,42.23,14.77,6.2,0.95
2825,10.77,7.36,13.02,42.23,14.77,6.2,0.95
2830,10.77,7.36,13.02,42.23,14.77,6.2,0.95
2835,10.77,7.36,13.02,42.23,14.77,6.2,0.95
2840,10.77,7.36,13.02,42.23,14.77,6.2,0.95
2845,10.77,7.36,13.02,42.23,14.77,6.2,0.95
2850,10.77,7.36,13.02,42.23,14.77,6.2,0.95
2855,10.77,7.36,13.02,42.23,14.77,6.2,0.95
2860,10.77,7.36,13.02,42.23,14.77,6.2,0.95
2865,10.77,7.36,13.02,42.23,14.77,6.2,0.95
2870,10.77,7.36,13.02,42.23,14.77,6.2,0.95
2875,10.77,7.36,13.02,42.23,14.77,6.2,0.95
2880,10.77,7.36,13.02,42.23,14.77,6.2,0.95
2885,10.77,7.36,13.02,42.23,14.77,6.2,0.95
2890,10.77,7.36,13.02,42.23,14.77,6.2,0.95
2895,10.77,7.36,13.02,42.23,14.77,6.2,0.95
2900,10.77,7.36,13.02,42.23,14.77,6.2,0.95
2905,10.77,7.36,13.02,42.23,14.77,6.2,0.95
2910,10.77,7.36,13.02,42.23,14.77,6.2,0.95
2915,10.77,7.36,13.02,42.23,14.77,6.2,0.95
2920,10.77,7.36,13.02,42.23,14.77,6.2,0.95
2925,10.77,7.36,13.02,42.23,14.77,6.2,0.95
2930,10.77,7.36,13.02,42.23,14.77,6.2,0.95
2935,10.77,7.36,13.02,42.23,14.77,6.2,0.95
2940,10.77,7.36,13.02,42.23,14.77,6.2,0.95
2945,10.77,7.36,13.02,42.23,14.77,6.2,0.95
2950,10.77,7.36,13.02,42.23,14.77,6.2,0.95
2955,10.77,7.36,13.02,42.23,14.77,6.2,0.95
2960,10.77,7.36,13.02,42.23,14.77,6.2,0.95
2965,10.77,7.36,13.02,42.23,14.77,6.2,0.95
2970,10.77,7.36,13.02,42.23,14.77,6.2,0.95
2975,10.77,7.36,13.02,42.23,14.77,6.2,0.95
2980,10.77,7.36,13.02,42.23,14.77,6.2,0.95
2985,10.77,7.36,13.02,42.23,14.77,6.2,0.95
2990,10.77,7.36,13.02,42.23,14.77,6.2,0.95
2995,10.77,7.36,13.02,42.23,14.77,6.2,0.95
3000,11.5,7.18,11.93,39.09,12.67,5.34,0.86
3005,11.5,7.18,11.93,39.09,12.67,5.34,0.86
3010,11.5,7.18,11.93,39.09,12.67,5.34,0.86
3015,11.5,7.18,11.93,39.09,12.67,5.34,0.86
3020,11.5,7.18,11.93,39.09,12.67,5.34,0.86
3025,11.5,7.18,11.93,39.09,12.67,5.34,0.86
3030,11.5,7.18,11.93,39.09,12.67,5.34,0.86
3035,11.5,7.18,11.93,39.09,12.67,5.34,0.86
3040,11.5,7.18,11.93,39.09,12.67,5.34,0.86
3045,11.5,7.18,11.93,39.09,12.67,5.34,0.86
3050,11.5,7.18,11.93,39.09,12.67,5.34,0.86
3055,11.5,7.18,11.93,39.09,12.67,5.34,0.86
3060,11.5,7.18,11.93,39.09,12.67,5.34,0.86
3065,11.5,7.18,11.93,39.09,12.67,5.34,0.86
3070,11.5,7.18,11.93,39.09,12.67,5.34,0.86
3075,11.5,7.18,11.93,39.09,12.67,5.34,0.86
3080,11.5,7.18,11.93,39.09,12.67,5.34,0.86
3085,11.5,7.18,11.93,39.09,12.67,5.34,0.86
3090,11.5,7.18,11.93,39.09,12.67,5.34,0.86
3095,11.5,7.18,11.93,39.09,12.67,5.34,0.86
3100,11.5,7.18,11.93,39.09,12.67,5.34,0.86
3105,11.5,7.18,11.93,39.09,12.67,5.34,0.86
3110,11.5,7.18,11.93,39.09,12.67,5.34,0.86
3115,11.5,7.18,11.93,39.09,12.67,5.34,0.86
3120,11.5,7.18,11.93,39.09,12.67,5.34,0.86
3125,11.5,7.18,11.93,39.09,12.67,5.34,0.86
3130,11.5,7.18,11.93,39.09,12.67,5.34,0.86
3135,11.5,7.18,11.93,39.09,12.67,5.34,0.86
3140,11.5,7.18,11.93,39.09,12.67,5.34,0.86
3145,11.5,7.18,11.93,39.09,12.67,5.34,0.86
3150,11.5,7.18,11.93,39.09,12.67,5.34,0.86
3155,11.5,7.18,11.93,39.09,12.67,5.34,0.86
3160,11.5,7.18,11.93,39.09,12.67,5.34,0.86
3165,11.5,7.18,11.93,39.09,12.67,5.34,0.86
3170,11.5,7.18,11.93,39.09,12.67,5.34,0.86
3175,11.5,7.18,11.93,39.09,12.67,5.34,0.86
3180,11.5,7.18,11.93,39.09,12.67,5.34,0.86
3185,11.5,7.18,11.93,39.09,12.67,5.34,0.86
3190,11.5,7.18,11.93,39.09,12.67,5.34,0.86
3195,11.5,7.18,11.93,39.09,12.67,5.34,0.86
3200,11.5,7.18,11.93,39.09,12.67,5.34,0.86
3205,11.5,7.18,11.93,39.09,12.67,5.34,0.86
3210,11.5,7.18,11.93,39.09,12.67,5.34,0.86
3215,11.5,7.18,11.93,39.09,12.67,5.34,0.86
3220,11.5,7.18,11.93,39.09,12.67,5.34,0.86
3225,11.5,7.18,11.93,39.09,12.67,5.34,0.86
3230,11.5,7.18,11.93,39.09,12.67,5.34,0.86
3235,11.5,7.18,11.93,39.09,12.67,5.34,0.86
3240,11.5,7.18,11.93,39.09,12.67,5.34,0.86
3245,11.5,7.18,11.93,39.09,12.67,5.34,0.86
3250,11.5,7.18,11.93,39.09,12.67,5.34,0.86
3255,11.5,7.18,11.93,39.09,12.67,5.34,0.86
3260,11.5,7.18,11.93,39.09,12.67,5.34,0.86
3265,11.5,7.18,11.93,39.09,12.67,5.34,0.86
3270,11.5,7.18,11.93,39.09,12.67,5.34,0.86
3275,11.5,7.18,11.93,39.09,12.67,5.34,0.86
3280,11.5,7.18,11.93,39.09,12.67,5.34,0.86
3285,11.5,7.18,11.93,39.09,12.67,5.34,0.86
3290,11.5,7.18,11.93,39.09,12.67,5.34,0.86
3295,11.5,7.18,11.93,39.09,12.67,5.34,0.86
3300,11.5,7.18,11.93,39.09,12.67,5.34,0.86
3305,11.5,7.18,11.93,39.09,12.67,5.34,0.86
3310,11.5,7.18,11.93,39.09,12.67,5.34,0.86
3315,11.5,7.18,11.93,39.09,12.67,5.34,0.86
3320,11.5,7.18,11.93,39.09,12.67,5.34,0.86
3325,11.5,7.18,11.93,39.09,12.67,5.34,0.86
3330,11.5,7.18,11.93,39.09,12.67,5.34,0.86
3335,11.5,7.18,11.93,39.09,12.67,5.34,0.86
3340,11.5,7.18,11.93,39.09,12.67,5.34,0.86
3345,11.5,7.18,11.93,39.09,12.67,5.34,0.86
3350,11.5,7.18,11.93,39.09,12.67,5.34,0.86
3355,11.5,7.18,11.93,39.09,12.67,5.34,0.86
3360,11.5,7.18,11.93,39.09,12.67,5.34,0.86
3365,11.5,7.18,11.93,39.09,12.67,5.34,0.86
3370,11.5,7.18,11.93,39.09,12.67,5.34,0.86
3375,11.5,7.18,11.93,39.09,12.67,5.34,0.86
3380,11.5,7.18,11.93,39.09,12.67,5.34,0.86
3385,11.5,7.18,11.93,39.09,12.67,5.34,0.86
3390,11.5,7.18,11.93,39.09,12.67,5.34,0.86
3395,11.5,7.18,11.93,39.09,12.67,5.34,0.86
3400,11.5,7.18,11.93,39.09,12.67,5.34,0.86
3405,11.5,7.18,11.93,39.09,12.67,5.34,0.86
3410,11.5,7.18,11.93,39.09,12.67,5.34,0.86
3415,11.5,7.18,11.93,39.09,12.67,5.34,0.86
3420,11.5,7.18,11.93,39.09,12.67,5.34,0.86
3425,11.5,7.18,11.93,39.09,12.67,5.34,0.86
3430,11.5,7.18,11.93,39.09,12.67,5.34,0.86
3435,11.5,7.18,11.93,39.09,12.67,5.34,0.86
3440,11.5,7.18,11.93,39.09,12.67,5.34,0.86
3445,11.5,7.18,11.93,39.09,12.67,5.34,0.86
3450,11.5,7.18,11.93,39.09,12.67,5.34,0.86
3455,11.5,7.18,11.93,39.09,12.67,5.34,0.86
3460,11.5,7.18,11.93,39.09,12.67,5.34,0.86
3465,11.5,7.18,11.93,39.09,12.67,5.34,0.86
3470,11.5,7.18,11.93,39.09,12.67,5.34,0.86
3475,11.5,7.18,11.93,39.09,12.67,5.34,0.86
3480,11.5,7.18,11.93,39.09,12.67,5.34,0.86
3485,11.5,7.18,11.93,39.09,12.67,5.34,0.86
3490,11.5,7.18,11.93,39.09,12.67,5.34,0.86
3495,11.5,7.18,11.93,39.09,12.67,5.34,0.86
3500,11.5,7.18,11.93,39.09,12.67,5.34,0.86
3505,11.5,7.18,11.93,39.09,12.67,5.34,0.86
3510,11.5,7.18,11.93,39.09,12.67,5.34,0.86
3515,11.5,7.18,11.93,39.09,12.67,5.34,0.86
3520,11.5,7.18,11.93,39.09,12.67,5.34,0.86
3525,11.5,7.18,11.93,39.09,12.67,5.34,0.86
3530,11.5,7.18,11.93,39.09,12.67,5.34,0.86
3535,11.5,7.18,11.93,39.09,12.67,5.34,0.86
3540,11.5,7.18,11.93,39.09,12.67,5.34,0.86
3545,11.5,7.18,11.93,39.09,12.67,5.34,0.86
3550,11.5,7.18,11.93,39.09,12.67,5.34,0.86
3555,11.5,7.18,11.93,39.09,12.67,5.34,0.86
3560,11.5,7.18,11.93,39.09,12.67,5.34,0.86
3565,11.5,7.18,11.93,39.09,12.67,5.34,0.86
3570,11.5,7.18,11.93,39.09,12.67,5.34,0.86
3575,11.5,7.18,11.93,39.09,12.67,5.34,0.86
3580,11.5,7.18,11.93,39.09,12.67,5.34,0.86
3585,11.5,7.18,11.93,39.09,12.67,5.34,0.86
3590,11.5,7.18,11.93,39.09,12.67,5.34,0.86
3595,11.5,7.18,11.93,39.09,12.67,5.34,0.86
3600,11.19,7.06,10.79,34.61,10.91,4.58,0.78
3605,11.19,7.06,10.79,34.61,10.91,4.58,0.78
3610,11.19,7.06,10.79,34.61,10.91,4.58,0.78
3615,11.19,7.06,10.79,34.61,10.91,4.58,0.78
3620,11.19,7.06,10.79,34.61,10.91,4.58,0.78
3625,11.19,7.06,10.79,34.61,10.91,4.58,0.78
3630,11.19,7.06,10.79,34.61,10.91,4.58,0.78
3635,11.19,7.06,10.79,34.61,10.91,4.58,0.78
3640,11.19,7.06,10.79,34.61,10.91,4.58,0.78
3645,11.19,7.06,10.79,34.61,10.91,4.58,0.78
3650,11.19,7.06,10.79,34.61,10.91,4.58,0.78
3655,11.19,7.06,10.79,34.61,10.91,4.58,0.78
3660,11.19,7.06,10.79,34.61,10.91,4.58,0.78
3665,11.19,7.06,10.79,34.61,10.91,4.58,0.78
3670,11.19,7.06,10.79,34.61,10.91,4.58,0.78
3675,11.19,7.06,10.79,34.61,10.91,4.58,0.78
3680,11.19,7.06,10.79,34.61,10.91,4.58,0.78
3685,11.19,7.06,10.79,34.61,10.91,4.58,0.78
3690,11.19,7.06,10.79,34.61,10.91,4.58,0.78
3695,11.19,7.06,10.79,34.61,10.91,4.58,0.78
3700,11.19,7.06,10.79,34.61,10.91,4.58,0.78
3705,11.19,7.06,10.79,34.61,10.91,4.58,0.78
3710,11.19,7.06,10.79,34.61,10.91,4.58,0.78
3715,11.19,7.06,10.79,34.61,10.91,4.58,0.78
3720,11.19,7.06,10.79,34.61,10.91,4.58,0.78
3725,11.19,7.06,10.79,34.61,10.91,4.58,0.78
3730,11.19,7.06,10.79,34.61,10.91,4.58,0.78
3735,11.19,7.06,10.79,34.61,10.91,4.58,0.78
3740,11.19,7.06,10.79,34.61,10.91,4.58,0.78
3745,11.19,7.06,10.79,34.61,10.91,4.58,0.78
3750,11.19,7.06,10.79,34.61,10.91,4.58,0.78
3755,11.19,7.06,10.79,34.61,10.91,4.58,0.78
3760,11.19,7.06,10.79,34.61,10.91,4.58,0.78
3765,11.19,7.06,10.79,34.61,10.91,4.58,0.78
3770,11.19,7.06,10.79,34.61,10.91,4.58,0.78
3775,11.19,7.06,10.79,34.61,10.91,4.58,0.78
3780,11.19,7.06,10.79,34.61,10.91,4.58,0.78
3785,11.19,7.06,10.79,34.61,10.91,4.58,0.78
3790,11.19,7.06,10.79,34.61,10.91,4.58,0.78
3795,11.19,7.06,10.79,34.61,10.91,4.58,0.78
3800,11.19,7.06,10.79,34.61,10.91,4.58,0.78
3805,11.19,7.06,10.79,34.61,10.91,4.58,0.78
3810,11.19,7.06,10.79,34.61,10.91,4.58,0.78
3815,11.19,7.06,10.79,34.61,10.91,4.58,0.78
3820,11.19,7.06,10.79,34.61,10.91,4.58,0.78
3825,11.19,7.06,10.79,34.61,10.91,4.58,0.78
3830,11.19,7.06,10.79,34.61,10.91,4.58,0.78
3835,11.19,7.06,10.79,34.61,10.91,4.58,0.78
3840,11.19,7.06,10.79,34.61,10.91,4.58,0.78
3845,11.19,7.06,10.79,34.61,10.91,4.58,0.78
3850,11.19,7.06,10.79,34.61,10.91,4.58,0.78
3855,11.19,7.06,10.79,34.61,10.91,4.58,0.78
3860,11.19,7.06,10.79,34.61,10.91,4.58,0.78
3865,11.19,7.06,10.79,34.61,10.91,4.58,0.78
3870,11.19,7.06,10.79,34.61,10.91,4.58,0.78
3875,11.19,7.06,10.79,34.61,10.91,4.58,0.78
3880,11.19,7.06,10.79,34.61,10.91,4.58,0.78
3885,11.19,7.06,10.79,34.61,10.91,4.58,0.78
3890,11.19,7.06,10.79,34.61,10.91,4.58,0.78
3895,11.19,7.06,10.79,34.61,10.91,4.58,0.78
3900,11.19,7.06,10.79,34.61,10.91,4.58,0.78
3905,11.19,7.06,10.79,34.61,10.91,4.58,0.78
3910,11.19,7.06,10.79,34.61,10.91,4.58,0.78
3915,11.19,7.06,10.79,34.61,10.91,4.58,0.78
3920,11.19,7.06,10.79,34.61,10.91,4.58,0.78
3925,11.19,7.06,10.79,34.61,10.91,4.58,0.78
3930,11.19,7.06,10.79,34.61,10.91,4.58,0.78
3935,11.19,7.06,10.79,34.61,10.91,4.58,0.78
3940,11.19,7.06,10.79,34.61,10.91,4.58,0.78
3945,11.19,7.06,10.79,34.61,10.91,4.58,0.78
3950,11.19,7.06,10.79,34.61,10.91,4.58,0.78
3955,11.19,7.06,10.79,34.61,10.91,4.58,0.78
3960,11.19,7.06,10.79,34.61,10.91,4.58,0.78
3965,11.19,7.06,10.79,34.61,10.91,4.58,0.78
3970,11.19,7.06,10.79,34.61,10.91,4.58,0.78
3975,11.19,7.06,10.79,34.61,10.91,4.58,0.78
3980,11.19,7.06,10.79,34.61,10.91,4.58,0.78
3985,11.19,7.06,10.79,34.61,10.91,4.58,0.78
3990,11.19,7.06,10.79,34.61,10.91,4.58,0.78
3995,11.19,7.06,10.79,34.61,10.91,4.58,0.78
4000,11.19,7.06,10.79,34.61,10.91,4.58,0.78
4005,11.19,7.06,10.79,34.61,10.91,4.58,0.78
4010,11.19,7.06,10.79,34.61,10.91,4.58,0.78
4015,11.19,7.06,10.79,34.61,10.91,4.58,0.78
4020,11.19,7.06,10.79,34.61,10.91,4.58,0.78
4025,11.19,7.06,10.79,34.61,10.91,4.58,0.78
4030,11.19,7.06,10.79,34.61,10.91,4.58,0.78
4035,11.19,7.06,10.79,34.61,10.91,4.58,0.78
4040,11.19,7.06,10.79,34.61,10.91,4.58,0.78
4045,11.19,7.06,10.79,34.61,10.91,4.58,0.78
4050,11.19,7.06,10.79,34.61,10.91,4.58,0.78
4055,11.19,7.06,10.79,34.61,10.91,4.58,0.78
4060,11.19,7.06,10.79,34.61,10.91,4.58,0.78
4065,11.19,7.06,10.79,34.61,10.91,4.58,0.78
4070,11.19,7.06,10.79,34.61,10.91,4.58,0.78
4075,11.19,7.06,10.79,34.61,10.91,4.58,0.78
4080,11.19,7.06,10.79,34.61,10.91,4.58,0.78
4085,11.19,7.06,10.79,34.61,10.91,4.58,0.78
4090,11.19,7.06,10.79,34.61,10.91,4.58,0.78
4095,11.19,7.06,10.79,34.61,10.91,4.58,0.78
4100,11.19,7.06,10.79,34.61,10.91,4.58,0.78
4105,11.19,7.06,10.79,34.61,10.91,4.58,0.78
4110,11.19,7.06,10.79,34.61,10.91,4.58,0.78
4115,11.19,7.06,10.79,34.61,10.91,4.58,0.78
4120,11.19,7.06,10.79,34.61,10.91,4.58,0.78
4125,11.19,7.06,10.79,34.61,10.91,4.58,0.78
4130,11.19,7.06,10.79,34.61,10.91,4.58,0.78
4135,11.19,7.06,10.79,34.61,10.91,4.58,0.78
4140,11.19,7.06,10.79,34.61,10.91,4.58,0.78
4145,11.19,7.06,10.79,34.61,10.91,4.58,0.78
4150,11.19,7.06,10.79,34.61,10.91,4.58,0.78
4155,11.19,7.06,10.79,34.61,10.91,4.58,0.78
4160,11.19,7.06,10.79,34.61,10.91,4.58,0.78
4165,11.19,7.06,10.79,34.61,10.91,4.58,0.78
4170,11.19,7.06,10.79,34.61,10.91,4.58,0.78
4175,11.19,7.06,10.79,34.61,10.91,4.58,0.78
4180,11.19,7.06,10.79,34.61,10.91,4.58,0.78
4185,11.19,7.06,10.79,34.61,10.91,4.58,0.78
4190,11.19,7.06,10.79,34.61,10.91,4.58,0.78
4195,11.19,7.06,10.79,34.61,10.91,4.58,0.78
4200,11.47,6.89,9.57,30.55,8.89,4.02,0.7
4205,11.47,6.89,9.57,30.55,8.89,4.02,0.7
4210,11.47,6.89,9.57,30.55,8.89,4.02,0.7
4215,11.47,6.89,9.57,30.55,8.89,4.02,0.7
4220,11.47,6.89,9.57,30.55,8.89,4.02,0.7
4225,11.47,6.89,9.57,30.55,8.89,4.02,0.7
4230,11.47,6.89,9.57,30.55,8.89,4.02,0.7
4235,11.47,6.89,9.57,30.55,8.89,4.02,0.7
4240,11.47,6.89,9.57,30.55,8.89,4.02,0.7
4245,11.47,6.89,9.57,30.55,8.89,4.02,0.7
4250,11.47,6.89,9.57,30.55,8.89,4.02,0.7
4255,11.47,6.89,9.57,30.55,8.89,4.02,0.7
4260,11.47,6.89,9.57,30.55,8.89,4.02,0.7
4265,11.47,6.89,9.57,30.55,8.89,4.02,0.7
4270,11.47,6.89,9.57,30.55,8.89,4.02,0.7
4275,11.47,6.89,9.57,30.55,8.89,4.02,0.7
4280,11.47,6.89,9.57,30.55,8.89,4.02,0.7
4285,11.47,6.89,9.57,30.55,8.89,4.02,0.7
4290,11.47,6.89,9.57,30.55,8.89,4.02,0.7
4295,11.47,6.89,9.57,30.55,8.89,4.02,0.7
4300,11.47,6.89,9.57,30.55,8.89,4.02,0.7
4305,11.47,6.89,9.57,30.55,8.89,4.02,0.7
4310,11.47,6.89,9.57,30.55,8.89,4.02,0.7
4315,11.47,6.89,9.57,30.55,8.89,4.02,0.7
4320,11.47,6.89,9.57,30.55,8.89,4.02,0.7
4325,11.47,6.89,9.57,30.55,8.89,4.02,0.7
4330,11.47,6.89,9.57,30.55,8.89,4.02,0.7
4335,11.47,6.89,9.57,30.55,8.89,4.02,0.7
4340,11.47,6.89,9.57,30.55,8.89,4.02,0.7
4345,11.47,6.89,9.57,30.55,8.89,4.02,0.7
4350,11.47,6.89,9.57,30.55,8.89,4.02,0.7
4355,11.47,6.89,9.57,30.55,8.89,4.02,0.7
4360,11.47,6.89,9.57,30.55,8.89,4.02,0.7
4365,11.47,6.89,9.57,30.55,8.89,4.02,0.7
4370,11.47,6.89,9.57,30.55,8.89,4.02,0.7
4375,11.47,6.89,9.57,30.55,8.89,4.02,0.7
4380,11.47,6.89,9.57,30.55,8.89,4.02,0.7
4385,11.47,6.89,9.57,30.55,8.89,4.02,0.7
4390,11.47,6.89,9.57,30.55,8.89,4.02,0.7
4395,11.47,6.89,9.57,30.55,8.89,4.02,0.7
4400,11.47,6.89,9.57,30.55,8.89,4.02,0.7
4405,11.47,6.89,9.57,30.55,8.89,4.02,0.7
4410,11.47,6.89,9.57,30.55,8.89,4.02,0.7
4415,11.47,6.89,9.57,30.55,8.89,4.02,0.7
4420,11.47,6.89,9.57,30.55,8.89,4.02,0.7
4425,11.47,6.89,9.57,30.55,8.89,4.02,0.7
4430,11.47,6.89,9.57,30.55,8.89,4.02,0.7
4435,11.47,6.89,9.57,30.55,8.89,4.02,0.7
4440,11.47,6.89,9.57,30.55,8.89,4.02,0.7
4445,11.47,6.89,9.57,30.55,8.89,4.02,0.7
4450,11.47,6.89,9.57,30.55,8.89,4.02,0.7
4455,11.47,6.89,9.57,30.55,8.89,4.02,0.7
4460,11.47,6.89,9.57,30.55,8.89,4.02,0.7
4465,11.47,6.89,9.57,30.55,8.89,4.02,0.7
4470,11.47,6.89,9.57,30.55,8.89,4.02,0.7
4475,11.47,6.89,9.57,30.55,8.89,4.02,0.7
4480,11.47,6.89,9.57,30.55,8.89,4.02,0.7
4485,11.47,6.89,9.57,30.55,8.89,4.02,0.7
4490,11.47,6.89,9.57,30.55,8.89,4.02,0.7
4495,11.47,6.89,9.57,30.55,8.89,4.02,0.7
4500,11.47,6.89,9.57,30.55,8.89,4.02,0.7
4505,11.47,6.89,9.57,30.55,8.89,4.02,0.7
4510,11.47,6.89,9.57,30.55,8.89,4.02,0.7
4515,11.47,6.89,9.57,30.55,8.89,4.02,0.7
4520,11.47,6.89,9.57,30.55,8.89,4.02,0.7
4525,11.47,6.89,9.57,30.55,8.89,4.02,0.7
4530,11.47,6.89,9.57,30.55,8.89,4.02,0.7
4535,11.47,6.89,9.57,30.55,8.89,4.02,0.7
4540,11.47,6.89,9.57,30.55,8.89,4.02,0.7
4545,11.47,6.89,9.57,30.55,8.89,4.02,0.7
4550,11.47,6.89,9.57,30.55,8.89,4.02,0.7
4555,11.47,6.89,9.57,30.55,8.89,4.02,0.7
4560,11.47,6.89,9.57,30.55,8.89,4.02,0.7
4565,11.47,6.89,9.57,30.55,8.89,4.02,0.7
4570,11.47,6.89,9.57,30.55,8.89,4.02,0.7
4575,11.47,6.89,9.57,30.55,8.89,4.02,0.7
4580,11.47,6.89,9.57,30.55,8.89,4.02,0.7
4585,11.47,6.89,9.57,30.55,8.89,4.02,0.7
4590,11.47,6.89,9.57,30.55,8.89,4.02,0.7
4595,11.47,6.89,9.57,30.55,8.89,4.02,0.7
4600,11.47,6.89,9.57,30.55,8.89,4.02,0.7
4605,11.47,6.89,9.57,30.55,8.89,4.02,0.7
4610,11.47,6.89,9.57,30.55,8.89,4.02,0.7
4615,11.47,6.89,9.57,30.55,8.89,4.02,0.7
4620,11.47,6.89,9.57,30.55,8.89,4.02,0.7
4625,11.47,6.89,9.57,30.55,8.89,4.02,0.7
4630,11.47,6.89,9.57,30.55,8.89,4.02,0.7
4635,11.47,6.89,9.57,30.55,8.89,4.02,0.7
4640,11.47,6.89,9.57,30.55,8.89,4.02,0.7
4645,11.47,6.89,9.57,30.55,8.89,4.02,0.7
4650,11.47,6.89,9.57,30.55,8.89,4.02,0.7
4655,11.47,6.89,9.57,30.55,8.89,4.02,0.7
4660,11.47,6.89,9.57,30.55,8.89,4.02,0.7
4665,11.47,6.89,9.57,30.55,8.89,4.02,0.7
4670,11.47,6.89,9.57,30.55,8.89,4.02,0.7
4675,11.47,6.89,9.57,30.55,8.89,4.02,0.7
4680,11.47,6.89,9.57,30.55,8.89,4.02,0.7
4685,11.47,6.89,9.57,30.55,8.89,4.02,0.7
4690,11.47,6.89,9.57,30.55,8.89,4.02,0.7
4695,11.47,6.89,9.57,30.55,8.89,4.02,0.7
4700,11.47,6.89,9.57,30.55,8.89,4.02,0.7
4705,11.47,6.89,9.57,30.55,8.89,4.02,0.7
4710,11.47,6.89,9.57,30.55,8.89,4.02,0.7
4715,11.47,6.89,9.57,30.55,8.89,4.02,0.7
4720,11.47,6.89,9.57,30.55,8.89,4.02,0.7
4725,11.47,6.89,9.57,30.55,8.89,4.02,0.7
4730,11.47,6.89,9.57,30.55,8.89,4.02,0.7
4735,11.47,6.89,9.57,30.55,8.89,4.02,0.7
4740,11.47,6.89,9.57,30.55,8.89,4.02,0.7
4745,11.47,6.89,9.57,30.55,8.89,4.02,0.7
4750,11.47,6.89,9.57,30.55,8.89,4.02,0.7
4755,11.47,6.89,9.57,30.55,8.89,4.02,0.7
4760,11.47,6.89,9.57,30.55,8.89,4.02,0.7
4765,11.47,6.89,9.57,30.55,8.89,4.02,0.7
4770,11.47,6.89,9.57,30.55,8.89,4.02,0.7
4775,11.47,6.89,9.57,30.55,8.89,4.02,0.7
4780,11.47,6.89,9.57,30.55,8.89,4.02,0.7
4785,11.47,6.89,9.57,30.55,8.89,4.02,0.7
4790,11.47,6.89,9.57,30.55,8.89,4.02,0.7
4795,11.47,6.89,9.57,30.55,8.89,4.02,0.7
4800,11.54,6.68,8.36,26.05,6.88,3.22,0.59
4805,11.54,6.68,8.36,26.05,6.88,3.22,0.59
4810,11.54,6.68,8.36,26.05,6.88,3.22,0.59
4815,11.54,6.68,8.36,26.05,6.88,3.22,0.59
4820,11.54,6.68,8.36,26.05,6.88,3.22,0.59
4825,11.54,6.68,8.36,26.05,6.88,3.22,0.59
4830,11.54,6.68,8.36,26.05,6.88,3.22,0.59
4835,11.54,6.68,8.36,26.05,6.88,3.22,0.59
4840,11.54,6.68,8.36,26.05,6.88,3.22,0.59
4845,11.54,6.68,8.36,26.05,6.88,3.22,0.59
4850,11.54,6.68,8.36,26.05,6.88,3.22,0.59
4855,11.54,6.68,8.36,26.05,6.88,3.22,0.59
4860,11.54,6.68,8.36,26.05,6.88,3.22,0.59
4865,11.54,6.68,8.36,26.05,6.88,3.22,0.59
4870,11.54,6.68,8.36,26.05,6.88,3.22,0.59
4875,11.54,6.68,8.36,26.05,6.88,3.22,0.59
4880,11.54,6.68,8.36,26.05,6.88,3.22,0.59
4885,11.54,6.68,8.36,26.05,6.88,3.22,0.59
4890,11.54,6.68,8.36,26.05,6.88,3.22,0.59
4895,11.54,6.68,8.36,26.05,6.88,3.22,0.59
4900,11.54,6.68,8.36,26.05,6.88,3.22,0.59
4905,11.54,6.68,8.36,26.05,6.88,3.22,0.59
4910,11.54,6.68,8.36,26.05,6.88,3.22,0.59
4915,11.54,6.68,8.36,26.05,6.88,3.22,0.59
4920,11.54,6.68,8.36,26.05,6.88,3.22,0.59
4925,11.54,6.68,8.36,26.05,6.88,3.22,0.59
4930,11.54,6.68,8.36,26.05,6.88,3.22,0.59
4935,11.54,6.68,8.36,26.05,6.88,3.22,0.59
4940,11.54,6.68,8.36,26.05,6.88,3.22,0.59
4945,11.54,6.68,8.36,26.05,6.88,3.22,0.59
4950,11.54,6.68,8.36,26.05,6.88,3.22,0.59
4955,11.54,6.68,8.36,26.05,6.88,3.22,0.59
4960,11.54,6.68,8.36,26.05,6.88,3.22,0.59
4965,11.54,6.68,8.36,26.05,6.88,3.22,0.59
4970,11.54,6.68,8.36,26.05,6.88,3.22,0.59
4975,11.54,6.68,8.36,26.05,6.88,3.22,0.59
4980,11.54,6.68,8.36,26.05,6.88,3.22,0.59
4985,11.54,6.68,8.36,26.05,6.88,3.22,0.59
4990,11.54,6.68,8.36,26.05,6.88,3.22,0.59
4995,11.54,6.68,8.36,26.05,6.88,3.22,0.59
5000,11.54,6.68,8.36,26.05,6.88,3.22,0.59
5005,11.54,6.68,8.36,26.05,6.88,3.22,0.59
5010,11.54,6.68,8.36,26.05,6.88,3.22,0.59
5015,11.54,6.68,8.36,26.05,6.88,3.22,0.59
5020,11.54,6.68,8.36,26.05,6.88,3.22,0.59
5025,11.54,6.68,8.36,26.05,6.88,3.22,0.59
5030,11.54,6.68,8.36,26.05,6.88,3.22,0.59
5035,11.54,6.68,8.36,26.05,6.88,3.22,0.59
5040,11.54,6.68,8.36,26.05,6.88,3.22,0.59
5045,11.54,6.68,8.36,26.05,6.88,3.22,0.59
5050,11.54,6.68,8.36,26.05,6.88,3.22,0.59
5055,11.54,6.68,8.36,26.05,6.88,3.22,0.59
5060,11.54,6.68,8.36,26.05,6.88,3.22,0.59
5065,11.54,6.68,8.36,26.05,6.88,3.22,0.59
5070,11.54,6.68,8.36,26.05,6.88,3.22,0.59
5075,11.54,6.68,8.36,26.05,6.88,3.22,0.59
5080,11.54,6.68,8.36,26.05,6.88,3.22,0.59
5085,11.54,6.68,8.36,26.05,6.88,3.22,0.59
5090,11.54,6.68,8.36,26.05,6.88,3.22,0.59
5095,11.54,6.68,8.36,26.05,6.88,3.22,0.59
5100,11.54,6.68,8.36,26.05,6.88,3.22,0.59
5105,11.54,6.68,8.36,26.05,6.88,3.22,0.59
5110,11.54,6.68,8.36,26.05,6.88,3.22,0.59
5115,11.54,6.68,8.36,26.05,6.88,3.22,0.59
5120,11.54,6.68,8.36,26.05,6.88,3.22,0.59
5125,11.54,6.68,8.36,26.05,6.88,3.22,0.59
5130,11.54,6.68,8.36,26.05,6.88,3.22,0.59
5135,11.54,6.68,8.36,26.05,6.88,3.22,0.59
5140,11.54,6.68,8.36,26.05,6.88,3.22,0.59
5145,11.54,6.68,8.36,26.05,6.88,3.22,0.59
5150,11.54,6.68,8.36,26.05,6.88,3.22,0.59
5155,11.54,6.68,8.36,26.05,6.88,3.22,0.59
5160,11.54,6.68,8.36,26.05,6.88,3.22,0.59
5165,11.54,6.68,8.36,26.05,6.88,3.22,0.59
5170,11.54,6.68,8.36,26.05,6.88,3.22,0.59
5175,11.54,6.68,8.36,26.05,6.88,3.22,0.59
5180,11.54,6.68,8.36,26.05,6.88,3.22,0.59
5185,11.54,6.68,8.36,26.05,6.88,3.22,0.59
5190,11.54,6.68,8.36,26.05,6.88,3.22,0.59
5195,11.54,6.68,8.36,26.05,6.88,3.22,0.59
5200,11.54,6.68,8.36,26.05,6.88,3.22,0.59
5205,11.54,6.68,8.36,26.05,6.88,3.22,0.59
5210,11.54,6.68,8.36,26.05,6.88,3.22,0.59
5215,11.54,6.68,8.36,26.05,6.88,3.22,0.59
5220,11.54,6.68,8.36,26.05,6.88,3.22,0.59
5225,11.54,6.68,8.36,26.05,6.88,3.22,0.59
5230,11.54,6.68,8.36,26.05,6.88,3.22,0.59
5235,11.54,6.68,8.36,26.05,6.88,3.22,0.59
5240,11.54,6.68,8.36,26.05,6.88,3.22,0.59
5245,11.54,6.68,8.36,26.05,6.88,3.22,0.59
5250,11.54,6.68,8.36,26.05,6.88,3.22,0.59
5255,11.54,6.68,8.36,26.05,6.88,3.22,0.59
5260,11.54,6.68,8.36,26.05,6.88,3.22,0.59
5265,11.54,6.68,8.36,26.05,6.88,3.22,0.59
5270,11.54,6.68,8.36,26.05,6.88,3.22,0.59
5275,11.54,6.68,8.36,26.05,6.88,3.22,0.59
5280,11.54,6.68,8.36,26.05,6.88,3.22,0.59
5285,11.54,6.68,8.36,26.05,6.88,3.22,0.59
5290,11.54,6.68,8.36,26.05,6.88,3.22,0.59
5295,11.54,6.68,8.36,26.05,6.88,3.22,0.59
5300,11.54,6.68,8.36,26.05,6.88,3.22,0.59
5305,11.54,6.68,8.36,26.05,6.88,3.22,0.59
5310,11.54,6.68,8.36,26.05,6.88,3.22,0.59
5315,11.54,6.68,8.36,26.05,6.88,3.22,0.59
5320,11.54,6.68,8.36,26.05,6.88,3.22,0.59
5325,11.54,6.68,8.36,26.05,6.88,3.22,0.59
5330,11.54,6.68,8.36,26.05,6.88,3.22,0.59
5335,11.54,6.68,8.36,26.05,6.88,3.22,0.59
5340,11.54,6.68,8.36,26.05,6.88,3.22,0.59
5345,11.54,6.68,8.36,26.05,6.88,3.22,0.59
5350,11.54,6.68,8.36,26.05,6.88,3.22,0.59
5355,11.54,6.68,8.36,26.05,6.88,3.22,0.59
5360,11.54,6.68,8.36,26.05,6.88,3.22,0.59
5365,11.54,6.68,8.36,26.05,6.88,3.22,0.59
5370,11.54,6.68,8.36,26.05,6.88,3.22,0.59
5375,11.54,6.68,8.36,26.05,6.88,3.22,0.59
5380,11.54,6.68,8.36,26.05,6.88,3.22,0.59
5385,11.54,6.68,8.36,26.05,6.88,3.22,0.59
5390,11.54,6.68,8.36,26.05,6.88,3.22,0.59
5395,11.54,6.68,8.36,26.05,6.88,3.22,0.59
5400,11.79,6.47,7.3,21.52,4.82,3.32,0.51
5405,11.79,6.47,7.3,21.52,4.82,3.32,0.51
5410,11.79,6.47,7.3,21.52,4.82,3.32,0.51
5415,11.79,6.47,7.3,21.52,4.82,3.32,0.51
5420,11.79,6.47,7.3,21.52,4.82,3.32,0.51
5425,11.79,6.47,7.3,21.52,4.82,3.32,0.51
5430,11.79,6.47,7.3,21.52,4.82,3.32,0.51
5435,11.79,6.47,7.3,21.52,4.82,3.32,0.51
5440,11.79,6.47,7.3,21.52,4.82,3.32,0.51
5445,11.79,6.47,7.3,21.52,4.82,3.32,0.51
5450,11.79,6.47,7.3,21.52,4.82,3.32,0.51
5455,11.79,6.47,7.3,21.52,4.82,3.32,0.51
5460,11.79,6.47,7.3,21.52,4.82,3.32,0.51
5465,11.79,6.47,7.3,21.52,4.82,3.32,0.51
5470,11.79,6.47,7.3,21.52,4.82,3.32,0.51
5475,11.79,6.47,7.3,21.52,4.82,3.32,0.51
5480,11.79,6.47,7.3,21.52,4.82,3.32,0.51
5485,11.79,6.47,7.3,21.52,4.82,3.32,0.51
5490,11.79,6.47,7.3,21.52,4.82,3.32,0.51
5495,11.79,6.47,7.3,21.52,4.82,3.32,0.51
5500,11.79,6.47,7.3,21.52,4.82,3.32,0.51
5505,11.79,6.47,7.3,21.52,4.82,3.32,0.51
5510,11.79,6.47,7.3,21.52,4.82,3.32,0.51
5515,11.79,6.47,7.3,21.52,4.82,3.32,0.51
5520,11.79,6.47,7.3,21.52,4.82,3.32,0.51
5525,11.79,6.47,7.3,21.52,4.82,3.32,0.51
5530,11.79,6.47,7.3,21.52,4.82,3.32,0.51
5535,11.79,6.47,7.3,21.52,4.82,3.32,0.51
5540,11.79,6.47,7.3,21.52,4.82,3.32,0.51
5545,11.79,6.47,7.3,21.52,4.82,3.32,0.51
5550,11.79,6.47,7.3,21.52,4.82,3.32,0.51
5555,11.79,6.47,7.3,21.52,4.82,3.32,0.51
5560,11.79,6.47,7.3,21.52,4.82,3.32,0.51
5565,11.79,6.47,7.3,21.52,4.82,3.32,0.51
5570,11.79,6.47,7.3,21.52,4.82,3.32,0.51
5575,11.79,6.47,7.3,21.52,4.82,3.32,0.51
5580,11.79,6.47,7.3,21.52,4.82,3.32,0.51
5585,11.79,6.47,7.3,21.52,4.82,3.32,0.51
5590,11.79,6.47,7.3,21.52,4.82,3.32,0.51
5595,11.79,6.47,7.3,21.52,4.82,3.32,0.51
5600,11.79,6.47,7.3,21.52,4.82,3.32,0.51
5605,11.79,6.47,7.3,21.52,4.82,3.32,0.51
5610,11.79,6.47,7.3,21.52,4.82,3.32,0.51
5615,11.79,6.47,7.3,21.52,4.82,3.32,0.51
5620,11.79,6.47,7.3,21.52,4.82,3.32,0.51
5625,11.79,6.47,7.3,21.52,4.82,3.32,0.51
5630,11.79,6.47,7.3,21.52,4.82,3.32,0.51
5635,11.79,6.47,7.3,21.52,4.82,3.32,0.51
5640,11.79,6.47,7.3,21.52,4.82,3.32,0.51
5645,11.79,6.47,7.3,21.52,4.82,3.32,0.51
5650,11.79,6.47,7.3,21.52,4.82,3.32,0.51
5655,11.79,6.47,7.3,21.52,4.82,3.32,0.51
5660,11.79,6.47,7.3,21.52,4.82,3.32,0.51
5665,11.79,6.47,7.3,21.52,4.82,3.32,0.51
5670,11.79,6.47,7.3,21.52,4.82,3.32,0.51
5675,11.79,6.47,7.3,21.52,4.82,3.32,0.51
5680,11.79,6.47,7.3,21.52,4.82,3.32,0.51
5685,11.79,6.47,7.3,21.52,4.82,3.32,0.51
5690,11.79,6.47,7.3,21.52,4.82,3.32,0.51
5695,11.79,6.47,7.3,21.52,4.82,3.32,0.51
5700,11.79,6.47,7.3,21.52,4.82,3.32,0.51
5705,11.79,6.47,7.3,21.52,4.82,3.32,0.51
5710,11.79,6.47,7.3,21.52,4.82,3.32,0.51
5715,11.79,6.47,7.3,21.52,4.82,3.32,0.51
5720,11.79,6.47,7.3,21.52,4.82,3.32,0.51
5725,11.79,6.47,7.3,21.52,4.82,3.32,0.51
5730,11.79,6.47,7.3,21.52,4.82,3.32,0.51
5735,11.79,6.47,7.3,21.52,4.82,3.32,0.51
5740,11.79,6.47,7.3,21.52,4.82,3.32,0.51
5745,11.79,6.47,7.3,21.52,4.82,3.32,0.51
5750,11.79,6.47,7.3,21.52,4.82,3.32,0.51
5755,11.79,6.47,7.3,21.52,4.82,3.32,0.51
5760,11.79,6.47,7.3,21.52,4.82,3.32,0.51
5765,11.79,6.47,7.3,21.52,4.82,3.32,0.51
5770,11.79,6.47,7.3,21.52,4.82,3.32,0.51
5775,11.79,6.47,7.3,21.52,4.82,3.32,0.51
5780,11.79,6.47,7.3,21.52,4.82,3.32,0.51
5785,11.79,6.47,7.3,21.52,4.82,3.32,0.51
5790,11.79,6.47,7.3,21.52,4.82,3.32,0.51
5795,11.79,6.47,7.3,21.52,4.82,3.32,0.51
5800,11.79,6.47,7.3,21.52,4.82,3.32,0.51
5805,11.79,6.47,7.3,21.52,4.82,3.32,0.51
5810,11.79,6.47,7.3,21.52,4.82,3.32,0.51
5815,11.79,6.47,7.3,21.52,4.82,3.32,0.51
5820,11.79,6.47,7.3,21.52,4.82,3.32,0.51
5825,11.79,6.47,7.3,21.52,4.82,3.32,0.51
5830,11.79,6.47,7.3,21.52,4.82,3.32,0.51
5835,11.79,6.47,7.3,21.52,4.82,3.32,0.51
5840,11.79,6.47,7.3,21.52,4.82,3.32,0.51
5845,11.79,6.47,7.3,21.52,4.82,3.32,0.51
5850,11.79,6.47,7.3,21.52,4.82,3.32,0.51
5855,11.79,6.47,7.3,21.52,4.82,3.32,0.51
5860,11.79,6.47,7.3,21.52,4.82,3.32,0.51
5865,11.79,6.47,7.3,21.52,4.82,3.32,0.51
5870,11.79,6.47,7.3,21.52,4.82,3.32,0.51
5875,11.79,6.47,7.3,21.52,4.82,3.32,0.51
5880,11.79,6.47,7.3,21.52,4.82,3.32,0.51
5885,11.79,6.47,7.3,21.52,4.82,3.32,0.51
5890,11.79,6.47,7.3,21.52,4.82,3.32,0.51
5895,11.79,6.47,7.3,21.52,4.82,3.32,0.51
5900,11.79,6.47,7.3,21.52,4.82,3.32,0.51
5905,11.79,6.47,7.3,21.52,4.82,3.32,0.51
5910,11.79,6.47,7.3,21.52,4.82,3.32,0.51
5915,11.79,6.47,7.3,21.52,4.82,3.32,0.51
5920,11.79,6.47,7.3,21.52,4.82,3.32,0.51
5925,11.79,6.47,7.3,21.52,4.82,3.32,0.51
5930,11.79,6.47,7.3,21.52,4.82,3.32,0.51
5935,11.79,6.47,7.3,21.52,4.82,3.32,0.51
5940,11.79,6.47,7.3,21.52,4.82,3.32,0.51
5945,11.79,6.47,7.3,21.52,4.82,3.32,0.51
5950,11.79,6.47,7.3,21.52,4.82,3.32,0.51
5955,11.79,6.47,7.3,21.52,4.82,3.32,0.51
5960,11.79,6.47,7.3,21.52,4.82,3.32,0.51
5965,11.79,6.47,7.3,21.52,4.82,3.32,0.51
5970,11.79,6.47,7.3,21.52,4.82,3.32,0.51
5975,11.79,6.47,7.3,21.52,4.82,3.32,0.51
5980,11.79,6.47,7.3,21.52,4.82,3.32,0.51
5985,11.79,6.47,7.3,21.52,4.82,3.32,0.51
5990,11.79,6.47,7.3,21.52,4.82,3.32,0.51
5995,11.79,6.47,7.3,21.52,4.82,3.32,0.51
6000,14.39,6.28,4.92,17.68,3.37,3.09,0.46
