ts,hefei,ningbo,wuhan,wuxi
50,9.9,29.85,12.15,3.11
55,9.9,29.85,12.15,3.11
60,9.9,29.85,12.15,3.11
65,9.9,29.85,12.15,3.11
70,9.9,29.85,12.15,3.11
75,9.9,29.85,12.15,3.11
80,9.9,29.85,12.15,3.11
85,9.9,29.85,12.15,3.11
90,9.9,29.85,12.15,3.11
95,9.9,29.85,12.15,3.11
100,9.9,29.85,12.15,3.11
105,9.9,29.85,12.15,3.11
110,9.9,29.85,12.15,3.11
115,9.9,29.85,12.15,3.11
120,9.9,29.85,12.15,3.11
125,9.9,29.85,12.15,3.11
130,9.9,29.85,12.15,3.11
135,9.9,29.85,12.15,3.11
140,9.9,29.85,12.15,3.11
145,9.9,29.85,12.15,3.11
150,9.9,29.85,12.15,3.11
155,9.9,29.85,12.15,3.11
160,9.9,29.85,12.15,3.11
165,9.9,29.85,12.15,3.11
170,9.9,29.85,12.15,3.11
175,9.9,29.85,12.15,3.11
180,9.9,29.85,12.15,3.11
185,9.9,29.85,12.15,3.11
190,9.9,29.85,12.15,3.11
195,9.9,29.85,12.15,3.11
200,9.9,29.85,12.15,3.11
205,9.9,29.85,12.15,3.11
210,9.9,29.85,12.15,3.11
215,9.9,29.85,12.15,3.11
220,9.9,29.85,12.15,3.11
225,9.9,29.85,12.15,3.11
230,9.9,29.85,12.15,3.11
235,9.9,29.85,12.15,3.11
240,9.9,29.85,12.15,3.11
245,9.9,29.85,12.15,3.11
250,9.9,29.85,12.15,3.11
255,9.9,29.85,12.15,3.11
260,9.9,29.85,12.15,3.11
265,9.9,29.85,12.15,3.11
270,9.9,29.85,12.15,3.11
275,9.9,29.85,12.15,3.11
280,9.9,29.85,12.15,3.11
285,9.9,29.85,12.15,3.11
290,9.9,29.85,12.15,3.11
295,9.9,29.85,12.15,3.11
300,9.9,29.85,12.15,3.11
305,9.9,29.85,12.15,3.11
310,9.9,29.85,12.15,3.11
315,9.9,29.85,12.15,3.11
320,9.9,29.85,12.15,3.11
325,9.9,29.85,12.15,3.11
330,9.9,29.85,12.15,3.11
335,9.9,29.85,12.15,3.11
340,9.9,29.85,12.15,3.11
345,9.9,29.85,12.15,3.11
350,9.9,29.85,12.15,3.11
355,9.9,29.85,12.15,3.11
360,9.9,29.85,12.15,3.11
365,9.9,29.85,12.15,3.11
370,9.9,29.85,12.15,3.11
375,9.9,29.85,12.15,3.11
380,9.9,29.85,12.15,3.11
385,9.9,29.85,12.15,3.11
390,9.9,29.85,12.15,3.11
395,9.9,29.85,12.15,3.11
400,9.9,29.85,12.15,3.11
405,9.9,29.85,12.15,3.11
410,9.9,29.85,12.15,3.11
415,9.9,29.85,12.15,3.11
420,9.9,29.85,12.15,3.11
425,9.9,29.85,12.15,3.11
430,9.9,29.85,12.15,3.11
435,9.9,29.85,12.15,3.11
440,9.9,29.85,12.15,3.11
445,9.9,29.85,12.15,3.11
450,9.9,29.85,12.15,3.11
455,9.9,29.85,12.15,3.11
460,9.9,29.85,12.15,3.11
465,9.9,29.85,12.15,3.11
470,9.9,29.85,12.15,3.11
475,9.9,29.85,12.15,3.11
480,9.9,29.85,12.15,3.11
485,9.9,29.85,12.15,3.11
490,9.9,29.85,12.15,3.11
495,9.9,29.85,12.15,3.11
500,9.9,29.85,12.15,3.11
505,9.9,29.85,12.15,3.11
510,9.9,29.85,12.15,3.11
515,9.9,29.85,12.15,3.11
520,9.9,29.85,12.15,3.11
525,9.9,29.85,12.15,3.11
530,9.9,29.85,12.15,3.11
535,9.9,29.85,12.15,3.11
540,9.9,29.85,12.15,3.11
545,9.9,29.85,12.15,3.11
550,9.9,29.85,12.15,3.11
555,9.9,29.85,12.15,3.11
560,9.9,29.85,12.15,3.11
565,9.9,29.85,12.15,3.11
570,9.9,29.85,12.15,3.11
575,9.9,29.85,12.15,3.11
580,9.9,29.85,12.15,3.11
585,9.9,29.85,12.15,3.11
590,9.9,29.85,12.15,3.11
595,9.9,29.85,12.15,3.11
600,9.89,27.88,12.43,2.96
605,9.89,27.88,12.43,2.96
610,9.89,27.88,12.43,2.96
615,9.89,27.88,12.43,2.96
620,9.89,27.88,12.43,2.96
625,9.89,27.88,12.43,2.96
630,9.89,27.88,12.43,2.96
635,9.89,27.88,12.43,2.96
640,9.89,27.88,12.43,2.96
645,9.89,27.88,12.43,2.96
650,9.89,27.88,12.43,2.96
655,9.89,27.88,12.43,2.96
660,9.89,27.88,12.43,2.96
665,9.89,27.88,12.43,2.96
670,9.89,27.88,12.43,2.96
675,9.89,27.88,12.43,2.96
680,9.89,27.88,12.43,2.96
685,9.89,27.88,12.43,2.96
690,9.89,27.88,12.43,2.96
695,9.89,27.88,12.43,2.96
700,9.89,27.88,12.43,2.96
705,9.89,27.88,12.43,2.96
710,9.89,27.88,12.43,2.96
715,9.89,27.88,12.43,2.96
720,9.89,27.88,12.43,2.96
725,9.89,27.88,12.43,2.96
730,9.89,27.88,12.43,2.96
735,9.89,27.88,12.43,2.96
740,9.89,27.88,12.43,2.96
745,9.89,27.88,12.43,2.96
750,9.89,27.88,12.43,2.96
755,9.89,27.88,12.43,2.96
760,9.89,27.88,12.43,2.96
765,9.89,27.88,12.43,2.96
770,9.89,27.88,12.43,2.96
775,9.89,27.88,12.43,2.96
780,9.89,27.88,12.43,2.96
785,9.89,27.88,12.43,2.96
790,9.89,27.88,12.43,2.96
795,9.89,27.88,12.43,2.96
800,9.89,27.88,12.43,2.96
805,9.89,27.88,12.43,2.96
810,9.89,27.88,12.43,2.96
815,9.89,27.88,12.43,2.96
820,9.89,27.88,12.43,2.96
825,9.89,27.88,12.43,2.96
830,9.89,27.88,12.43,2.96
835,9.89,27.88,12.43,2.96
840,9.89,27.88,12.43,2.96
845,9.89,27.88,12.43,2.96
850,9.89,27.88,12.43,2.96
855,9.89,27.88,12.43,2.96
860,9.89,27.88,12.43,2.96
865,9.89,27.88,12.43,2.96
870,9.89,27.88,12.43,2.96
875,9.89,27.88,12.43,2.96
880,9.89,27.88,12.43,2.96
885,9.89,27.88,12.43,2.96
890,9.89,27.88,12.43,2.96
895,9.89,27.88,12.43,2.96
900,9.89,27.88,12.43,2.96
905,9.89,27.88,12.43,2.96
910,9.89,27.88,12.43,2.96
915,9.89,27.88,12.43,2.96
920,9.89,27.88,12.43,2.96
925,9.89,27.88,12.43,2.96
930,9.89,27.88,12.43,2.96
935,9.89,27.88,12.43,2.96
940,9.89,27.88,12.43,2.96
945,9.89,27.88,12.43,2.96
950,9.89,27.88,12.43,2.96
955,9.89,27.88,12.43,2.96
960,9.89,27.88,12.43,2.96
965,9.89,27.88,12.43,2.96
970,9.89,27.88,12.43,2.96
975,9.89,27.88,12.43,2.96
980,9.89,27.88,12.43,2.96
985,9.89,27.88,12.43,2.96
990,9.89,27.88,12.43,2.96
995,9.89,27.88,12.43,2.96
1000,9.89,27.88,12.43,2.96
1005,9.89,27.88,12.43,2.96
1010,9.89,27.88,12.43,2.96
1015,9.89,27.88,12.43,2.96
1020,9.89,27.88,12.43,2.96
1025,9.89,27.88,12.43,2.96
1030,9.89,27.88,12.43,2.96
1035,9.89,27.88,12.43,2.96
1040,9.89,27.88,12.43,2.96
1045,9.89,27.88,12.43,2.96
1050,9.89,27.88,12.43,2.96
1055,9.89,27.88,12.43,2.96
1060,9.89,27.88,12.43,2.96
1065,9.89,27.88,12.43,2.96
1070,9.89,27.88,12.43,2.96
1075,9.89,27.88,12.43,2.96
1080,9.89,27.88,12.43,2.96
1085,9.89,27.88,12.43,2.96
1090,9.89,27.88,12.43,2.96
1095,9.89,27.88,12.43,2.96
1100,9.89,27.88,12.43,2.96
1105,9.89,27.88,12.43,2.96
1110,9.89,27.88,12.43,2.96
1115,9.89,27.88,12.43,2.96
1120,9.89,27.88,12.43,2.96
1125,9.89,27.88,12.43,2.96
1130,9.89,27.88,12.43,2.96
1135,9.89,27.88,12.43,2.96
1140,9.89,27.88,12.43,2.96
1145,9.89,27.88,12.43,2.96
1150,9.89,27.88,12.43,2.96
1155,9.89,27.88,12.43,2.96
1160,9.89,27.88,12.43,2.96
1165,9.89,27.88,12.43,2.96
1170,9.89,27.88,12.43,2.96
1175,9.89,27.88,12.43,2.96
1180,9.89,27.88,12.43,2.96
1185,9.89,27.88,12.43,2.96
1190,9.89,27.88,12.43,2.96
1195,9.89,27.88,12.43,2.96
1200,9.77,36.64,12.94,2.77
1205,9.77,36.64,12.94,2.77
1210,9.77,36.64,12.94,2.77
1215,9.77,36.64,12.94,2.77
1220,9.77,36.64,12.94,2.77
1225,9.77,36.64,12.94,2.77
1230,9.77,36.64,12.94,2.77
1235,9.77,36.64,12.94,2.77
1240,9.77,36.64,12.94,2.77
1245,9.77,36.64,12.94,2.77
1250,9.77,36.64,12.94,2.77
1255,9.77,36.64,12.94,2.77
1260,9.77,36.64,12.94,2.77
1265,9.77,36.64,12.94,2.77
1270,9.77,36.64,12.94,2.77
1275,9.77,36.64,12.94,2.77
1280,9.77,36.64,12.94,2.77
1285,9.77,36.64,12.94,2.77
1290,9.77,36.64,12.94,2.77
1295,9.77,36.64,12.94,2.77
1300,9.77,36.64,12.94,2.77
1305,9.77,36.64,12.94,2.77
1310,9.77,36.64,12.94,2.77
1315,9.77,36.64,12.94,2.77
1320,9.77,36.64,12.94,2.77
1325,9.77,36.64,12.94,2.77
1330,9.77,36.64,12.94,2.77
1335,9.77,36.64,12.94,2.77
1340,9.77,36.64,12.94,2.77
1345,9.77,36.64,12.94,2.77
1350,9.77,36.64,12.94,2.77
1355,9.77,36.64,12.94,2.77
1360,9.77,36.64,12.94,2.77
1365,9.77,36.64,12.94,2.77
1370,9.77,36.64,12.94,2.77
1375,9.77,36.64,12.94,2.77
1380,9.77,36.64,12.94,2.77
1385,9.77,36.64,12.94,2.77
1390,9.77,36.64,12.94,2.77
1395,9.77,36.64,12.94,2.77
1400,9.77,36.64,12.94,2.77
1405,9.77,36.64,12.94,2.77
1410,9.77,36.64,12.94,2.77
1415,9.77,36.64,12.94,2.77
1420,9.77,36.64,12.94,2.77
1425,9.77,36.64,12.94,2.77
1430,9.77,36.64,12.94,2.77
1435,9.77,36.64,12.94,2.77
1440,9.77,36.64,12.94,2.77
1445,9.77,36.64,12.94,2.77
1450,9.77,36.64,12.94,2.77
1455,9.77,36.64,12.94,2.77
1460,9.77,36.64,12.94,2.77
1465,9.77,36.64,12.94,2.77
1470,9.77,36.64,12.94,2.77
1475,9.77,36.64,12.94,2.77
1480,9.77,36.64,12.94,2.77
1485,9.77,36.64,12.94,2.77
1490,9.77,36.64,12.94,2.77
1495,9.77,36.64,12.94,2.77
1500,9.77,36.64,12.94,2.77
1505,9.77,36.64,12.94,2.77
1510,9.77,36.64,12.94,2.77
1515,9.77,36.64,12.94,2.77
1520,9.77,36.64,12.94,2.77
1525,9.77,36.64,12.94,2.77
1530,9.77,36.64,12.94,2.77
1535,9.77,36.64,12.94,2.77
1540,9.77,36.64,12.94,2.77
1545,9.77,36.64,12.94,2.77
1550,9.77,36.64,12.94,2.77
1555,9.77,36.64,12.94,2.77
1560,9.77,36.64,12.94,2.77
1565,9.77,36.64,12.94,2.77
1570,9.77,36.64,12.94,2.77
1575,9.77,36.64,12.94,2.77
1580,9.77,36.64,12.94,2.77
1585,9.77,36.64,12.94,2.77
1590,9.77,36.64,12.94,2.77
1595,9.77,36.64,12.94,2.77
1600,9.77,36.64,12.94,2.77
1605,9.77,36.64,12.94,2.77
1610,9.77,36.64,12.94,2.77
1615,9.77,36.64,12.94,2.77
1620,9.77,36.64,12.94,2.77
1625,9.77,36.64,12.94,2.77
1630,9.77,36.64,12.94,2.77
1635,9.77,36.64,12.94,2.77
1640,9.77,36.64,12.94,2.77
1645,9.77,36.64,12.94,2.77
1650,9.77,36.64,12.94,2.77
1655,9.77,36.64,12.94,2.77
1660,9.77,36.64,12.94,2.77
1665,9.77,36.64,12.94,2.77
1670,9.77,36.64,12.94,2.77
1675,9.77,36.64,12.94,2.77
1680,9.77,36.64,12.94,2.77
1685,9.77,36.64,12.94,2.77
1690,9.77,36.64,12.94,2.77
1695,9.77,36.64,12.94,2.77
1700,9.77,36.64,12.94,2.77
1705,9.77,36.64,12.94,2.77
1710,9.77,36.64,12.94,2.77
1715,9.77,36.64,12.94,2.77
1720,9.77,36.64,12.94,2.77
1725,9.77,36.64,12.94,2.77
1730,9.77,36.64,12.94,2.77
1735,9.77,36.64,12.94,2.77
1740,9.77,36.64,12.94,2.77
1745,9.77,36.64,12.94,2.77
1750,9.77,36.64,12.94,2.77
1755,9.77,36.64,12.94,2.77
1760,9.77,36.64,12.94,2.77
1765,9.77,36.64,12.94,2.77
1770,9.77,36.64,12.94,2.77
1775,9.77,36.64,12.94,2.77
1780,9.77,36.64,12.94,2.77
1785,9.77,36.64,12.94,2.77
1790,9.77,36.64,12.94,2.77
1795,9.77,36.64,12.94,2.77
1800,9.74,36.17,14.37,2.6
1805,9.74,36.17,14.37,2.6
1810,9.74,36.17,14.37,2.6
1815,9.74,36.17,14.37,2.6
1820,9.74,36.17,14.37,2.6
1825,9.74,36.17,14.37,2.6
1830,9.74,36.17,14.37,2.6
1835,9.74,36.17,14.37,2.6
1840,9.74,36.17,14.37,2.6
1845,9.74,36.17,14.37,2.6
1850,9.74,36.17,14.37,2.6
1855,9.74,36.17,14.37,2.6
1860,9.74,36.17,14.37,2.6
1865,9.74,36.17,14.37,2.6
1870,9.74,36.17,14.37,2.6
1875,9.74,36.17,14.37,2.6
1880,9.74,36.17,14.37,2.6
1885,9.74,36.17,14.37,2.6
1890,9.74,36.17,14.37,2.6
1895,9.74,36.17,14.37,2.6
1900,9.74,36.17,14.37,2.6
1905,9.74,36.17,14.37,2.6
1910,9.74,36.17,14.37,2.6
1915,9.74,36.17,14.37,2.6
1920,9.74,36.17,14.37,2.6
1925,9.74,36.17,14.37,2.6
1930,9.74,36.17,14.37,2.6
1935,9.74,36.17,14.37,2.6
1940,9.74,36.17,14.37,2.6
1945,9.74,36.17,14.37,2.6
1950,9.74,36.17,14.37,2.6
1955,9.74,36.17,14.37,2.6
1960,9.74,36.17,14.37,2.6
1965,9.74,36.17,14.37,2.6
1970,9.74,36.17,14.37,2.6
1975,9.74,36.17,14.37,2.6
1980,9.74,36.17,14.37,2.6
1985,9.74,36.17,14.37,2.6
1990,9.74,36.17,14.37,2.6
1995,9.74,36.17,14.37,2.6
2000,9.74,36.17,14.37,2.6
2005,9.74,36.17,14.37,2.6
2010,9.74,36.17,14.37,2.6
2015,9.74,36.17,14.37,2.6
2020,9.74,36.17,14.37,2.6
2025,9.74,36.17,14.37,2.6
2030,9.74,36.17,14.37,2.6
2035,9.74,36.17,14.37,2.6
2040,9.74,36.17,14.37,2.6
2045,9.74,36.17,14.37,2.6
2050,9.74,36.17,14.37,2.6
2055,9.74,36.17,14.37,2.6
2060,9.74,36.17,14.37,2.6
2065,9.74,36.17,14.37,2.6
2070,9.74,36.17,14.37,2.6
2075,9.74,36.17,14.37,2.6
2080,9.74,36.17,14.37,2.6
2085,9.74,36.17,14.37,2.6
2090,9.74,36.17,14.37,2.6
2095,9.74,36.17,14.37,2.6
2100,9.74,36.17,14.37,2.6
2105,9.74,36.17,14.37,2.6
2110,9.74,36.17,14.37,2.6
2115,9.74,36.17,14.37,2.6
2120,9.74,36.17,14.37,2.6
2125,9.74,36.17,14.37,2.6
2130,9.74,36.17,14.37,2.6
2135,9.74,36.17,14.37,2.6
2140,9.74,36.17,14.37,2.6
2145,9.74,36.17,14.37,2.6
2150,9.74,36.17,14.37,2.6
2155,9.74,36.17,14.37,2.6
2160,9.74,36.17,14.37,2.6
2165,9.74,36.17,14.37,2.6
2170,9.74,36.17,14.37,2.6
2175,9.74,36.17,14.37,2.6
2180,9.74,36.17,14.37,2.6
2185,9.74,36.17,14.37,2.6
2190,9.74,36.17,14.37,2.6
2195,9.74,36.17,14.37,2.6
2200,9.74,36.17,14.37,2.6
2205,9.74,36.17,14.37,2.6
2210,9.74,36.17,14.37,2.6
2215,9.74,36.17,14.37,2.6
2220,9.74,36.17,14.37,2.6
2225,9.74,36.17,14.37,2.6
2230,9.74,36.17,14.37,2.6
2235,9.74,36.17,14.37,2.6
2240,9.74,36.17,14.37,2.6
2245,9.74,36.17,14.37,2.6
2250,9.74,36.17,14.37,2.6
2255,9.74,36.17,14.37,2.6
2260,9.74,36.17,14.37,2.6
2265,9.74,36.17,14.37,2.6
2270,9.74,36.17,14.37,2.6
2275,9.74,36.17,14.37,2.6
2280,9.74,36.17,14.37,2.6
2285,9.74,36.17,14.37,2.6
2290,9.74,36.17,14.37,2.6
2295,9.74,36.17,14.37,2.6
2300,9.74,36.17,14.37,2.6
2305,9.74,36.17,14.37,2.6
2310,9.74,36.17,14.37,2.6
2315,9.74,36.17,14.37,2.6
2320,9.74,36.17,14.37,2.6
2325,9.74,36.17,14.37,2.6
2330,9.74,36.17,14.37,2.6
2335,9.74,36.17,14.37,2.6
2340,9.74,36.17,14.37,2.6
2345,9.74,36.17,14.37,2.6
2350,9.74,36.17,14.37,2.6
2355,9.74,36.17,14.37,2.6
2360,9.74,36.17,14.37,2.6
2365,9.74,36.17,14.37,2.6
2370,9.74,36.17,14.37,2.6
2375,9.74,36.17,14.37,2.6
2380,9.74,36.17,14.37,2.6
2385,9.74,36.17,14.37,2.6
2390,9.74,36.17,14.37,2.6
2395,9.74,36.17,14.37,2.6
2400,9.67,34.98,15.43,2.44
2405,9.67,34.98,15.43,2.44
2410,9.67,34.98,15.43,2.44
2415,9.67,34.98,15.43,2.44
2420,9.67,34.98,15.43,2.44
2425,9.67,34.98,15.43,2.44
2430,9.67,34.98,15.43,2.44
2435,9.67,34.98,15.43,2.44
2440,9.67,34.98,15.43,2.44
2445,9.67,34.98,15.43,2.44
2450,9.67,34.98,15.43,2.44
2455,9.67,34.98,15.43,2.44
2460,9.67,34.98,15.43,2.44
2465,9.67,34.98,15.43,2.44
2470,9.67,34.98,15.43,2.44
2475,9.67,34.98,15.43,2.44
2480,9.67,34.98,15.43,2.44
2485,9.67,34.98,15.43,2.44
2490,9.67,34.98,15.43,2.44
2495,9.67,34.98,15.43,2.44
2500,9.67,34.98,15.43,2.44
2505,9.67,34.98,15.43,2.44
2510,9.67,34.98,15.43,2.44
2515,9.67,34.98,15.43,2.44
2520,9.67,34.98,15.43,2.44
2525,9.67,34.98,15.43,2.44
2530,9.67,34.98,15.43,2.44
2535,9.67,34.98,15.43,2.44
2540,9.67,34.98,15.43,2.44
2545,9.67,34.98,15.43,2.44
2550,9.67,34.98,15.43,2.44
2555,9.67,34.98,15.43,2.44
2560,9.67,34.98,15.43,2.44
2565,9.67,34.98,15.43,2.44
2570,9.67,34.98,15.43,2.44
2575,9.67,34.98,15.43,2.44
2580,9.67,34.98,15.43,2.44
2585,9.67,34.98,15.43,2.44
2590,9.67,34.98,15.43,2.44
2595,9.67,34.98,15.43,2.44
2600,9.67,34.98,15.43,2.44
2605,9.67,34.98,15.43,2.44
2610,9.67,34.98,15.43,2.44
2615,9.67,34.98,15.43,2.44
2620,9.67,34.98,15.43,2.44
2625,9.67,34.98,15.43,2.44
2630,9.67,34.98,15.43,2.44
2635,9.67,34.98,15.43,2.44
2640,9.67,34.98,15.43,2.44
2645,9.67,34.98,15.43,2.44
2650,9.67,34.98,15.43,2.44
2655,9.67,34.98,15.43,2.44
2660,9.67,34.98,15.43,2.44
2665,9.67,34.98,15.43,2.44
2670,9.67,34.98,15.43,2.44
2675,9.67,34.98,15.43,2.44
2680,9.67,34.98,15.43,2.44
2685,9.67,34.98,15.43,2.44
2690,9.67,34.98,15.43,2.44
2695,9.67,34.98,15.43,2.44
2700,9.67,34.98,15.43,2.44
2705,9.67,34.98,15.43,2.44
2710,9.67,34.98,15.43,2.44
2715,9.67,34.98,15.43,2.44
2720,9.67,34.98,15.43,2.44
2725,9.67,34.98,15.43,2.44
2730,9.67,34.98,15.43,2.44
2735,9.67,34.98,15.43,2.44
2740,9.67,34.98,15.43,2.44
2745,9.67,34.98,15.43,2.44
2750,9.67,34.98,15.43,2.44
2755,9.67,34.98,15.43,2.44
2760,9.67,34.98,15.43,2.44
2765,9.67,34.98,15.43,2.44
2770,9.67,34.98,15.43,2.44
2775,9.67,34.98,15.43,2.44
2780,9.67,34.98,15.43,2.44
2785,9.67,34.98,15.43,2.44
2790,9.67,34.98,15.43,2.44
2795,9.67,34.98,15.43,2.44
2800,9.67,34.98,15.43,2.44
2805,9.67,34.98,15.43,2.44
2810,9.67,34.98,15.43,2.44
2815,9.67,34.98,15.43,2.44
2820,9.67,34.98,15.43,2.44
2825,9.67,34.98,15.43,2.44
2830,9.67,34.98,15.43,2.44
2835,9.67,34.98,15.43,2.44
2840,9.67,34.98,15.43,2.44
2845,9.67,34.98,15.43,2.44
2850,9.67,34.98,15.43,2.44
2855,9.67,34.98,15.43,2.44
2860,9.67,34.98,15.43,2.44
2865,9.67,34.98,15.43,2.44
2870,9.67,34.98,15.43,2.44
2875,9.67,34.98,15.43,2.44
2880,9.67,34.98,15.43,2.44
2885,9.67,34.98,15.43,2.44
2890,9.67,34.98,15.43,2.44
2895,9.67,34.98,15.43,2.44
2900,9.67,34.98,15.43,2.44
2905,9.67,34.98,15.43,2.44
2910,9.67,34.98,15.43,2.44
2915,9.67,34.98,15.43,2.44
2920,9.67,34.98,15.43,2.44
2925,9.67,34.98,15.43,2.44
2930,9.67,34.98,15.43,2.44
2935,9.67,34.98,15.43,2.44
2940,9.67,34.98,15.43,2.44
2945,9.67,34.98,15.43,2.44
2950,9.67,34.98,15.43,2.44
2955,9.67,34.98,15.43,2.44
2960,9.67,34.98,15.43,2.44
2965,9.67,34.98,15.43,2.44
2970,9.67,34.98,15.43,2.44
2975,9.67,34.98,15.43,2.44
2980,9.67,34.98,15.43,2.44
2985,9.67,34.98,15.43,2.44
2990,9.67,34.98,15.43,2.44
2995,9.67,34.98,15.43,2.44
3000,9.7,32.65,14.91,2.25
3005,9.7,32.65,14.91,2.25
3010,9.7,32.65,14.91,2.25
3015,9.7,32.65,14.91,2.25
3020,9.7,32.65,14.91,2.25
3025,9.7,32.65,14.91,2.25
3030,9.7,32.65,14.91,2.25
3035,9.7,32.65,14.91,2.25
3040,9.7,32.65,14.91,2.25
3045,9.7,32.65,14.91,2.25
3050,9.7,32.65,14.91,2.25
3055,9.7,32.65,14.91,2.25
3060,9.7,32.65,14.91,2.25
3065,9.7,32.65,14.91,2.25
3070,9.7,32.65,14.91,2.25
3075,9.7,32.65,14.91,2.25
3080,9.7,32.65,14.91,2.25
3085,9.7,32.65,14.91,2.25
3090,9.7,32.65,14.91,2.25
3095,9.7,32.65,14.91,2.25
3100,9.7,32.65,14.91,2.25
3105,9.7,32.65,14.91,2.25
3110,9.7,32.65,14.91,2.25
3115,9.7,32.65,14.91,2.25
3120,9.7,32.65,14.91,2.25
3125,9.7,32.65,14.91,2.25
3130,9.7,32.65,14.91,2.25
3135,9.7,32.65,14.91,2.25
3140,9.7,32.65,14.91,2.25
3145,9.7,32.65,14.91,2.25
3150,9.7,32.65,14.91,2.25
3155,9.7,32.65,14.91,2.25
3160,9.7,32.65,14.91,2.25
3165,9.7,32.65,14.91,2.25
3170,9.7,32.65,14.91,2.25
3175,9.7,32.65,14.91,2.25
3180,9.7,32.65,14.91,2.25
3185,9.7,32.65,14.91,2.25
3190,9.7,32.65,14.91,2.25
3195,9.7,32.65,14.91,2.25
3200,9.7,32.65,14.91,2.25
3205,9.7,32.65,14.91,2.25
3210,9.7,32.65,14.91,2.25
3215,9.7,32.65,14.91,2.25
3220,9.7,32.65,14.91,2.25
3225,9.7,32.65,14.91,2.25
3230,9.7,32.65,14.91,2.25
3235,9.7,32.65,14.91,2.25
3240,9.7,32.65,14.91,2.25
3245,9.7,32.65,14.91,2.25
3250,9.7,32.65,14.91,2.25
3255,9.7,32.65,14.91,2.25
3260,9.7,32.65,14.91,2.25
3265,9.7,32.65,14.91,2.25
3270,9.7,32.65,14.91,2.25
3275,9.7,32.65,14.91,2.25
3280,9.7,32.65,14.91,2.25
3285,9.7,32.65,14.91,2.25
3290,9.7,32.65,14.91,2.25
3295,9.7,32.65,14.91,2.25
3300,9.7,32.65,14.91,2.25
3305,9.7,32.65,14.91,2.25
3310,9.7,32.65,14.91,2.25
3315,9.7,32.65,14.91,2.25
3320,9.7,32.65,14.91,2.25
3325,9.7,32.65,14.91,2.25
3330,9.7,32.65,14.91,2.25
3335,9.7,32.65,14.91,2.25
3340,9.7,32.65,14.91,2.25
3345,9.7,32.65,14.91,2.25
3350,9.7,32.65,14.91,2.25
3355,9.7,32.65,14.91,2.25
3360,9.7,32.65,14.91,2.25
3365,9.7,32.65,14.91,2.25
3370,9.7,32.65,14.91,2.25
3375,9.7,32.65,14.91,2.25
3380,9.7,32.65,14.91,2.25
3385,9.7,32.65,14.91,2.25
3390,9.7,32.65,14.91,2.25
3395,9.7,32.65,14.91,2.25
3400,9.7,32.65,14.91,2.25
3405,9.7,32.65,14.91,2.25
3410,9.7,32.65,14.91,2.25
3415,9.7,32.65,14.91,2.25
3420,9.7,32.65,14.91,2.25
3425,9.7,32.65,14.91,2.25
3430,9.7,32.65,14.91,2.25
3435,9.7,32.65,14.91,2.25
3440,9.7,32.65,14.91,2.25
3445,9.7,32.65,14.91,2.25
3450,9.7,32.65,14.91,2.25
3455,9.7,32.65,14.91,2.25
3460,9.7,32.65,14.91,2.25
3465,9.7,32.65,14.91,2.25
3470,9.7,32.65,14.91,2.25
3475,9.7,32.65,14.91,2.25
3480,9.7,32.65,14.91,2.25
3485,9.7,32.65,14.91,2.25
3490,9.7,32.65,14.91,2.25
3495,9.7,32.65,14.91,2.25
3500,9.7,32.65,14.91,2.25
3505,9.7,32.65,14.91,2.25
3510,9.7,32.65,14.91,2.25
3515,9.7,32.65,14.91,2.25
3520,9.7,32.65,14.91,2.25
3525,9.7,32.65,14.91,2.25
3530,9.7,32.65,14.91,2.25
3535,9.7,32.65,14.91,2.25
3540,9.7,32.65,14.91,2.25
3545,9.7,32.65,14.91,2.25
3550,9.7,32.65,14.91,2.25
3555,9.7,32.65,14.91,2.25
3560,9.7,32.65,14.91,2.25
3565,9.7,32.65,14.91,2.25
3570,9.7,32.65,14.91,2.25
3575,9.7,32.65,14.91,2.25
3580,9.7,32.65,14.91,2.25
3585,9.7,32.65,14.91,2.25
3590,9.7,32.65,14.91,2.25
3595,9.7,32.65,14.91,2.25
3600,9.42,30.61,14.1,2.08
3605,9.42,30.61,14.1,2.08
3610,9.42,30.61,14.1,2.08
3615,9.42,30.61,14.1,2.08
3620,9.42,30.61,14.1,2.08
3625,9.42,30.61,14.1,2.08
3630,9.42,30.61,14.1,2.08
3635,9.42,30.61,14.1,2.08
3640,9.42,30.61,14.1,2.08
3645,9.42,30.61,14.1,2.08
3650,9.42,30.61,14.1,2.08
3655,9.42,30.61,14.1,2.08
3660,9.42,30.61,14.1,2.08
3665,9.42,30.61,14.1,2.08
3670,9.42,30.61,14.1,2.08
3675,9.42,30.61,14.1,2.08
3680,9.42,30.61,14.1,2.08
3685,9.42,30.61,14.1,2.08
3690,9.42,30.61,14.1,2.08
3695,9.42,30.61,14.1,2.08
3700,9.42,30.61,14.1,2.08
3705,9.42,30.61,14.1,2.08
3710,9.42,30.61,14.1,2.08
3715,9.42,30.61,14.1,2.08
3720,9.42,30.61,14.1,2.08
3725,9.42,30.61,14.1,2.08
3730,9.42,30.61,14.1,2.08
3735,9.42,30.61,14.1,2.08
3740,9.42,30.61,14.1,2.08
3745,9.42,30.61,14.1,2.08
3750,9.42,30.61,14.1,2.08
3755,9.42,30.61,14.1,2.08
3760,9.42,30.61,14.1,2.08
3765,9.42,30.61,14.1,2.08
3770,9.42,30.61,14.1,2.08
3775,9.42,30.61,14.1,2.08
3780,9.42,30.61,14.1,2.08
3785,9.42,30.61,14.1,2.08
3790,9.42,30.61,14.1,2.08
3795,9.42,30.61,14.1,2.08
3800,9.42,30.61,14.1,2.08
3805,9.42,30.61,14.1,2.08
3810,9.42,30.61,14.1,2.08
3815,9.42,30.61,14.1,2.08
3820,9.42,30.61,14.1,2.08
3825,9.42,30.61,14.1,2.08
3830,9.42,30.61,14.1,2.08
3835,9.42,30.61,14.1,2.08
3840,9.42,30.61,14.1,2.08
3845,9.42,30.61,14.1,2.08
3850,9.42,30.61,14.1,2.08
3855,9.42,30.61,14.1,2.08
3860,9.42,30.61,14.1,2.08
3865,9.42,30.61,14.1,2.08
3870,9.42,30.61,14.1,2.08
3875,9.42,30.61,14.1,2.08
3880,9.42,30.61,14.1,2.08
3885,9.42,30.61,14.1,2.08
3890,9.42,30.61,14.1,2.08
3895,9.42,30.61,14.1,2.08
3900,9.42,30.61,14.1,2.08
3905,9.42,30.61,14.1,2.08
3910,9.42,30.61,14.1,2.08
3915,9.42,30.61,14.1,2.08
3920,9.42,30.61,14.1,2.08
3925,9.42,30.61,14.1,2.08
3930,9.42,30.61,14.1,2.08
3935,9.42,30.61,14.1,2.08
3940,9.42,30.61,14.1,2.08
3945,9.42,30.61,14.1,2.08
3950,9.42,30.61,14.1,2.08
3955,9.42,30.61,14.1,2.08
3960,9.42,30.61,14.1,2.08
3965,9.42,30.61,14.1,2.08
3970,9.42,30.61,14.1,2.08
3975,9.42,30.61,14.1,2.08
3980,9.42,30.61,14.1,2.08
3985,9.42,30.61,14.1,2.08
3990,9.42,30.61,14.1,2.08
3995,9.42,30.61,14.1,2.08
4000,9.42,30.61,14.1,2.08
4005,9.42,30.61,14.1,2.08
4010,9.42,30.61,14.1,2.08
4015,9.42,30.61,14.1,2.08
4020,9.42,30.61,14.1,2.08
4025,9.42,30.61,14.1,2.08
4030,9.42,30.61,14.1,2.08
4035,9.42,30.61,14.1,2.08
4040,9.42,30.61,14.1,2.08
4045,9.42,30.61,14.1,2.08
4050,9.42,30.61,14.1,2.08
4055,9.42,30.61,14.1,2.08
4060,9.42,30.61,14.1,2.08
4065,9.42,30.61,14.1,2.08
4070,9.42,30.61,14.1,2.08
4075,9.42,30.61,14.1,2.08
4080,9.42,30.61,14.1,2.08
4085,9.42,30.61,14.1,2.08
4090,9.42,30.61,14.1,2.08
4095,9.42,30.61,14.1,2.08
4100,9.42,30.61,14.1,2.08
4105,9.42,30.61,14.1,2.08
4110,9.42,30.61,14.1,2.08
4115,9.42,30.61,14.1,2.08
4120,9.42,30.61,14.1,2.08
4125,9.42,30.61,14.1,2.08
4130,9.42,30.61,14.1,2.08
4135,9.42,30.61,14.1,2.08
4140,9.42,30.61,14.1,2.08
4145,9.42,30.61,14.1,2.08
4150,9.42,30.61,14.1,2.08
4155,9.42,30.61,14.1,2.08
4160,9.42,30.61,14.1,2.08
4165,9.42,30.61,14.1,2.08
4170,9.42,30.61,14.1,2.08
4175,9.42,30.61,14.1,2.08
4180,9.42,30.61,14.1,2.08
4185,9.42,30.61,14.1,2.08
4190,9.42,30.61,14.1,2.08
4195,9.42,30.61,14.1,2.08
4200,8.64,28.69,13.13,1.89
4205,8.64,28.69,13.13,1.89
4210,8.64,28.69,13.13,1.89
4215,8.64,28.69,13.13,1.89
4220,8.64,28.69,13.13,1.89
4225,8.64,28.69,13.13,1.89
4230,8.64,28.69,13.13,1.89
4235,8.64,28.69,13.13,1.89
4240,8.64,28.69,13.13,1.89
4245,8.64,28.69,13.13,1.89
4250,8.64,28.69,13.13,1.89
4255,8.64,28.69,13.13,1.89
4260,8.64,28.69,13.13,1.89
4265,8.64,28.69,13.13,1.89
4270,8.64,28.69,13.13,1.89
4275,8.64,28.69,13.13,1.89
4280,8.64,28.69,13.13,1.89
4285,8.64,28.69,13.13,1.89
4290,8.64,28.69,13.13,1.89
4295,8.64,28.69,13.13,1.89
4300,8.64,28.69,13.13,1.89
4305,8.64,28.69,13.13,1.89
4310,8.64,28.69,13.13,1.89
4315,8.64,28.69,13.13,1.89
4320,8.64,28.69,13.13,1.89
4325,8.64,28.69,13.13,1.89
4330,8.64,28.69,13.13,1.89
4335,8.64,28.69,13.13,1.89
4340,8.64,28.69,13.13,1.89
4345,8.64,28.69,13.13,1.89
4350,8.64,28.69,13.13,1.89
4355,8.64,28.69,13.13,1.89
4360,8.64,28.69,13.13,1.89
4365,8.64,28.69,13.13,1.89
4370,8.64,28.69,13.13,1.89
4375,8.64,28.69,13.13,1.89
4380,8.64,28.69,13.13,1.89
4385,8.64,28.69,13.13,1.89
4390,8.64,28.69,13.13,1.89
4395,8.64,28.69,13.13,1.89
4400,8.64,28.69,13.13,1.89
4405,8.64,28.69,13.13,1.89
4410,8.64,28.69,13.13,1.89
4415,8.64,28.69,13.13,1.89
4420,8.64,28.69,13.13,1.89
4425,8.64,28.69,13.13,1.89
4430,8.64,28.69,13.13,1.89
4435,8.64,28.69,13.13,1.89
4440,8.64,28.69,13.13,1.89
4445,8.64,28.69,13.13,1.89
4450,8.64,28.69,13.13,1.89
4455,8.64,28.69,13.13,1.89
4460,8.64,28.69,13.13,1.89
4465,8.64,28.69,13.13,1.89
4470,8.64,28.69,13.13,1.89
4475,8.64,28.69,13.13,1.89
4480,8.64,28.69,13.13,1.89
4485,8.64,28.69,13.13,1.89
4490,8.64,28.69,13.13,1.89
4495,8.64,28.69,13.13,1.89
4500,8.64,28.69,13.13,1.89
4505,8.64,28.69,13.13,1.89
4510,8.64,28.69,13.13,1.89
4515,8.64,28.69,13.13,1.89
4520,8.64,28.69,13.13,1.89
4525,8.64,28.69,13.13,1.89
4530,8.64,28.69,13.13,1.89
4535,8.64,28.69,13.13,1.89
4540,8.64,28.69,13.13,1.89
4545,8.64,28.69,13.13,1.89
4550,8.64,28.69,13.13,1.89
4555,8.64,28.69,13.13,1.89
4560,8.64,28.69,13.13,1.89
4565,8.64,28.69,13.13,1.89
4570,8.64,28.69,13.13,1.89
4575,8.64,28.69,13.13,1.89
4580,8.64,28.69,13.13,1.89
4585,8.64,28.69,13.13,1.89
4590,8.64,28.69,13.13,1.89
4595,8.64,28.69,13.13,1.89
4600,8.64,28.69,13.13,1.89
4605,8.64,28.69,13.13,1.89
4610,8.64,28.69,13.13,1.89
4615,8.64,28.69,13.13,1.89
4620,8.64,28.69,13.13,1.89
4625,8.64,28.69,13.13,1.89
4630,8.64,28.69,13.13,1.89
4635,8.64,28.69,13.13,1.89
4640,8.64,28.69,13.13,1.89
4645,8.64,28.69,13.13,1.89
4650,8.64,28.69,13.13,1.89
4655,8.64,28.69,13.13,1.89
4660,8.64,28.69,13.13,1.89
4665,8.64,28.69,13.13,1.89
4670,8.64,28.69,13.13,1.89
4675,8.64,28.69,13.13,1.89
4680,8.64,28.69,13.13,1.89
4685,8.64,28.69,13.13,1.89
4690,8.64,28.69,13.13,1.89
4695,8.64,28.69,13.13,1.89
4700,8.64,28.69,13.13,1.89
4705,8.64,28.69,13.13,1.89
4710,8.64,28.69,13.13,1.89
4715,8.64,28.69,13.13,1.89
4720,8.64,28.69,13.13,1.89
4725,8.64,28.69,13.13,1.89
4730,8.64,28.69,13.13,1.89
4735,8.64,28.69,13.13,1.89
4740,8.64,28.69,13.13,1.89
4745,8.64,28.69,13.13,1.89
4750,8.64,28.69,13.13,1.89
4755,8.64,28.69,13.13,1.89
4760,8.64,28.69,13.13,1.89
4765,8.64,28.69,13.13,1.89
4770,8.64,28.69,13.13,1.89
4775,8.64,28.69,13.13,1.89
4780,8.64,28.69,13.13,1.89
4785,8.64,28.69,13.13,1.89
4790,8.64,28.69,13.13,1.89
4795,8.64,28.69,13.13,1.89
4800,7.87,26.46,12.2,1.71
4805,7.87,26.46,12.2,1.71
4810,7.87,26.46,12.2,1.71
4815,7.87,26.46,12.2,1.71
4820,7.87,26.46,12.2,1.71
4825,7.87,26.46,12.2,1.71
4830,7.87,26.46,12.2,1.71
4835,7.87,26.46,12.2,1.71
4840,7.87,26.46,12.2,1.71
4845,7.87,26.46,12.2,1.71
4850,7.87,26.46,12.2,1.71
4855,7.87,26.46,12.2,1.71
4860,7.87,26.46,12.2,1.71
4865,7.87,26.46,12.2,1.71
4870,7.87,26.46,12.2,1.71
4875,7.87,26.46,12.2,1.71
4880,7.87,26.46,12.2,1.71
4885,7.87,26.46,12.2,1.71
4890,7.87,26.46,12.2,1.71
4895,7.87,26.46,12.2,1.71
4900,7.87,26.46,12.2,1.71
4905,7.87,26.46,12.2,1.71
4910,7.87,26.46,12.2,1.71
4915,7.87,26.46,12.2,1.71
4920,7.87,26.46,12.2,1.71
4925,7.87,26.46,12.2,1.71
4930,7.87,26.46,12.2,1.71
4935,7.87,26.46,12.2,1.71
4940,7.87,26.46,12.2,1.71
4945,7.87,26.46,12.2,1.71
4950,7.87,26.46,12.2,1.71
4955,7.87,26.46,12.2,1.71
4960,7.87,26.46,12.2,1.71
4965,7.87,26.46,12.2,1.71
4970,7.87,26.46,12.2,1.71
4975,7.87,26.46,12.2,1.71
4980,7.87,26.46,12.2,1.71
4985,7.87,26.46,12.2,1.71
4990,7.87,26.46,12.2,1.71
4995,7.87,26.46,12.2,1.71
5000,7.87,26.46,12.2,1.71
5005,7.87,26.46,12.2,1.71
5010,7.87,26.46,12.2,1.71
5015,7.87,26.46,12.2,1.71
5020,7.87,26.46,12.2,1.71
5025,7.87,26.46,12.2,1.71
5030,7.87,26.46,12.2,1.71
5035,7.87,26.46,12.2,1.71
5040,7.87,26.46,12.2,1.71
5045,7.87,26.46,12.2,1.71
5050,7.87,26.46,12.2,1.71
5055,7.87,26.46,12.2,1.71
5060,7.87,26.46,12.2,1.71
5065,7.87,26.46,12.2,1.71
5070,7.87,26.46,12.2,1.71
5075,7.87,26.46,12.2,1.71
5080,7.87,26.46,12.2,1.71
5085,7.87,26.46,12.2,1.71
5090,7.87,26.46,12.2,1.71
5095,7.87,26.46,12.2,1.71
5100,7.87,26.46,12.2,1.71
5105,7.87,26.46,12.2,1.71
5110,7.87,26.46,12.2,1.71
5115,7.87,26.46,12.2,1.71
5120,7.87,26.46,12.2,1.71
5125,7.87,26.46,12.2,1.71
5130,7.87,26.46,12.2,1.71
5135,7.87,26.46,12.2,1.71
5140,7.87,26.46,12.2,1.71
5145,7.87,26.46,12.2,1.71
5150,7.87,26.46,12.2,1.71
5155,7.87,26.46,12.2,1.71
5160,7.87,26.46,12.2,1.71
5165,7.87,26.46,12.2,1.71
5170,7.87,26.46,12.2,1.71
5175,7.87,26.46,12.2,1.71
5180,7.87,26.46,12.2,1.71
5185,7.87,26.46,12.2,1.71
5190,7.87,26.46,12.2,1.71
5195,7.87,26.46,12.2,1.71
5200,7.87,26.46,12.2,1.71
5205,7.87,26.46,12.2,1.71
5210,7.87,26.46,12.2,1.71
5215,7.87,26.46,12.2,1.71
5220,7.87,26.46,12.2,1.71
5225,7.87,26.46,12.2,1.71
5230,7.87,26.46,12.2,1.71
5235,7.87,26.46,12.2,1.71
5240,7.87,26.46,12.2,1.71
5245,7.87,26.46,12.2,1.71
5250,7.87,26.46,12.2,1.71
5255,7.87,26.46,12.2,1.71
5260,7.87,26.46,12.2,1.71
5265,7.87,26.46,12.2,1.71
5270,7.87,26.46,12.2,1.71
5275,7.87,26.46,12.2,1.71
5280,7.87,26.46,12.2,1.71
5285,7.87,26.46,12.2,1.71
5290,7.87,26.46,12.2,1.71
5295,7.87,26.46,12.2,1.71
5300,7.87,26.46,12.2,1.71
5305,7.87,26.46,12.2,1.71
5310,7.87,26.46,12.2,1.71
5315,7.87,26.46,12.2,1.71
5320,7.87,26.46,12.2,1.71
5325,7.87,26.46,12.2,1.71
5330,7.87,26.46,12.2,1.71
5335,7.87,26.46,12.2,1.71
5340,7.87,26.46,12.2,1.71
5345,7.87,26.46,12.2,1.71
5350,7.87,26.46,12.2,1.71
5355,7.87,26.46,12.2,1.71
5360,7.87,26.46,12.2,1.71
5365,7.87,26.46,12.2,1.71
5370,7.87,26.46,12.2,1.71
5375,7.87,26.46,12.2,1.71
5380,7.87,26.46,12.2,1.71
5385,7.87,26.46,12.2,1.71
5390,7.87,26.46,12.2,1.71
5395,7.87,26.46,12.2,1.71
5400,7.04,24.36,11.14,1.52
5405,7.04,24.36,11.14,1.52
5410,7.04,24.36,11.14,1.52
5415,7.04,24.36,11.14,1.52
5420,7.04,24.36,11.14,1.52
5425,7.04,24.36,11.14,1.52
5430,7.04,24.36,11.14,1.52
5435,7.04,24.36,11.14,1.52
5440,7.04,24.36,11.14,1.52
5445,7.04,24.36,11.14,1.52
5450,7.04,24.36,11.14,1.52
5455,7.04,24.36,11.14,1.52
5460,7.04,24.36,11.14,1.52
5465,7.04,24.36,11.14,1.52
5470,7.04,24.36,11.14,1.52
5475,7.04,24.36,11.14,1.52
5480,7.04,24.36,11.14,1.52
5485,7.04,24.36,11.14,1.52
5490,7.04,24.36,11.14,1.52
5495,7.04,24.36,11.14,1.52
5500,7.04,24.36,11.14,1.52
5505,7.04,24.36,11.14,1.52
5510,7.04,24.36,11.14,1.52
5515,7.04,24.36,11.14,1.52
5520,7.04,24.36,11.14,1.52
5525,7.04,24.36,11.14,1.52
5530,7.04,24.36,11.14,1.52
5535,7.04,24.36,11.14,1.52
5540,7.04,24.36,11.14,1.52
5545,7.04,24.36,11.14,1.52
5550,7.04,24.36,11.14,1.52
5555,7.04,24.36,11.14,1.52
5560,7.04,24.36,11.14,1.52
5565,7.04,24.36,11.14,1.52
5570,7.04,24.36,11.14,1.52
5575,7.04,24.36,11.14,1.52
5580,7.04,24.36,11.14,1.52
5585,7.04,24.36,11.14,1.52
5590,7.04,24.36,11.14,1.52
5595,7.04,24.36,11.14,1.52
5600,7.04,24.36,11.14,1.52
5605,7.04,24.36,11.14,1.52
5610,7.04,24.36,11.14,1.52
5615,7.04,24.36,11.14,1.52
5620,7.04,24.36,11.14,1.52
5625,7.04,24.36,11.14,1.52
5630,7.04,24.36,11.14,1.52
5635,7.04,24.36,11.14,1.52
5640,7.04,24.36,11.14,1.52
5645,7.04,24.36,11.14,1.52
5650,7.04,24.36,11.14,1.52
5655,7.04,24.36,11.14,1.52
5660,7.04,24.36,11.14,1.52
5665,7.04,24.36,11.14,1.52
5670,7.04,24.36,11.14,1.52
5675,7.04,24.36,11.14,1.52
5680,7.04,24.36,11.14,1.52
5685,7.04,24.36,11.14,1.52
5690,7.04,24.36,11.14,1.52
5695,7.04,24.36,11.14,1.52
5700,7.04,24.36,11.14,1.52
5705,7.04,24.36,11.14,1.52
5710,7.04,24.36,11.14,1.52
5715,7.04,24.36,11.14,1.52
5720,7.04,24.36,11.14,1.52
5725,7.04,24.36,11.14,1.52
5730,7.04,24.36,11.14,1.52
5735,7.04,24.36,11.14,1.52
5740,7.04,24.36,11.14,1.52
5745,7.04,24.36,11.14,1.52
5750,7.04,24.36,11.14,1.52
5755,7.04,24.36,11.14,1.52
5760,7.04,24.36,11.14,1.52
5765,7.04,24.36,11.14,1.52
5770,7.04,24.36,11.14,1.52
5775,7.04,24.36,11.14,1.52
5780,7.04,24.36,11.14,1.52
5785,7.04,24.36,11.14,1.52
5790,7.04,24.36,11.14,1.52
5795,7.04,24.36,11.14,1.52
5800,7.04,24.36,11.14,1.52
5805,7.04,24.36,11.14,1.52
5810,7.04,24.36,11.14,1.52
5815,7.04,24.36,11.14,1.52
5820,7.04,24.36,11.14,1.52
5825,7.04,24.36,11.14,1.52
5830,7.04,24.36,11.14,1.52
5835,7.04,24.36,11.14,1.52
5840,7.04,24.36,11.14,1.52
5845,7.04,24.36,11.14,1.52
5850,7.04,24.36,11.14,1.52
5855,7.04,24.36,11.14,1.52
5860,7.04,24.36,11.14,1.52
5865,7.04,24.36,11.14,1.52
5870,7.04,24.36,11.14,1.52
5875,7.04,24.36,11.14,1.52
5880,7.04,24.36,11.14,1.52
5885,7.04,24.36,11.14,1.52
5890,7.04,24.36,11.14,1.52
5895,7.04,24.36,11.14,1.52
5900,7.04,24.36,11.14,1.52
5905,7.04,24.36,11.14,1.52
5910,7.04,24.36,11.14,1.52
5915,7.04,24.36,11.14,1.52
5920,7.04,24.36,11.14,1.52
5925,7.04,24.36,11.14,1.52
5930,7.04,24.36,11.14,1.52
5935,7.04,24.36,11.14,1.52
5940,7.04,24.36,11.14,1.52
5945,7.04,24.36,11.14,1.52
5950,7.04,24.36,11.14,1.52
5955,7.04,24.36,11.14,1.52
5960,7.04,24.36,11.14,1.52
5965,7.04,24.36,11.14,1.52
5970,7.04,24.36,11.14,1.52
5975,7.04,24.36,11.14,1.52
5980,7.04,24.36,11.14,1.52
5985,7.04,24.36,11.14,1.52
5990,7.04,24.36,11.14,1.52
5995,7.04,24.36,11.14,1.52
6000,6.32,26.11,9.88,1.49
