(1,[1,5,29,248025075138.8698,nanning,tianjin]),
(2,[1,4,72,7285917956.133238,ningbo,foshan]),
(3,[1,5,12,705001551.7818723,wulanchabu,ningbo]),
(4,[1,4,66,423586390747.59814,wuxi,tianjin]),
(5,[1,4,31,289984639.9282038,ningbo,nanchang]),
(6,[1,1,58,2482235255679.7686,wuhan,guangzhou]),
(7,[1,3,76,1021305236.91896,ningbo,nanchang]),
(8,[1,4,31,1080726771317.7996,guangzhou,jinan]),
(9,[1,4,64,38256050.1368051,ningbo,foshan]),
(10,[1,1,22,41808433080.990654,taiyuan,guangzhou]),
(11,[1,5,17,271047409856.6576,wuhan,wulanchabu]),
(12,[1,1,68,180892818117.7288,hefei,shenyang]),
(13,[1,4,17,41092952409.75312,wuxi,shenyang]),
(14,[1,2,43,11368707093.089504,hefei,wulanchabu]),
(15,[1,1,22,225241943.0216378,ningbo,kunming]),
(16,[1,0,59,44763698941.543526,xiamen,tianjin]),
(17,[1,2,66,168764575068.08713,wuhan,shenyang]),
(18,[1,2,46,3811811010.0570817,nanchang,ningbo]),
(19,[1,4,53,300263901107.5024,nanning,jinan]),
(20,[1,5,82,275450683322.14606,wuxi,kunming]),
(21,[1,3,44,86703175785.66728,changchun,nanning]),
(22,[1,2,41,1105189906.0346868,hefei,guangzhou]),
(23,[1,5,88,544374670639.261,fuzhou,wulanchabu]),
(24,[1,5,75,364010656550.53033,kunming,wuxi]),
(25,[1,3,79,406912493066.0548,changsha,haerbin]),
(26,[1,2,10,17178314614.395388,kunming,shijiazhuang]),
(27,[1,2,42,225036589710.73285,haerbin,fuzhou]),
(28,[1,2,62,2017380425.5829544,xiamen,ningbo]),
(29,[1,0,11,21078669172850.105,wuhan,guiyang]),
(30,[1,5,51,97900120743284.81,guiyang,wuhan]),
(31,[1,3,51,2485694570.3040104,hefei,nanning]),
(32,[1,4,82,104242773367.71498,wuhan,shenyang]),
(33,[1,2,72,6430866389.708036,hefei,haerbin]),
(34,[1,5,83,8089309708.195546,shenyang,wenzhou]),
(35,[1,4,53,328263161970.75134,jinan,wuxi]),
(36,[1,5,59,3258491.527683015,ningbo,guiyang]),
(37,[1,3,79,229658059326.7444,guangzhou,wuxi]),
(38,[1,1,43,217492604399.48196,changsha,shijiazhuang]),
(39,[1,4,76,93467648433.45032,nanchang,tianjin]),
(40,[1,1,45,274704013.4048818,hefei,shijiazhuang]),
(41,[1,1,76,42994261538.68707,wulanchabu,wuxi]),
(42,[1,2,23,427779855.8049698,xiamen,tianjin]),
(43,[1,3,59,116579433844.53017,haerbin,nanchang]),
(44,[1,0,6,11157076758.099472,kunming,wulanchabu]),
(45,[1,1,71,1250612446.156609,guiyang,ningbo]),
(46,[1,1,71,124483626.34049803,jinan,ningbo]),
(47,[1,4,30,120944.13365030104,hefei,nanchang]),
(48,[1,1,46,14312708786.615658,kunming,shijiazhuang]),
(49,[1,2,56,16441871441.325926,guangzhou,tianjin]),
(50,[1,4,12,20571985619.21269,wuxi,changsha]),
(51,[1,0,26,100000277.22081135,foshan,ningbo]),
(52,[1,4,16,633427097.774234,haerbin,kunming]),
(53,[1,5,82,180192949850.37842,wuxi,wulanchabu]),
(54,[1,0,61,18484143809.837994,nanning,tianjin]),
(55,[1,5,62,98289324927.03114,fuzhou,wuhan]),
(56,[1,5,64,161358992.704742,hefei,tianjin]),
(57,[1,2,74,170579686326.50476,foshan,hefei]),
(58,[1,2,48,10027922.524494443,hefei,xiamen]),
(59,[1,4,50,141148.3588774328,ningbo,tianjin]),
(60,[1,0,76,216807178479.16476,guangzhou,shijiazhuang]),
(61,[1,1,87,43871025421.91751,changchun,hefei]),
(62,[1,3,86,81531601278.00902,foshan,taiyuan]),
(63,[1,0,14,23230495512.655304,wuxi,fuzhou]),
(64,[1,0,18,4400771815.422715,foshan,wuxi]),
(65,[1,3,9,96285085.16228288,nanchang,wuxi]),
(66,[1,2,43,88362678459.48036,wuhan,xiamen]),
(67,[1,5,44,4024945474.421134,tianjin,hefei]),
(68,[1,1,66,844232098.0817162,changchun,wenzhou]),
(69,[1,4,41,165705.29803905488,tianjin,ningbo]),
(70,[1,1,24,44193724.73831145,changchun,wenzhou]),
(71,[1,5,63,833998182.2145857,hefei,wulanchabu]),
(72,[1,2,90,1565401458.8734298,ningbo,shenyang]),
(73,[1,1,66,15337551998.604237,wuxi,fuzhou]),
(74,[1,1,54,108374245.91964108,hefei,wulanchabu]),
(75,[1,1,86,139023425168.3836,wuhan,taiyuan]),
(76,[1,0,70,850470825793.9547,changsha,wulanchabu]),
(77,[1,3,32,71429400.52437904,wuhan,tianjin]),
(78,[1,1,42,4875338627.290391,changchun,nanning]),
(79,[1,1,65,1246187572651.578,wulanchabu,guiyang]),
(80,[1,5,59,97853961305.38228,taiyuan,wuhan]),
(81,[1,0,7,10750269062.813053,nanning,wulanchabu]),
(82,[1,5,51,8988043862.591063,kunming,wuhan]),
(83,[1,3,10,12261160.61128123,shenyang,wuxi]),
(84,[1,2,24,243279944.62020263,taiyuan,wuxi]),
(85,[1,4,47,85168467550.3039,wulanchabu,wuhan]),
(86,[1,1,69,1357367928105.8445,guangzhou,jinan]),
(87,[1,0,50,1741813510.5272248,wuxi,wulanchabu]),
(88,[1,1,22,2950984200.5736933,nanning,taiyuan]),
(89,[1,1,78,47390012.58136966,ningbo,xiamen]),
(90,[1,2,88,1760228604.2387342,fuzhou,ningbo]),
(91,[1,5,46,6027.043680613641,hefei,nanchang]),
(92,[1,5,70,1227916195.7819722,kunming,wuxi]),
(93,[1,4,22,4470765689.765172,wuxi,guiyang]),
(94,[1,2,60,228301510362.673,guangzhou,wuhan]),
(95,[1,1,64,39029595456.12257,changchun,xiamen]),
(96,[1,3,42,106863368525.82404,shenyang,foshan]),
(97,[1,4,41,6019357805.207737,taiyuan,guiyang]),
(98,[1,5,82,145952744.22142753,guiyang,ningbo]),
(99,[1,5,21,33216944.11766493,shenyang,wenzhou]),
(100,[1,0,14,257175755.41690484,wuhan,wulanchabu]),
(101,[1,1,57,773053947.139735,nanning,tianjin]),
(102,[1,3,76,2857674128748.9956,jinan,changsha]),
(103,[1,0,70,11088431.146296369,changchun,ningbo]),
(104,[1,0,53,9275604554.007109,wulanchabu,wuxi]),
(105,[1,0,39,936609650.3518054,taiyuan,wuxi]),
(106,[1,4,53,204173354796.4933,shenyang,guiyang]),
(107,[1,5,66,37326.94411375119,ningbo,xiamen]),
(108,[1,2,42,2916779715.9340286,nanning,taiyuan]),
(109,[1,1,65,137531278.44047663,wulanchabu,wuxi]),
(110,[1,0,23,12314401570.434256,haerbin,wuhan]),
(111,[1,2,90,137195114.78583694,ningbo,kunming]),
(112,[1,2,88,384080893362.60516,tianjin,fuzhou]),
(113,[1,2,51,74908913738.96764,xiamen,wuhan]),
(114,[1,4,67,111032230.34324719,taiyuan,wenzhou]),
(115,[1,3,69,21388728525.47367,shenyang,fuzhou]),
(116,[1,3,43,887337514.421335,taiyuan,xiamen]),
(117,[1,1,50,2214139.5017625564,taiyuan,wuxi]),
(118,[1,2,31,1142449494.5230882,changsha,shenyang]),
(119,[1,4,79,8590898879.709059,wuxi,guangzhou]),
(120,[1,0,15,14508576971.264076,wulanchabu,nanchang]),
(121,[1,3,17,7880910604.645728,nanchang,haerbin]),
(122,[1,5,10,8030390233.675484,guiyang,jinan]),
(123,[1,5,34,159548761.70169038,wuhan,shenyang]),
(124,[1,2,34,576307530.8572303,haerbin,xiamen]),
(125,[1,0,51,4729095390.433305,taiyuan,wuhan]),
(126,[1,3,87,617050198.1734154,haerbin,wenzhou]),
(127,[1,1,88,71060667384.5255,jinan,xiamen]),
(128,[1,0,46,26110445392.90688,wuxi,nanning]),
(129,[1,2,84,2041792165.109476,changchun,wuxi]),
(130,[1,0,10,70096381329.36748,wuhan,nanning]),
(131,[1,4,86,586608087986.6813,nanchang,wuhan]),
(132,[1,3,34,1447532857.6828918,changsha,shijiazhuang]),
(133,[1,4,69,40825110919.161354,haerbin,kunming]),
(134,[1,5,73,906144987.0341345,hefei,haerbin]),
(135,[1,0,10,3367591320.237595,wulanchabu,foshan]),
(136,[1,3,31,322330418.9775654,nanning,hefei]),
(137,[1,0,74,9960440219.328331,jinan,fuzhou]),
(138,[1,1,30,71235763.41306496,changsha,wenzhou]),
(139,[1,2,60,12780.360079335233,ningbo,changsha]),
(140,[1,2,34,67232550.43571109,changchun,guiyang]),
(141,[1,4,35,2991835.188066975,changchun,foshan]),
(142,[1,2,49,44037487283.15535,changsha,wulanchabu]),
(143,[1,2,88,291160385358.4655,wulanchabu,nanning]),
(144,[1,5,53,1425477.681653487,changsha,wuxi]),
(145,[1,2,9,950248121.8681977,wuxi,foshan]),
(146,[1,1,43,1584857.2497400674,ningbo,foshan]),
(147,[1,1,13,141367800550.20898,jinan,wuhan]),
(148,[1,1,83,47637027629.48486,guiyang,wuxi]),
(149,[1,5,40,692447.708210248,haerbin,wenzhou]),
(150,[1,3,90,299800557.09878534,shenyang,ningbo]),
(151,[1,0,45,1263253809.2509866,wuxi,haerbin]),
(152,[1,5,69,733922890.8208773,wuhan,fuzhou]),
(153,[1,3,57,562854404.9647169,changchun,xiamen]),
(154,[1,3,87,58954314.92645801,jinan,wenzhou]),
(155,[1,0,88,14766349461.015059,nanchang,taiyuan]),
(156,[1,2,82,5375512.1120091425,ningbo,jinan]),
(157,[1,0,79,866048684.3982084,wuxi,tianjin]),
(158,[1,1,39,1652224095.1032574,nanning,shenyang]),
(159,[1,1,9,1050145305.3976392,wuxi,nanchang]),
(160,[1,1,27,12268144.175520224,nanning,wuxi]),
(161,[1,5,70,4633175843.834818,changchun,kunming]),
(162,[1,4,73,83637125938.87592,wulanchabu,guangzhou]),
(163,[1,1,41,171216.27059341694,ningbo,guiyang]),
(164,[1,1,83,67970700586.6803,wuhan,shijiazhuang]),
(165,[1,4,45,2890263.8088369714,changchun,xiamen]),
(166,[1,3,36,115959002.92809434,guangzhou,taiyuan]),
(167,[1,4,19,31673959721.437073,jinan,nanchang]),
(168,[1,3,79,159371.56492074204,ningbo,fuzhou]),
(169,[1,3,45,214404.92881445508,wuhan,tianjin]),
(170,[1,5,61,347357389.397434,haerbin,hefei]),
(171,[1,1,32,6406239.898048557,wuxi,shenyang]),
(172,[1,0,89,20736911292.48352,foshan,jinan]),
(173,[1,2,83,163434264015.22333,nanning,wulanchabu]),
(174,[1,5,67,19926740267.107346,haerbin,nanchang]),
(175,[1,5,17,10472809497.863035,changsha,jinan]),
(176,[1,5,37,69544555.22326212,wulanchabu,nanning]),
(177,[1,2,69,27610801055.75075,taiyuan,wuhan]),
(178,[1,0,11,1012592.236569138,changsha,ningbo]),
(179,[1,3,62,381241402.2815599,xiamen,hefei]),
(180,[1,3,40,201447.73731474957,taiyuan,wenzhou]),
(181,[1,5,74,41266331.306236655,wuxi,taiyuan]),
(182,[1,3,9,859049.5580114833,kunming,shenyang]),
(183,[1,0,5,2123246225.458544,changchun,changsha]),
(184,[1,2,25,615961.3823003924,wulanchabu,fuzhou]),
(185,[1,5,89,41635583378.01394,wuxi,shenyang]),
(186,[1,4,34,36371224.013319515,nanchang,hefei]),
(187,[1,0,22,7696132630.482121,guangzhou,shenyang]),
(188,[1,4,11,4425091624.773519,nanning,wuhan]),
(189,[1,1,44,119358008.18678847,fuzhou,tianjin]),
(190,[1,5,48,47667973.91950096,wulanchabu,changsha]),
(191,[1,0,84,84513676.96468472,ningbo,foshan]),
(192,[1,5,58,236830814691.286,wuhan,changsha]),
(193,[1,0,86,32396730.804807972,ningbo,tianjin]),
(194,[1,5,26,133875862981.6305,wuhan,nanchang]),
(195,[1,5,76,1151835304.7257311,haerbin,hefei]),
(196,[1,1,81,1436801214.3870494,nanchang,wuxi]),
(197,[1,0,68,5619073.081029187,wuxi,tianjin]),
(198,[1,1,50,801690.7276272705,haerbin,wenzhou]),
(199,[1,3,31,38279068728.42596,guiyang,jinan]),
(200,[1,4,34,1112791.4246146388,haerbin,wuhan]),
(201,[1,5,42,1879886.9164759486,wulanchabu,nanning]),
(202,[1,3,37,14684757.922484579,wuhan,shenyang]),
(203,[1,4,28,421795.4592299332,jinan,wenzhou]),
(204,[1,5,55,3832576.5842465213,hefei,foshan]),
(205,[1,3,60,82078481.36561404,wuxi,nanning]),
(206,[1,5,73,2001509765.0254884,changsha,shijiazhuang]),
(207,[1,3,75,126201760.21569498,foshan,shijiazhuang]),
(208,[1,4,60,6130.041517262386,tianjin,wuxi]),
(209,[1,3,12,1064221995.5853069,shenyang,foshan]),
(210,[1,0,29,56339351301.76114,jinan,changsha]),
(211,[1,3,71,284419.58062197233,wulanchabu,wuxi]),
(212,[1,4,38,69743.0090252607,wulanchabu,kunming]),
(213,[1,1,73,807293.5393249715,haerbin,wenzhou]),
(214,[1,3,87,122665508353.31482,jinan,foshan]),
(215,[1,5,56,76759.46992543769,wuxi,haerbin]),
(216,[1,2,76,211765517.42195043,foshan,shenyang]),
(217,[1,1,78,46293590155.37369,haerbin,changsha]),
(218,[1,2,64,973992.2411021476,changsha,wenzhou]),
(219,[1,1,52,4447614.909696306,hefei,fuzhou]),
(220,[1,5,69,2173461993.2259,shenyang,xiamen]),
(221,[1,1,60,385234126.49271554,jinan,xiamen]),
(222,[1,3,55,503632.2065588505,hefei,nanning]),
(223,[1,2,52,44067348.756542325,guangzhou,hefei]),
(224,[1,3,33,9259070160.733904,wuhan,haerbin]),
(225,[1,4,44,497338604.9038027,kunming,wuhan]),
(226,[1,0,71,7270631.992311306,ningbo,jinan]),
(227,[1,0,48,72420923.4044106,xiamen,wuxi]),
(228,[1,2,72,3594739437.794393,wuhan,shenyang]),
(229,[1,2,62,703628976.6537472,guangzhou,taiyuan]),
(230,[1,0,42,6239061.857944499,nanning,wuxi]),
(231,[1,4,86,5000851025.577973,nanchang,shijiazhuang]),
(232,[1,5,76,255251.29325553257,nanning,wenzhou]),
(233,[1,5,23,2384994872.176147,wuhan,foshan]),
(234,[1,4,69,233274564142.29303,tianjin,guangzhou]),
(235,[1,5,43,37756500661.67448,guiyang,jinan]),
(236,[1,4,68,7323346577.327202,changchun,nanchang]),
(237,[1,2,20,293482.01433632,taiyuan,hefei]),
(238,[1,0,57,302263757.6292462,xiamen,shenyang]),
(239,[1,2,53,19491179364.29993,guangzhou,wuhan]),
(240,[1,5,65,104994.66239141968,wuxi,nanning]),
(241,[1,5,39,11387.100808964105,wuxi,nanchang]),
(242,[1,3,62,1725980.3296259753,hefei,tianjin]),
(243,[1,1,27,302166.5898380145,changchun,kunming]),
(244,[1,3,54,2029146473.3311079,fuzhou,haerbin]),
(245,[1,2,51,1876772123.0735953,guangzhou,wuhan]),
(246,[1,3,33,14346872017.593624,jinan,kunming]),
(247,[1,4,37,95686383.58490676,foshan,jinan]),
(248,[1,2,18,75423.8666648447,shenyang,wenzhou]),
(249,[1,3,67,14810809.410224427,nanning,shijiazhuang]),
(250,[1,3,53,5176865.489131702,wuhan,shenyang]),
(251,[1,1,39,18260290.692254897,wulanchabu,kunming]),
(252,[1,3,81,1306015.524954893,fuzhou,ningbo]),
(253,[1,0,70,7419639849.687524,wulanchabu,wuhan]),
(254,[1,1,11,11819.510153221801,shenyang,wenzhou]),
(255,[1,0,50,84299779565.04358,wuhan,jinan]),
(256,[1,1,54,2884749827.835494,guangzhou,wuhan]),
(257,[1,2,32,712744.5152751481,fuzhou,shijiazhuang]),
(258,[1,0,84,895619510796.1715,guiyang,jinan]),
(259,[1,4,32,5947835807.939012,shenyang,wuhan]),
(260,[1,3,89,81904187093.93596,haerbin,guangzhou]),
(261,[1,2,43,6255682448.219706,xiamen,wuhan]),
(262,[1,2,86,4399587956.217588,taiyuan,hefei]),
(263,[1,3,49,368681.3392624422,haerbin,foshan]),
(264,[1,0,42,64703760675.322426,wuhan,guangzhou]),
(265,[1,5,74,392750.4819007434,wuxi,taiyuan]),
(266,[1,4,77,2046979657.6307626,haerbin,guiyang]),
(267,[1,0,6,9338471.880902274,wuxi,shijiazhuang]),
(268,[1,2,77,5132195.660807635,jinan,wuxi]),
(269,[1,4,55,93795242.70087235,nanchang,taiyuan]),
(270,[1,3,73,6314565635.709778,nanning,wulanchabu]),
(271,[1,2,50,46331.717987167234,guangzhou,wenzhou]),
(272,[1,5,87,147259309999.1343,wulanchabu,guangzhou]),
(273,[1,4,48,3809537294.1320567,shenyang,nanchang]),
(274,[1,0,69,16761073.051259201,wuxi,kunming]),
(275,[1,2,78,4465510071.441465,hefei,kunming]),
(276,[1,3,45,4707772211.05683,nanchang,haerbin]),
(277,[1,3,70,56302405.11023073,haerbin,guangzhou]),
(278,[1,0,12,411253.10523471504,ningbo,haerbin]),
(279,[1,1,67,51497028758.68323,tianjin,changsha]),
(280,[1,4,19,8016.258110084331,tianjin,wenzhou]),
(281,[1,5,43,2994713.5126263816,taiyuan,wuhan]),
(282,[1,4,48,170281.12074542404,nanchang,shijiazhuang]),
(283,[1,2,58,263801.77234143263,guangzhou,tianjin]),
(284,[1,0,13,46677.843296301,ningbo,kunming]),
(285,[1,2,55,583046.4970065389,wuxi,xiamen]),
(286,[1,5,34,228751023.21842736,changsha,haerbin]),
(287,[1,4,38,17032404.13196315,nanning,jinan]),
(288,[1,5,12,66549673.34452537,nanning,wuhan]),
(289,[1,0,28,1011466333.7848898,kunming,haerbin]),
(290,[1,0,87,83783986.38118471,wulanchabu,wenzhou]),
(291,[1,0,16,91019.86385884832,wuxi,foshan]),
(292,[1,5,72,29577.690206100317,nanning,ningbo]),
(293,[1,0,41,1924660074.4455967,shenyang,nanning]),
(294,[1,0,33,180089898.2926259,changchun,kunming]),
(295,[1,2,76,16086976398.641708,hefei,tianjin]),
(296,[1,3,78,9320779509.746336,wuhan,wulanchabu]),
(297,[1,5,76,154828267619.54877,jinan,nanning]),
(298,[1,5,83,1571098992.3201795,wuxi,nanning]),
(299,[1,2,77,55950.83119358611,foshan,ningbo]),
(300,[1,1,76,92725021.05599722,hefei,shijiazhuang]),
