ts,beijing_dongguan,beijing_nanjing,dongguan_beijing,dongguan_nanjing,nanjing_beijing,nanjing_dongguan
50,1.77,3.53,0.99,2.76,2.53,69.29
55,1.77,3.53,1.04,2.74,2.45,69.29
60,0.66,4.99,1.14,3.64,2.31,69.53
65,0.81,4.84,0.95,2.75,2.43,69.38
70,0.89,4.75,1.07,2.75,2.43,69.29
75,0.89,4.75,1.14,2.75,2.19,69.29
80,0.89,4.75,1.14,2.75,2.19,69.29
85,0.89,4.75,1.14,2.75,2.19,69.29
90,0.89,4.75,1.14,2.75,2.19,69.29
95,0.89,4.75,1.14,2.75,2.19,69.29
100,0.89,4.75,1.28,2.75,2.12,69.29
105,0.89,4.75,1.44,2.74,2.12,69.29
110,0.88,4.77,1.44,2.79,2.12,69.29
115,0.81,4.84,1.44,2.98,2.12,69.29
120,0.81,4.84,1.36,4.03,2.2,69.37
125,0.81,4.83,1.36,4.14,2.2,69.37
130,0.81,4.83,1.3,4.21,2.2,69.37
135,0.81,4.83,1.15,4.27,2.2,69.34
140,0.81,4.83,1.15,3.95,2.2,69.29
145,0.81,4.83,1.33,3.77,2.2,69.29
150,0.6,4.83,1.2,3.66,2.36,69.29
155,0.57,4.83,1.58,3.66,1.98,69.29
160,0.57,4.83,2.4,3.66,1.16,69.29
165,0.57,4.77,2.4,3.66,1.15,69.29
170,0.67,4.67,2.4,3.66,1.15,69.29
175,0.67,4.67,2.4,3.66,1.15,69.29
180,0.86,4.64,2.54,3.67,1.18,69.29
185,0.86,4.67,2.56,3.66,1.15,69.29
190,0.86,4.67,2.56,3.66,1.15,69.29
195,0.86,4.67,2.56,3.66,1.15,69.29
200,0.86,4.66,2.56,3.66,1.15,69.29
205,0.86,4.66,2.56,3.66,1.15,69.29
210,0.86,4.66,2.56,3.66,1.15,69.29
215,0.86,4.66,2.56,3.66,1.15,69.29
220,0.86,4.66,2.56,3.66,1.15,69.29
225,0.86,4.66,2.56,3.66,1.15,69.29
230,1.81,3.38,2.56,3.66,1.15,69.29
235,1.81,3.38,2.53,3.95,1.19,69.29
240,2.02,3.8,2.27,3.43,1.35,69.29
245,2.02,3.8,2.3,3.43,1.37,69.29
250,2.02,3.8,2.3,3.43,1.37,69.29
255,2.02,3.8,2.3,3.43,1.41,69.29
260,2.02,3.8,2.21,3.46,1.5,69.29
265,2.02,3.8,2.32,3.36,1.39,69.29
270,2.02,3.8,2.32,3.36,1.39,69.29
275,2.02,3.8,2.32,3.36,1.39,69.29
280,2.02,3.8,2.32,3.36,1.39,69.29
285,2.02,3.8,2.32,3.36,1.39,69.29
290,2.13,3.69,2.32,3.36,1.39,69.29
295,2.15,3.62,2.32,3.36,1.39,69.29
300,1.7,4.01,1.83,63.3,1.88,69.29
305,1.75,4.01,1.83,63.3,1.88,69.29
310,1.76,4.01,1.83,63.3,1.88,69.29
315,1.76,4.01,1.82,63.3,1.89,69.29
320,1.76,4.01,1.83,63.3,1.88,69.29
325,1.76,4.01,1.83,63.3,1.88,69.29
330,1.76,4.01,1.83,63.3,1.88,69.29
335,1.76,4.01,1.83,63.3,1.88,69.29
340,1.76,4.01,1.83,63.3,1.88,69.29
345,1.76,4.01,1.83,63.3,1.88,69.29
350,1.76,4.01,1.95,63.3,1.76,69.29
355,1.76,4.01,1.99,63.3,1.73,69.29
360,1.76,4.01,1.99,63.3,1.73,69.29
365,1.76,4.01,1.99,63.3,1.73,69.29
370,1.76,4.01,1.99,63.3,1.73,69.29
375,1.76,4.01,1.99,63.3,1.73,69.29
380,1.76,4.01,1.99,63.3,1.73,69.29
385,1.76,4.01,1.99,63.3,1.73,69.29
390,1.81,3.97,1.99,63.3,1.73,69.29
395,1.9,3.92,1.99,63.32,1.73,69.1
400,1.88,3.94,1.99,63.3,1.73,68.98
405,1.88,3.94,1.99,63.3,1.73,68.98
410,1.88,3.94,1.99,63.3,1.73,68.98
415,1.88,3.94,1.99,63.3,1.73,68.98
420,1.88,3.94,1.99,63.3,1.73,68.98
425,1.88,3.94,1.99,63.3,1.73,68.98
430,1.88,3.94,1.91,63.3,1.8,68.98
435,1.88,3.94,1.91,63.3,1.8,68.98
440,1.88,3.94,1.91,63.3,1.8,68.98
445,1.88,3.94,1.91,63.3,1.8,68.98
450,1.88,3.94,1.91,63.3,1.8,68.98
455,1.88,3.94,1.91,63.3,1.8,68.98
460,1.88,3.94,1.91,63.3,1.8,68.98
465,1.88,3.94,1.91,63.3,1.8,68.98
470,2.13,3.69,1.91,63.55,1.8,68.98
475,2.45,3.38,1.91,63.87,1.8,68.98
480,2.45,3.38,1.91,63.87,1.8,68.98
485,2.45,3.38,1.91,63.87,1.8,68.98
490,2.45,3.38,1.91,63.87,1.8,68.98
495,2.45,3.38,1.91,63.87,1.8,68.98
500,2.45,3.38,1.91,63.87,1.8,68.98
505,2.45,3.38,1.91,63.87,1.8,68.98
510,2.45,3.38,1.91,63.87,1.8,68.98
515,2.45,3.38,1.91,63.87,1.8,68.98
520,2.45,3.38,1.91,63.87,1.8,68.98
525,2.45,3.38,1.91,63.87,1.8,68.98
530,2.45,3.38,1.91,63.87,1.8,68.98
535,2.45,3.38,1.91,63.87,1.8,68.98
540,2.4,3.38,1.91,63.87,1.8,68.98
545,2.4,3.38,1.91,63.87,1.8,68.98
550,2.4,3.38,1.91,63.87,1.8,68.98
555,2.4,3.38,1.91,63.87,1.8,68.98
560,2.4,3.38,1.91,63.87,1.8,68.98
565,2.4,3.38,1.91,63.87,1.8,68.98
570,2.4,3.38,1.91,63.87,1.8,68.98
575,2.4,3.38,1.97,63.87,1.74,68.98
580,2.4,3.38,1.99,63.87,1.73,68.98
585,2.4,3.38,1.99,63.87,1.73,68.98
590,2.4,3.38,1.99,63.87,1.73,68.98
595,2.4,3.38,1.99,63.87,1.73,68.98
600,2.39,3.31,1.99,63.92,1.84,68.92
605,2.39,3.31,1.99,63.92,1.84,68.92
610,2.39,3.31,1.99,63.92,1.84,68.92
615,2.39,3.31,1.99,63.92,1.84,68.92
620,2.39,3.31,1.99,63.92,1.84,68.92
625,2.39,3.31,1.99,63.92,1.84,68.92
630,2.39,3.31,2.05,63.92,1.78,68.92
635,2.45,3.3,2.02,63.92,1.81,59.46
640,1.41,3.31,1.99,63.92,1.84,16.26
645,1.41,3.31,1.99,63.92,1.84,16.26
650,1.41,3.31,1.99,63.92,1.84,16.26
655,1.41,3.31,1.99,63.92,1.84,16.26
660,1.36,3.31,1.99,63.92,1.84,16.3
665,1.36,3.31,1.99,63.92,1.84,16.3
670,1.37,3.31,1.99,63.92,1.84,16.29
675,1.37,3.3,1.99,63.92,1.84,16.29
680,1.37,3.3,1.99,63.92,1.84,16.29
685,1.38,3.3,1.99,63.92,1.84,16.22
690,1.38,3.3,1.99,63.92,1.84,16.21
695,1.38,3.3,1.99,63.92,1.84,16.21
700,1.38,3.3,1.99,63.92,1.84,16.21
705,1.38,3.3,1.99,63.92,1.84,16.21
710,1.43,3.3,1.99,63.92,1.84,16.21
715,1.45,3.3,1.99,63.92,1.84,16.21
720,1.45,3.3,1.99,63.92,1.84,16.21
725,1.34,3.37,1.99,63.92,1.84,16.5
730,1.37,3.34,1.99,63.92,1.84,16.47
735,1.39,3.32,1.99,63.92,1.84,16.45
740,1.39,3.32,1.99,63.92,1.84,16.45
745,1.39,3.32,1.99,63.92,1.84,16.45
750,1.39,3.32,1.99,63.92,1.84,16.45
755,1.39,3.32,1.99,63.92,1.84,16.45
760,1.39,3.32,1.99,63.92,1.84,16.45
765,1.39,3.32,1.99,63.92,1.84,16.45
770,1.39,3.32,1.99,63.92,1.84,16.45
775,1.39,3.32,1.99,63.92,1.84,16.45
780,1.36,3.32,1.99,63.92,1.84,16.45
785,1.28,3.32,1.99,63.92,1.84,16.45
790,1.28,3.32,1.99,63.92,1.84,16.45
795,1.28,3.32,1.99,63.92,1.84,16.45
800,1.28,3.32,1.99,63.92,1.84,16.45
805,1.28,3.32,1.99,63.92,1.84,16.45
810,1.28,3.32,1.99,63.92,1.84,16.45
815,1.28,3.32,1.99,63.92,1.84,16.45
820,1.28,3.32,1.99,63.92,1.84,16.45
825,1.28,3.32,1.99,63.92,1.84,16.45
830,1.28,3.32,1.99,63.92,1.84,16.45
835,1.28,3.32,1.99,63.92,1.84,16.45
840,1.28,3.32,1.99,63.92,1.84,16.45
845,1.16,3.3,1.99,63.92,1.84,16.53
850,1.16,3.3,1.99,63.92,1.84,16.53
855,1.16,3.3,1.99,63.92,1.84,16.53
860,1.16,3.3,1.99,63.92,1.84,16.53
865,1.16,3.3,1.99,63.92,1.84,16.53
870,1.16,3.3,1.99,63.92,1.84,16.53
875,1.16,3.3,1.98,63.92,1.84,16.53
880,1.16,3.3,1.98,63.92,1.84,16.53
885,1.16,3.3,1.98,63.92,1.84,16.53
890,1.16,3.3,1.98,63.92,1.84,16.53
895,1.16,3.3,1.98,63.92,1.84,16.53
900,1.16,3.3,1.98,63.92,1.84,16.53
905,1.16,3.3,1.98,63.92,1.84,16.53
910,1.16,3.3,1.98,63.92,1.84,16.53
915,1.16,3.3,1.98,63.92,1.84,16.47
920,1.16,3.3,1.98,63.92,1.84,16.45
925,1.16,3.3,1.98,63.92,1.84,16.45
930,1.16,3.3,1.98,63.92,1.84,16.45
935,1.16,3.3,1.98,63.92,1.84,16.45
940,1.16,3.3,1.98,63.92,1.84,16.45
945,1.16,3.3,2.03,63.92,1.79,16.45
950,1.16,3.3,2.56,63.92,1.27,16.45
955,1.16,3.3,2.56,63.92,1.27,16.45
960,1.16,3.3,2.56,63.92,1.27,16.45
965,1.16,3.3,2.56,63.92,1.27,16.45
970,1.16,3.3,2.55,63.92,1.27,16.45
975,1.3,3.3,2.55,63.92,1.27,16.42
980,1.41,3.3,2.55,63.92,1.27,16.32
985,1.41,3.3,2.55,63.92,1.27,16.32
990,2.08,3.3,2.55,63.92,1.27,15.65
995,2.12,3.3,2.55,63.92,1.27,15.33
1000,2.12,3.3,2.55,63.92,1.27,15.33
1005,2.12,3.3,2.58,63.92,1.24,15.33
1010,2.12,3.3,2.63,63.92,1.19,15.28
1015,2.12,3.3,2.63,63.92,1.19,15.19
1020,2.12,3.3,2.63,63.92,1.19,15.19
1025,2.12,3.3,2.63,63.92,1.19,15.19
1030,2.12,3.3,2.63,63.92,1.19,15.19
1035,2.12,3.3,2.63,63.92,1.19,15.19
1040,2.12,3.3,2.63,63.92,1.19,15.19
1045,2.12,3.3,2.63,63.92,1.19,15.19
1050,2.12,3.3,2.63,63.92,1.19,15.19
1055,2.12,3.3,2.63,63.92,1.19,15.26
1060,2.12,3.3,2.63,63.92,1.19,15.26
1065,2.12,3.3,2.63,63.92,1.19,15.26
1070,2.12,3.3,2.63,63.92,1.19,15.26
1075,2.12,3.3,2.63,63.92,1.19,15.26
1080,2.12,3.3,2.63,63.92,1.19,15.26
1085,2.12,3.3,2.63,63.92,1.19,15.26
1090,2.12,3.3,2.63,63.92,1.19,15.26
1095,2.12,3.3,2.63,63.92,1.19,15.26
1100,2.12,3.3,2.63,63.92,1.19,15.26
1105,2.12,3.3,2.63,63.92,1.19,15.26
1110,2.12,3.3,2.63,63.92,1.19,15.26
1115,2.12,3.3,2.63,63.92,1.19,15.26
1120,2.12,3.3,2.63,63.92,1.19,15.26
1125,2.12,3.3,2.63,63.92,1.19,15.26
1130,2.12,3.3,2.63,63.92,1.19,15.26
1135,2.12,3.3,2.63,63.92,1.19,15.26
1140,2.12,3.3,2.63,63.92,1.19,15.26
1145,2.12,3.3,2.63,63.92,1.19,15.26
1150,2.12,3.3,2.63,63.92,1.19,15.26
1155,2.12,3.3,2.63,63.92,1.19,15.26
1160,2.12,3.3,2.63,63.92,1.19,15.26
1165,2.12,3.3,2.63,63.92,1.19,15.26
1170,2.12,3.3,2.63,63.92,1.19,15.26
1175,2.12,3.3,2.63,63.92,1.19,15.26
1180,2.12,3.3,2.63,63.92,1.19,15.26
1185,2.12,3.3,2.63,63.92,1.19,15.26
1190,2.12,3.3,2.63,63.92,1.19,15.26
1195,2.12,3.3,2.63,63.92,1.19,15.26
1200,2.12,3.16,2.63,63.86,1.28,15.08
1205,2.12,3.16,2.63,63.84,1.28,15.08
1210,2.12,3.16,2.63,63.83,1.28,15.08
1215,2.08,3.2,2.63,63.83,1.28,15.08
1220,2.06,3.23,2.63,63.82,1.28,15.08
1225,2.06,3.23,2.63,63.82,1.28,15.08
1230,2.06,3.23,2.63,63.81,1.28,15.08
1235,2.06,3.23,2.63,63.81,1.28,15.08
1240,2.06,3.23,2.63,63.8,1.28,15.08
1245,2.06,3.23,2.63,63.8,1.28,15.08
1250,2.05,3.23,2.63,63.8,1.28,15.08
1255,2.05,3.23,2.63,63.8,1.28,15.08
1260,2.05,3.23,2.63,63.79,1.28,15.08
1265,2.05,3.23,2.63,63.79,1.28,15.08
1270,2.05,3.23,2.63,63.79,1.28,15.08
1275,2.05,3.23,2.63,63.79,1.28,15.08
1280,2.05,3.23,2.63,63.78,1.28,15.08
1285,2.05,3.23,2.63,63.78,1.28,15.08
1290,2.05,3.23,2.63,63.78,1.28,15.08
1295,2.05,3.23,2.63,63.78,1.28,15.08
1300,2.05,3.23,2.63,63.78,1.28,15.08
1305,2.05,3.23,2.63,63.78,1.28,15.08
1310,2.05,3.23,2.63,63.77,1.28,15.08
1315,2.05,3.23,2.63,63.77,1.28,15.08
1320,2.05,3.23,2.63,63.77,1.28,15.08
1325,2.05,3.17,2.63,63.77,1.28,15.08
1330,2.05,3.16,2.63,63.77,1.28,15.08
1335,2.05,3.16,2.63,63.77,1.28,15.08
1340,2.05,3.16,2.63,63.77,1.28,15.08
1345,2.05,3.16,2.63,63.76,1.28,15.08
1350,2.05,3.16,2.63,63.76,1.28,15.08
1355,2.05,3.16,2.63,63.76,1.28,15.08
1360,2.05,3.16,2.63,63.76,1.28,15.08
1365,2.05,3.16,2.63,63.76,1.28,15.08
1370,2.05,3.16,2.63,63.76,1.28,15.08
1375,2.05,3.16,2.63,63.76,1.28,15.08
1380,2.05,3.16,2.63,63.76,1.28,15.08
1385,2.05,3.16,2.63,63.75,1.28,15.08
1390,2.05,3.16,2.63,63.75,1.28,15.06
1395,2.05,3.16,2.63,63.75,1.28,15.04
1400,2.05,3.16,2.63,63.75,1.28,15.04
1405,2.05,3.16,2.63,63.75,1.28,15.04
1410,2.05,3.16,2.63,63.75,1.28,15.04
1415,2.05,3.16,2.63,63.75,1.28,15.04
1420,2.05,3.16,2.63,63.75,1.28,15.04
1425,2.05,3.16,2.63,63.75,1.28,15.04
1430,2.05,3.16,2.63,63.75,1.28,15.04
1435,2.05,3.16,2.63,63.75,1.28,15.04
1440,2.05,3.16,2.63,63.74,1.28,15.04
1445,2.05,3.16,2.63,63.74,1.28,15.04
1450,2.05,3.16,2.63,63.74,1.28,15.04
1455,2.05,3.16,2.63,63.74,1.28,15.04
1460,2.05,3.16,2.63,63.74,1.28,15.04
1465,2.05,3.16,2.63,63.74,1.28,15.04
1470,2.05,3.16,2.63,63.74,1.28,15.04
1475,2.05,3.16,2.63,63.74,1.28,15.04
1480,2.05,3.16,2.63,63.74,1.28,15.04
1485,2.05,3.16,2.63,63.74,1.28,15.04
1490,2.05,3.16,2.63,63.74,1.28,15.04
1495,2.05,3.16,2.63,63.74,1.28,15.04
1500,2.05,3.16,2.63,63.74,1.28,15.04
1505,2.05,3.16,2.63,63.74,1.28,14.99
1510,2.05,3.16,2.63,63.74,1.28,14.8
1515,2.05,3.16,2.63,63.73,1.28,14.8
1520,2.05,3.16,2.63,63.73,1.28,14.8
1525,2.05,3.16,2.63,63.73,1.28,14.8
1530,2.05,3.16,2.63,63.73,1.28,14.8
1535,2.05,3.16,2.63,63.73,1.28,14.8
1540,2.05,3.16,2.63,63.73,1.28,14.8
1545,2.05,3.16,2.63,63.73,1.28,14.8
1550,2.05,3.16,2.63,63.73,1.28,14.8
1555,2.05,3.16,2.63,63.73,1.28,14.8
1560,2.09,3.16,2.63,63.73,1.28,14.8
1565,2.1,3.16,2.63,63.73,1.28,14.8
1570,2.1,3.16,2.63,63.73,1.28,14.8
1575,2.1,3.16,2.63,63.73,1.28,14.8
1580,2.1,3.16,2.63,63.73,1.28,14.8
1585,2.1,3.16,2.63,63.73,1.28,14.8
1590,2.1,3.16,2.63,63.73,1.28,14.8
1595,2.1,3.16,2.63,63.73,1.28,14.8
1600,2.1,3.16,2.63,63.73,1.28,14.8
1605,2.1,3.16,2.63,63.72,1.28,14.8
1610,2.1,3.16,2.63,63.72,1.28,14.8
1615,2.1,3.16,2.63,63.72,1.28,14.8
1620,2.1,3.16,2.63,63.72,1.28,14.8
1625,2.1,3.16,2.63,63.72,1.28,14.8
1630,2.1,3.16,2.63,63.72,1.28,14.8
1635,2.1,3.16,2.63,63.72,1.28,14.8
1640,2.1,3.16,2.63,63.72,1.28,14.8
1645,2.1,3.16,2.63,63.72,1.28,14.8
1650,2.1,3.16,2.63,63.72,1.28,14.8
1655,2.1,3.16,2.63,63.72,1.28,14.8
1660,2.1,3.16,2.63,63.72,1.28,14.8
1665,2.1,3.16,2.56,63.72,1.35,14.8
1670,2.1,3.16,2.4,63.72,1.5,14.75
1675,2.1,3.16,2.4,63.72,1.5,14.75
1680,2.1,3.16,2.4,63.72,1.5,14.75
1685,2.1,3.16,2.4,63.72,1.5,14.75
1690,2.1,3.16,2.4,63.72,1.5,14.75
1695,2.1,3.16,2.4,63.72,1.5,14.75
1700,2.1,3.16,2.4,63.72,1.5,14.75
1705,2.1,3.16,2.4,63.72,1.5,14.75
1710,2.1,3.16,2.4,63.72,1.5,14.75
1715,2.1,3.16,2.4,63.72,1.5,14.75
1720,2.1,3.16,2.4,63.72,1.5,14.75
1725,2.1,3.16,2.4,63.71,1.5,14.75
1730,2.1,3.16,2.4,63.71,1.5,14.75
1735,2.1,3.16,2.4,63.71,1.5,14.75
1740,2.1,3.16,2.4,63.71,1.5,14.75
1745,2.1,3.16,2.4,63.71,1.5,14.75
1750,2.1,3.16,2.4,63.71,1.5,14.75
1755,2.1,3.16,2.4,63.71,1.5,14.75
1760,2.1,3.16,2.4,63.71,1.5,14.75
1765,2.1,3.16,2.4,63.71,1.5,14.75
1770,2.1,3.16,2.4,63.71,1.5,14.75
1775,2.1,3.16,2.4,63.71,1.5,14.75
1780,2.1,3.16,2.4,63.71,1.5,14.75
1785,2.1,3.16,2.4,63.71,1.5,14.75
1790,2.1,3.16,2.4,63.71,1.5,14.75
1795,2.1,3.16,2.4,63.71,1.5,14.75
1800,2.09,3.04,2.4,63.94,1.7,14.82
1805,2.09,3.04,2.4,63.94,1.7,14.82
1810,2.09,3.04,2.4,63.94,1.7,14.82
1815,2.09,3.04,2.4,63.94,1.7,14.82
1820,2.09,3.04,2.4,63.94,1.7,14.82
1825,2.09,3.04,2.4,63.94,1.7,14.82
1830,2.09,3.04,2.4,63.94,1.7,14.82
1835,2.09,3.04,2.4,63.94,1.7,14.82
1840,2.09,3.04,2.4,63.94,1.7,14.82
1845,2.09,3.04,2.4,63.94,1.7,14.82
1850,2.09,3.04,2.4,63.94,1.7,14.82
1855,2.09,3.04,2.4,63.94,1.7,14.82
1860,2.09,3.04,2.4,63.94,1.7,14.82
1865,2.09,3.04,2.4,63.94,1.7,14.82
1870,2.09,3.04,2.4,63.94,1.7,14.82
1875,2.09,3.04,2.4,63.94,1.7,14.82
1880,2.09,3.04,2.4,63.94,1.7,14.82
1885,2.3,2.84,2.4,63.94,1.7,14.82
1890,2.41,2.72,2.4,63.94,1.7,14.82
1895,2.41,2.72,2.4,63.94,1.7,14.82
1900,2.41,2.72,2.4,63.94,1.7,14.82
1905,2.41,2.72,2.4,63.94,1.7,14.82
1910,2.41,2.72,2.4,63.94,1.7,14.82
1915,2.41,2.72,2.4,63.94,1.7,14.82
1920,2.41,2.72,2.4,63.94,1.7,14.82
1925,2.41,2.72,2.4,63.94,1.7,14.82
1930,2.41,2.72,2.4,63.94,1.7,14.82
1935,2.41,2.72,2.4,63.94,1.7,14.82
1940,2.41,2.72,2.4,63.94,1.7,14.82
1945,2.41,2.72,2.4,63.94,1.7,14.82
1950,2.41,2.72,2.4,63.94,1.7,14.82
1955,2.41,2.72,2.4,63.94,1.7,14.82
1960,2.41,2.72,2.4,63.94,1.7,14.82
1965,2.41,2.72,2.4,63.94,1.7,14.82
1970,2.41,2.72,2.4,63.94,1.7,14.82
1975,2.41,2.72,2.4,63.94,1.7,14.82
1980,2.41,2.72,2.4,63.94,1.7,14.82
1985,2.41,2.72,2.4,63.94,1.7,14.82
1990,2.41,2.72,2.4,63.94,1.7,14.82
1995,2.41,2.72,2.4,63.94,1.7,14.82
2000,2.41,2.72,2.4,63.94,1.7,14.82
2005,2.41,2.72,2.4,63.94,1.7,14.82
2010,2.41,2.72,2.4,63.94,1.7,14.82
2015,2.41,2.72,2.4,63.94,1.7,14.82
2020,2.41,2.72,2.4,63.94,1.7,14.82
2025,2.41,2.72,2.4,63.94,1.7,14.82
2030,2.41,2.72,2.4,63.94,1.7,14.82
2035,2.41,2.72,2.4,63.94,1.7,14.82
2040,2.41,2.72,2.4,63.94,1.7,14.82
2045,2.41,2.72,2.4,63.94,1.7,14.82
2050,2.41,2.72,2.4,63.94,1.7,14.82
2055,2.41,2.72,2.4,63.94,1.7,14.82
2060,2.41,2.72,2.4,63.94,1.7,14.82
2065,2.41,2.72,2.4,63.94,1.7,14.82
2070,2.41,2.72,2.4,63.94,1.7,14.82
2075,2.41,2.72,2.4,63.94,1.7,14.82
2080,2.41,2.72,2.4,63.94,1.7,14.82
2085,2.41,2.72,2.4,63.94,1.7,14.82
2090,2.41,2.72,2.4,63.94,1.7,14.82
2095,2.41,2.72,2.4,63.94,1.7,14.82
2100,2.41,2.72,2.4,63.93,1.7,14.82
2105,2.41,2.72,2.4,63.93,1.7,14.82
2110,2.41,2.72,2.4,63.93,1.7,14.82
2115,2.41,2.72,2.4,63.93,1.7,14.82
2120,2.41,2.72,2.4,63.93,1.7,14.82
2125,2.41,2.72,2.4,63.93,1.7,14.82
2130,2.41,2.72,2.4,63.93,1.7,14.82
2135,2.41,2.72,2.4,63.93,1.7,14.82
2140,2.41,2.72,2.4,63.93,1.7,14.82
2145,2.41,2.72,2.4,63.93,1.7,14.82
2150,2.41,2.72,2.4,63.93,1.7,14.82
2155,2.41,2.72,2.4,63.93,1.7,14.82
2160,2.41,2.72,2.4,63.93,1.7,14.82
2165,2.41,2.72,2.4,63.93,1.7,14.82
2170,2.41,2.72,2.4,63.93,1.7,14.82
2175,2.41,2.72,2.4,63.93,1.7,14.81
2180,2.41,2.72,2.35,63.93,1.74,14.81
2185,2.41,2.72,2.33,63.93,1.76,14.81
2190,2.41,2.72,2.33,63.93,1.76,14.81
2195,2.41,2.72,2.33,63.93,1.76,14.81
2200,2.41,2.72,2.33,63.93,1.76,14.81
2205,2.41,2.72,2.33,63.93,1.76,14.81
2210,2.41,2.72,2.33,63.93,1.76,14.81
2215,2.41,2.72,2.33,63.93,1.76,14.81
2220,2.41,2.72,2.33,63.93,1.76,14.81
2225,2.41,2.72,2.33,63.93,1.76,14.81
2230,2.41,2.72,2.33,63.93,1.76,14.81
2235,2.41,2.72,2.33,63.93,1.76,14.81
2240,2.41,2.72,2.33,63.93,1.76,14.81
2245,2.41,2.72,2.33,63.93,1.76,14.81
2250,2.41,2.72,2.34,63.93,1.75,14.81
2255,2.41,2.72,2.39,63.93,1.71,14.81
2260,2.41,2.72,2.33,63.93,1.76,14.81
2265,2.41,2.72,2.33,63.93,1.76,14.81
2270,2.41,2.72,2.33,63.93,1.76,14.81
2275,2.41,2.72,2.33,63.93,1.76,14.81
2280,2.41,2.72,2.33,63.93,1.76,14.81
2285,2.41,2.72,2.33,63.93,1.76,14.81
2290,2.41,2.72,2.33,63.93,1.76,14.81
2295,2.41,2.72,2.33,63.93,1.76,14.81
2300,2.41,2.72,2.33,63.93,1.76,14.81
2305,2.41,2.72,2.33,63.93,1.76,14.81
2310,2.41,2.72,2.33,63.93,1.76,14.81
2315,2.41,2.72,2.33,63.93,1.76,14.81
2320,2.41,2.72,2.33,63.93,1.76,14.81
2325,2.41,2.72,2.33,63.93,1.76,14.81
2330,2.41,2.72,2.33,63.93,1.76,14.81
2335,2.41,2.72,2.33,63.93,1.76,14.81
2340,2.41,2.72,2.33,63.93,1.76,14.81
2345,2.41,2.72,2.33,63.93,1.76,14.82
2350,2.41,2.72,2.33,63.93,1.76,14.82
2355,2.41,2.72,2.33,63.93,1.76,14.82
2360,2.41,2.72,2.33,63.93,1.76,14.82
2365,2.41,2.72,2.33,63.93,1.76,14.82
2370,2.41,2.72,2.33,63.93,1.76,14.82
2375,2.41,2.72,2.33,63.93,1.76,14.82
2380,2.41,2.72,2.33,63.93,1.76,14.82
2385,2.41,2.72,2.25,63.93,1.84,14.82
2390,2.41,2.72,2.32,63.93,1.77,14.82
2395,2.41,2.72,2.33,63.93,1.76,14.82
2400,2.41,2.63,2.33,64.17,2.11,14.52
2405,2.41,2.63,2.33,64.17,2.11,14.52
2410,2.41,2.63,2.33,64.17,2.11,14.52
2415,2.41,2.63,2.33,64.16,2.11,14.52
2420,2.41,2.63,2.33,64.16,2.11,14.52
2425,2.41,2.63,2.33,64.16,2.11,14.52
2430,2.41,2.63,2.33,64.16,2.11,14.52
2435,2.41,2.63,2.33,64.16,2.11,14.52
2440,2.41,2.63,2.33,64.16,2.11,14.52
2445,2.41,2.63,2.33,64.16,2.11,14.52
2450,2.41,2.63,2.33,64.16,2.11,14.52
2455,2.41,2.63,2.33,64.16,2.11,14.52
2460,2.46,2.63,2.33,64.15,2.1,14.52
2465,2.57,2.63,2.33,64.15,2.1,14.52
2470,2.57,2.63,2.33,64.15,2.1,14.52
2475,2.57,2.63,2.33,64.15,2.1,14.52
2480,2.57,2.63,2.33,64.15,2.1,14.52
2485,2.57,2.63,2.33,64.15,2.1,14.52
2490,2.57,2.63,2.33,64.15,2.1,14.52
2495,2.57,2.63,2.33,64.15,2.1,14.52
2500,2.57,2.63,2.33,64.15,2.1,14.52
2505,2.57,2.63,2.33,64.14,2.1,14.52
2510,2.57,2.63,2.33,64.14,2.1,14.52
2515,2.57,2.63,2.33,64.14,2.1,14.52
2520,2.57,2.63,2.33,64.14,2.1,14.52
2525,2.57,2.63,2.33,64.14,2.1,14.52
2530,2.57,2.63,2.33,64.14,2.1,14.52
2535,2.57,2.63,2.33,64.14,2.1,14.52
2540,2.57,2.63,2.33,64.14,2.1,14.52
2545,2.57,2.63,2.33,64.14,2.1,14.52
2550,2.57,2.63,2.33,64.14,2.1,14.52
2555,2.57,2.63,2.33,64.14,2.1,14.52
2560,2.57,2.63,2.33,64.14,2.1,14.52
2565,2.57,2.63,2.33,64.14,2.1,14.52
2570,2.57,2.63,2.33,64.14,2.1,14.52
2575,2.57,2.63,2.33,64.14,2.1,14.52
2580,2.57,2.63,2.33,64.13,2.1,14.52
2585,2.57,2.63,2.33,64.13,2.1,14.46
2590,2.57,2.63,2.33,64.13,2.1,14.46
2595,2.57,2.63,2.33,64.13,2.1,14.46
2600,2.57,2.63,2.33,64.13,2.1,14.46
2605,2.57,2.63,2.33,64.13,2.1,14.46
2610,2.57,2.63,2.33,64.13,2.1,14.46
2615,2.57,2.63,2.33,64.13,2.1,14.46
2620,2.57,2.63,2.33,64.13,2.1,14.46
2625,2.57,2.63,2.33,64.13,2.1,14.46
2630,2.57,2.63,2.33,64.13,2.1,14.46
2635,2.57,2.63,2.33,64.13,2.1,14.46
2640,2.57,2.63,2.33,64.12,2.1,14.46
2645,2.57,2.63,2.33,64.12,2.1,14.46
2650,2.56,2.63,2.33,64.12,2.1,14.46
2655,2.56,2.63,2.33,64.12,2.1,14.46
2660,2.56,2.63,2.33,64.12,2.1,14.46
2665,2.56,2.63,2.33,64.12,2.1,14.46
2670,2.56,2.63,2.28,64.12,2.16,14.41
2675,2.56,2.63,2.27,64.12,2.17,14.4
2680,2.56,2.63,2.27,64.12,2.17,14.4
2685,2.56,2.63,2.27,64.12,2.17,14.4
2690,2.56,2.63,2.27,64.12,2.17,14.4
2695,2.57,2.63,2.27,64.12,2.17,14.4
2700,2.57,2.63,2.27,64.12,2.17,14.4
2705,2.57,2.63,2.27,64.12,2.17,14.4
2710,2.57,2.63,2.27,64.12,2.17,14.4
2715,2.57,2.63,2.27,64.12,2.17,14.4
2720,2.57,2.63,2.27,64.12,2.17,14.4
2725,2.57,2.63,2.27,64.12,2.17,14.4
2730,2.57,2.63,2.27,64.12,2.17,14.4
2735,2.57,2.63,2.27,64.11,2.17,14.4
2740,2.57,2.63,2.27,64.11,2.17,14.4
2745,2.57,2.63,2.27,64.11,2.17,14.4
2750,2.57,2.63,2.27,64.11,2.17,14.4
2755,2.57,2.63,2.27,64.11,2.17,14.4
2760,2.57,2.63,2.27,64.11,2.17,14.4
2765,2.57,2.63,2.27,64.11,2.17,14.4
2770,2.57,2.63,2.27,64.11,2.17,14.4
2775,2.57,2.63,2.27,64.11,2.17,14.4
2780,2.57,2.63,2.27,64.11,2.17,14.4
2785,2.57,2.69,2.27,42.08,2.17,14.4
2790,2.57,2.69,2.11,5.3,2.32,14.4
2795,2.57,2.69,2.11,5.3,2.32,14.4
2800,2.57,2.69,2.11,5.3,2.32,14.4
2805,2.57,2.69,2.11,5.3,2.32,14.4
2810,2.57,2.69,2.11,5.3,2.32,14.4
2815,2.57,2.69,2.11,5.3,2.32,14.4
2820,2.57,2.69,2.11,5.3,2.32,14.4
2825,2.57,2.69,2.11,5.3,2.32,14.4
2830,2.57,2.69,2.11,5.3,2.32,14.4
2835,2.57,2.69,2.11,5.3,2.32,14.4
2840,2.57,2.69,2.11,5.3,2.32,14.4
2845,2.57,2.69,2.11,5.3,2.32,14.4
2850,2.57,2.69,2.11,5.3,2.32,14.4
2855,2.57,2.69,2.11,5.3,2.32,14.4
2860,2.57,2.69,2.11,5.3,2.32,14.4
2865,2.57,2.69,2.11,5.3,2.32,14.4
2870,2.57,2.69,2.11,5.3,2.32,14.4
2875,2.57,2.69,2.11,5.3,2.32,14.4
2880,2.57,2.69,2.11,5.3,2.32,14.4
2885,2.57,2.69,2.11,5.3,2.32,14.4
2890,2.57,2.69,2.11,5.2,2.32,14.4
2895,2.57,2.69,2.11,5.16,2.32,14.4
2900,2.57,2.69,2.11,5.16,2.32,14.4
2905,2.57,2.69,2.11,5.16,2.32,14.4
2910,2.57,2.69,2.11,5.16,2.32,14.4
2915,2.57,2.69,2.11,5.16,2.32,14.4
2920,2.57,2.69,2.11,5.16,2.32,14.4
2925,2.57,2.69,1.86,5.16,2.57,14.4
2930,2.57,2.69,1.47,5.16,2.97,14.4
2935,2.57,2.69,1.47,5.16,2.97,14.4
2940,2.57,2.69,1.47,5.16,2.97,14.4
2945,2.57,2.69,1.47,5.16,2.97,14.4
2950,2.57,2.69,1.47,5.16,2.37,14.4
2955,2.57,2.69,1.47,5.16,2.32,14.4
2960,2.57,2.69,1.47,5.16,2.32,14.4
2965,2.57,2.69,1.47,5.16,2.32,14.4
2970,2.46,2.69,1.47,5.16,2.32,14.4
2975,2.46,2.69,1.47,5.16,2.32,14.4
2980,2.46,2.69,1.47,5.16,2.32,14.4
2985,2.46,2.69,1.47,5.04,2.32,14.4
2990,2.46,2.69,1.47,4.98,2.32,14.4
2995,2.46,2.69,1.47,4.98,2.32,14.4
3000,2.45,2.56,1.46,4.98,2.37,13.92
3005,2.45,2.56,1.46,4.98,2.37,13.92
3010,2.45,2.56,1.46,4.98,2.37,13.92
3015,2.45,2.56,1.46,4.98,2.37,13.92
3020,2.45,2.56,1.46,4.98,2.37,13.92
3025,2.45,2.56,1.46,4.98,2.37,13.92
3030,2.45,2.56,1.46,4.28,2.37,13.92
3035,2.45,2.56,1.62,3.94,2.22,13.92
3040,2.45,2.56,1.62,3.94,2.22,13.92
3045,2.45,2.56,1.62,3.94,2.22,13.92
3050,2.45,2.56,1.61,3.94,2.22,13.92
3055,2.45,2.56,1.61,3.94,2.22,13.92
3060,2.45,2.56,1.61,3.94,2.22,13.92
3065,2.45,2.56,1.61,3.88,2.22,13.92
3070,2.45,2.56,1.61,3.88,2.22,13.92
3075,2.45,2.56,1.61,3.88,2.22,13.92
3080,2.45,2.56,1.61,3.88,2.22,13.92
3085,2.45,2.56,1.61,3.88,2.22,13.92
3090,2.45,2.56,1.61,3.88,2.22,13.92
3095,2.45,2.56,1.61,3.88,2.22,13.92
3100,2.45,2.56,1.61,3.88,2.22,13.92
3105,2.45,2.56,1.61,3.88,2.22,13.92
3110,2.45,2.56,1.61,3.88,2.22,13.92
3115,2.45,2.56,1.61,3.88,2.22,13.92
3120,2.45,2.56,1.61,3.88,2.22,13.92
3125,2.45,2.56,1.61,3.88,2.22,13.92
3130,2.45,2.56,1.61,3.88,2.22,13.92
3135,2.45,2.56,1.61,3.88,2.22,13.92
3140,2.45,2.56,1.61,3.88,2.22,13.92
3145,2.45,2.56,1.61,3.88,2.22,13.92
3150,2.45,2.56,1.71,3.78,2.26,13.92
3155,2.45,2.56,1.78,3.78,2.37,13.92
3160,2.45,2.56,1.78,3.78,2.37,13.92
3165,2.45,2.56,1.78,3.78,2.37,13.92
3170,2.45,2.56,1.78,3.78,2.37,13.92
3175,2.45,2.56,1.78,3.78,2.37,13.92
3180,2.42,2.56,1.78,3.78,2.37,13.92
3185,2.27,2.56,1.78,3.78,2.37,13.92
3190,2.27,2.56,1.78,3.78,2.37,13.92
3195,2.27,2.56,1.78,3.78,2.37,13.92
3200,2.27,2.56,1.78,3.78,2.37,13.92
3205,2.27,2.56,1.78,3.78,2.37,13.92
3210,2.27,2.56,1.78,3.78,2.37,13.92
3215,2.27,2.56,1.78,3.78,2.37,13.92
3220,2.27,2.56,1.78,3.78,2.37,13.92
3225,2.27,2.56,1.78,3.78,2.37,13.92
3230,2.27,2.56,1.78,3.78,2.37,13.92
3235,2.27,2.56,1.78,3.78,2.37,13.92
3240,2.27,2.56,1.78,3.78,2.37,13.92
3245,2.27,2.56,1.78,3.78,2.37,13.92
3250,2.27,2.56,1.78,3.78,2.37,13.92
3255,2.27,2.56,1.78,3.78,2.37,13.92
3260,2.27,2.56,1.78,3.78,2.37,13.92
3265,2.27,2.56,1.78,3.78,2.37,13.92
3270,2.27,2.56,1.78,3.78,2.37,13.92
3275,2.27,2.56,1.78,3.78,2.37,13.92
3280,2.27,2.56,1.78,3.78,2.37,13.92
3285,2.27,2.56,1.78,3.78,2.37,13.92
3290,2.27,2.57,1.78,3.78,2.37,13.92
3295,2.27,2.57,1.78,3.78,2.37,13.92
3300,2.27,2.57,1.78,3.78,2.37,13.92
3305,2.27,2.57,1.78,3.78,2.37,13.92
3310,2.27,2.57,1.78,3.78,2.37,13.92
3315,2.27,2.57,1.78,3.78,2.37,13.92
3320,2.27,2.57,1.78,3.78,2.37,13.92
3325,2.27,2.57,1.78,3.78,2.37,13.92
3330,2.27,2.57,1.78,3.78,2.37,13.92
3335,2.27,2.57,1.78,3.78,2.37,13.92
3340,2.27,2.57,1.78,3.78,2.37,13.92
3345,2.27,2.57,1.78,3.78,2.37,13.92
3350,2.27,2.57,1.78,3.78,2.37,13.92
3355,2.27,2.57,1.78,3.78,2.37,13.92
3360,2.27,2.57,1.78,3.78,2.37,13.92
3365,2.27,2.57,1.78,3.78,2.37,13.92
3370,2.27,2.57,1.78,3.78,2.37,13.92
3375,2.27,2.57,1.78,3.78,2.37,13.92
3380,2.27,2.57,1.78,3.78,2.37,13.92
3385,2.27,2.57,1.78,3.78,2.37,13.92
3390,2.27,2.57,1.78,3.78,2.37,13.92
3395,2.27,2.57,1.78,3.78,2.37,13.92
3400,2.27,2.57,1.78,3.78,2.37,13.92
3405,2.33,2.57,1.78,3.78,2.37,13.92
3410,2.33,2.57,1.78,3.78,2.37,13.92
3415,2.33,2.57,1.78,3.78,2.37,13.92
3420,2.33,2.57,1.78,3.78,2.37,13.92
3425,2.33,2.57,1.78,3.78,2.37,13.92
3430,2.33,2.57,1.78,3.78,2.37,13.92
3435,2.33,2.57,1.78,3.78,2.37,13.92
3440,2.33,2.57,1.78,3.78,2.37,13.92
3445,2.33,2.57,1.78,3.78,2.37,13.92
3450,2.33,2.57,1.78,3.78,2.37,13.92
3455,2.33,2.57,1.78,3.78,2.37,13.92
3460,2.33,2.57,1.78,3.78,2.37,13.92
3465,2.33,2.57,1.78,3.78,2.36,13.92
3470,2.33,2.57,1.78,3.78,2.36,13.92
3475,2.33,2.57,1.78,3.78,2.36,13.92
3480,2.33,2.57,1.78,3.78,2.36,13.92
3485,2.45,2.57,1.78,3.78,2.36,12.68
3490,2.45,2.57,1.78,3.78,2.36,12.68
3495,2.45,2.57,1.77,3.78,2.36,12.68
3500,2.45,2.57,1.77,3.78,2.36,12.68
3505,2.45,2.57,1.77,3.78,2.36,12.68
3510,2.45,2.57,1.77,3.78,2.36,12.68
3515,2.45,2.57,1.97,3.58,2.36,12.68
3520,2.45,2.57,1.99,3.57,2.36,12.68
3525,2.45,2.57,1.99,3.57,2.36,12.68
3530,2.45,2.57,1.99,3.57,2.36,12.68
3535,2.45,2.57,1.99,3.57,2.36,12.68
3540,2.45,2.57,1.99,3.57,2.36,12.68
3545,2.45,2.57,1.99,3.57,2.36,12.68
3550,2.45,2.57,1.99,3.57,2.36,12.68
3555,2.45,2.57,1.99,3.57,2.36,12.68
3560,2.45,2.57,1.99,3.57,2.36,12.68
3565,2.45,2.57,1.99,3.57,2.36,12.68
3570,2.45,2.57,1.99,3.57,2.36,12.68
3575,2.45,2.57,1.99,3.57,2.36,12.68
3580,2.45,2.57,1.99,3.57,2.36,12.68
3585,2.45,2.57,1.99,3.57,2.36,12.68
3590,2.45,2.57,1.99,3.57,2.36,12.68
3595,2.45,2.57,1.99,3.57,2.36,12.68
3600,2.44,2.71,1.98,3.64,2.33,12.4
3605,2.44,2.71,1.98,3.64,2.22,12.4
3610,2.44,2.71,1.98,3.64,2.22,12.4
3615,2.44,2.71,1.98,3.64,2.22,12.4
3620,2.44,2.71,1.98,3.64,2.22,12.4
3625,2.44,2.71,1.98,3.64,2.22,12.4
3630,2.44,2.71,1.98,3.64,2.22,12.4
3635,2.44,2.71,1.98,3.64,2.22,12.4
3640,2.44,2.71,1.98,3.64,2.22,12.4
3645,2.44,2.71,1.98,3.64,2.22,12.4
3650,2.44,2.71,1.98,3.64,2.22,12.4
3655,2.44,2.71,1.98,3.64,2.22,12.4
3660,2.44,2.71,1.98,3.64,2.22,12.4
3665,2.44,2.71,1.98,3.64,2.22,12.4
3670,2.44,2.71,1.98,3.64,2.22,12.4
3675,2.44,2.71,1.98,3.64,2.22,12.4
3680,2.44,2.71,1.98,3.64,2.22,12.4
3685,2.44,2.71,1.98,3.64,2.22,12.4
3690,2.44,2.71,1.98,3.64,2.22,12.4
3695,2.44,2.71,1.98,3.64,2.22,12.4
3700,2.44,2.71,1.98,3.64,2.22,12.4
3705,2.44,2.71,1.98,3.64,2.22,12.4
3710,2.44,2.71,1.98,3.64,2.22,12.4
3715,2.44,2.71,1.98,3.64,2.22,12.4
3720,2.44,2.71,1.98,3.64,2.22,12.4
3725,2.44,2.71,1.98,3.64,2.22,12.4
3730,2.41,2.74,1.98,3.64,2.22,12.4
3735,2.38,2.77,1.98,3.64,2.22,12.4
3740,2.38,2.77,1.98,3.64,2.22,12.4
3745,2.38,2.77,1.98,3.64,2.22,12.4
3750,2.38,2.77,1.98,3.64,2.22,12.4
3755,2.38,2.77,1.98,3.64,2.22,12.4
3760,2.38,2.77,1.98,3.64,2.22,12.4
3765,2.38,2.77,1.98,3.64,2.22,12.4
3770,2.38,2.77,1.98,3.64,2.22,12.4
3775,2.38,2.77,1.98,3.64,2.22,12.4
3780,2.38,2.77,1.98,3.64,2.22,12.4
3785,2.38,2.75,1.98,3.64,2.22,12.4
3790,2.38,2.71,1.98,3.64,2.22,12.4
3795,2.38,2.71,1.98,3.64,2.22,12.4
3800,2.38,2.71,1.98,3.64,2.22,12.4
3805,2.38,2.71,1.98,3.64,2.22,12.4
3810,2.38,2.71,1.98,3.64,2.22,12.4
3815,2.38,2.71,1.98,3.64,2.23,12.38
3820,2.38,2.71,1.98,3.64,2.26,12.36
3825,2.38,2.71,1.98,3.64,2.26,12.36
3830,2.38,2.71,1.98,3.64,2.26,12.36
3835,2.38,2.71,1.98,3.64,2.26,12.36
3840,2.38,2.71,1.98,3.64,2.26,12.36
3845,2.38,2.71,1.98,3.64,2.26,12.36
3850,2.38,2.71,1.98,3.64,2.26,12.36
3855,2.38,2.71,1.98,3.64,2.26,12.36
3860,2.38,2.71,1.98,3.64,2.26,12.36
3865,2.38,2.71,1.98,3.64,2.26,12.36
3870,2.38,2.71,1.98,3.64,2.26,12.36
3875,2.38,2.71,1.98,3.64,2.26,12.36
3880,2.38,2.71,1.98,3.64,2.26,12.36
3885,2.38,2.71,1.98,3.64,2.26,12.36
3890,2.38,2.71,1.98,3.64,2.26,12.36
3895,2.38,2.71,1.98,3.64,2.26,12.36
3900,2.38,2.71,1.98,3.64,2.26,12.36
3905,2.38,2.71,1.98,3.64,2.26,12.36
3910,2.38,2.71,1.98,3.64,2.26,12.36
3915,2.38,2.71,1.98,3.64,2.26,12.36
3920,2.38,2.71,1.98,3.64,2.26,12.36
3925,2.38,2.71,1.98,3.64,2.26,12.36
3930,2.38,2.71,1.98,3.64,2.26,12.36
3935,2.38,2.71,1.98,3.64,2.26,12.36
3940,2.38,2.71,1.98,3.64,2.26,12.36
3945,2.38,2.71,1.98,3.64,2.26,12.36
3950,2.38,2.71,1.98,3.64,2.26,12.36
3955,2.38,2.71,1.98,3.64,2.26,12.36
3960,2.38,2.71,1.98,3.64,2.26,12.36
3965,2.38,2.71,2.02,3.4,2.26,12.36
3970,2.2,2.9,2.02,3.4,2.26,12.36
3975,2.2,2.9,2.02,3.4,2.26,12.36
3980,2.2,2.9,2.02,3.4,2.26,12.36
3985,2.2,2.9,2.02,3.4,2.26,12.36
3990,2.2,2.9,1.91,3.4,2.26,12.36
3995,2.2,2.9,1.91,3.4,2.26,12.36
4000,2.2,2.9,1.91,3.4,2.26,12.36
4005,2.2,2.9,1.91,3.4,2.26,12.36
4010,2.2,2.9,1.91,3.4,2.26,12.36
4015,2.2,2.9,1.91,3.4,2.26,12.36
4020,2.2,2.9,1.91,3.4,2.26,12.36
4025,2.2,2.9,1.91,3.4,2.26,12.36
4030,2.2,2.9,1.91,3.4,2.26,12.36
4035,2.2,2.9,1.91,3.4,2.26,12.36
4040,2.2,2.9,1.91,3.4,2.26,12.36
4045,2.2,2.9,1.91,3.4,2.26,12.36
4050,2.2,2.9,1.91,3.4,2.26,12.36
4055,2.2,2.9,1.91,3.4,2.26,12.36
4060,2.2,2.9,1.91,3.4,2.15,12.46
4065,2.2,2.9,1.91,3.4,2.11,12.5
4070,2.2,2.9,1.91,3.4,2.11,12.5
4075,2.2,2.9,2.05,3.4,2.11,12.5
4080,2.2,2.9,2.05,3.4,2.11,12.5
4085,2.2,2.9,2.05,3.4,2.15,12.5
4090,2.2,2.9,2.05,3.4,2.15,12.5
4095,2.2,2.9,2.05,3.4,2.15,12.5
4100,2.2,2.9,2.05,3.4,2.15,12.5
4105,2.2,2.9,2.05,3.4,2.15,12.5
4110,2.2,2.9,2.05,3.4,2.15,12.5
4115,2.2,2.9,2.05,3.4,2.15,12.5
4120,2.2,2.9,2.05,3.4,2.15,12.5
4125,2.19,2.9,2.05,3.4,2.15,12.5
4130,2.19,2.9,2.05,3.4,2.15,12.5
4135,2.19,2.9,2.05,3.4,2.15,12.5
4140,2.19,2.9,2.05,3.4,2.15,12.5
4145,2.07,2.84,2.05,3.4,2.15,12.5
4150,2.07,2.84,2.05,3.4,2.15,12.5
4155,2.15,2.75,2.05,3.48,2.15,12.5
4160,2.26,2.65,2.05,3.58,2.15,12.5
4165,2.26,2.65,2.05,3.58,2.15,12.5
4170,2.26,2.65,2.05,3.58,2.15,12.5
4175,2.26,2.65,2.05,3.58,2.12,12.5
4180,2.26,2.65,2.05,3.58,2.0,12.5
4185,2.26,2.65,2.05,3.58,2.0,12.5
4190,2.26,2.65,2.05,3.58,2.0,12.5
4195,2.26,2.65,2.05,3.58,2.0,12.5
4200,2.25,2.54,2.04,4.0,1.98,12.32
4205,2.25,2.54,2.04,4.0,1.98,12.32
4210,2.25,2.54,2.04,4.0,1.98,12.32
4215,2.25,2.54,2.04,4.0,1.98,12.32
4220,2.25,2.54,2.04,4.0,1.98,12.32
4225,2.25,2.54,2.04,4.0,1.98,12.32
4230,2.25,2.54,2.04,4.0,1.98,12.32
4235,2.25,2.54,2.04,4.0,1.98,12.32
4240,2.25,2.54,2.04,4.0,1.98,12.32
4245,2.25,2.54,2.04,4.0,1.98,12.32
4250,2.25,2.54,2.04,4.0,1.98,12.32
4255,2.25,2.54,2.04,4.0,1.98,12.32
4260,2.25,2.54,2.04,4.0,1.97,12.32
4265,2.25,2.54,2.04,4.0,1.97,12.32
4270,2.25,2.54,2.04,4.0,1.97,12.32
4275,2.25,2.54,2.04,4.0,1.97,12.32
4280,2.25,2.54,2.04,4.0,1.97,12.32
4285,2.25,2.54,2.04,4.0,1.97,12.32
4290,2.25,2.54,2.04,4.0,1.97,12.32
4295,2.25,2.54,2.04,4.0,1.97,12.32
4300,2.25,2.54,2.04,4.0,1.97,12.32
4305,2.25,2.54,2.04,4.0,1.97,12.32
4310,2.25,2.54,2.04,4.0,1.97,12.32
4315,2.25,2.54,2.04,4.0,1.97,12.32
4320,2.25,2.54,2.04,4.0,1.97,12.32
4325,2.25,2.54,2.04,4.0,1.97,12.32
4330,2.25,2.54,2.04,4.0,1.97,12.32
4335,2.25,2.54,2.04,4.0,1.97,12.32
4340,2.25,2.54,2.04,4.0,1.97,12.32
4345,2.25,2.54,2.04,4.0,1.97,12.32
4350,2.25,2.54,2.04,4.0,1.97,12.32
4355,2.25,2.54,2.04,4.0,1.97,12.32
4360,2.25,2.54,2.04,4.0,1.97,12.32
4365,2.25,2.54,2.04,4.0,1.97,12.32
4370,2.25,2.54,2.04,4.0,1.97,12.32
4375,2.25,2.54,2.04,4.0,1.97,12.32
4380,2.25,2.54,2.04,4.0,1.97,12.32
4385,2.25,2.54,2.04,4.0,1.97,12.32
4390,2.25,2.54,2.04,4.0,1.98,12.32
4395,2.25,2.54,2.04,4.0,1.98,12.31
4400,2.25,2.54,2.03,4.0,1.98,12.31
4405,2.25,2.54,2.03,4.0,1.98,12.31
4410,2.25,2.54,2.03,4.0,1.98,12.31
4415,2.25,2.54,2.03,4.0,1.98,12.31
4420,2.25,2.54,2.03,4.0,1.98,12.31
4425,2.25,2.54,2.03,4.0,1.98,12.31
4430,2.25,2.54,2.03,4.0,1.98,12.31
4435,2.23,2.54,2.03,4.0,1.98,12.31
4440,2.0,2.54,2.03,4.0,1.98,12.31
4445,1.99,2.6,2.03,3.93,1.98,12.31
4450,2.0,2.6,2.03,3.93,1.98,12.31
4455,2.0,2.6,2.03,3.93,1.98,12.31
4460,2.0,2.6,2.03,3.93,1.98,12.31
4465,2.0,2.6,2.03,3.93,1.98,12.31
4470,2.0,2.6,2.03,3.93,1.98,12.31
4475,2.0,2.6,2.03,3.93,1.98,12.31
4480,1.99,2.6,2.03,3.93,1.98,12.31
4485,1.99,2.6,2.03,3.93,1.98,12.31
4490,1.99,2.6,2.03,3.93,1.98,12.31
4495,1.99,2.6,2.03,3.93,1.98,12.31
4500,1.99,2.6,2.03,3.93,1.98,12.31
4505,1.99,2.6,2.03,3.93,1.98,12.31
4510,1.99,2.6,2.03,3.93,1.98,12.31
4515,1.99,2.6,2.03,3.93,1.98,12.31
4520,1.99,2.6,2.03,3.93,1.98,12.31
4525,1.99,2.6,2.03,3.93,1.98,12.31
4530,1.99,2.6,2.03,3.93,1.98,12.31
4535,1.99,2.6,2.03,3.93,1.98,12.31
4540,1.99,2.6,2.03,3.93,1.98,12.31
4545,1.99,2.6,2.03,3.93,1.98,12.31
4550,1.99,2.6,2.03,3.93,1.98,12.31
4555,1.99,2.6,2.02,3.95,1.99,12.31
4560,1.99,2.6,1.79,4.18,2.01,12.31
4565,0.91,2.6,1.66,4.18,1.94,12.31
4570,0.91,2.6,1.66,4.18,1.94,12.31
4575,0.91,2.6,1.66,4.18,1.94,12.31
4580,0.91,2.6,1.66,4.17,1.94,12.31
4585,0.91,2.6,1.66,4.17,1.94,12.31
4590,0.91,2.6,1.66,4.17,1.94,12.31
4595,0.91,2.6,1.66,4.17,1.94,12.31
4600,0.91,2.6,1.66,4.17,1.94,12.31
4605,0.91,2.6,1.66,4.17,1.94,12.31
4610,0.91,2.6,1.66,4.17,1.94,12.31
4615,0.91,2.6,1.66,4.17,1.94,12.31
4620,0.91,2.6,1.66,4.17,1.94,12.31
4625,0.91,2.6,1.53,4.17,1.94,12.31
4630,0.91,2.6,1.5,4.17,1.94,12.31
4635,0.91,2.6,1.5,4.17,1.94,12.31
4640,0.91,2.6,1.5,4.17,1.94,12.31
4645,0.91,2.6,1.5,4.17,1.94,12.31
4650,0.91,2.6,1.5,4.17,1.94,12.31
4655,0.91,2.6,1.5,4.17,1.94,12.31
4660,0.91,2.6,1.5,4.17,1.94,12.31
4665,0.91,2.6,1.5,4.17,1.94,12.31
4670,0.91,2.6,1.5,4.17,1.94,12.31
4675,0.91,2.6,1.5,4.17,1.94,12.31
4680,0.91,2.6,1.5,4.17,1.94,12.31
4685,0.91,2.6,1.5,4.17,1.94,12.31
4690,0.91,2.6,1.5,4.17,1.94,12.31
4695,0.91,2.6,1.5,4.17,1.94,12.31
4700,0.91,2.6,1.5,4.17,1.94,12.31
4705,0.91,2.6,1.5,4.17,1.94,12.31
4710,0.91,2.6,1.5,4.17,1.94,12.31
4715,0.91,2.6,1.5,4.17,1.94,12.31
4720,0.91,2.6,1.5,4.17,1.94,12.31
4725,0.91,2.6,1.5,4.17,1.94,12.31
4730,0.91,2.6,1.5,4.17,1.94,12.31
4735,0.91,2.6,1.5,4.17,1.94,12.31
4740,0.91,2.6,1.5,4.17,1.94,12.31
4745,0.91,2.6,1.5,3.85,1.94,12.31
4750,0.91,2.6,1.5,3.85,1.94,12.31
4755,0.91,2.6,1.5,3.85,1.94,12.31
4760,0.91,2.6,1.5,3.85,1.94,12.31
4765,0.91,2.6,1.5,3.85,1.94,12.31
4770,0.91,2.6,1.5,3.85,1.94,12.31
4775,0.91,2.6,1.5,3.85,1.94,12.31
4780,0.91,2.6,1.5,3.85,1.94,12.31
4785,0.91,2.6,1.5,3.85,1.94,12.31
4790,0.91,2.6,1.5,3.85,1.94,12.31
4795,0.91,2.6,1.5,3.85,1.94,12.31
4800,0.91,2.49,1.5,3.81,1.91,12.26
4805,0.91,2.49,1.5,3.81,1.91,12.26
4810,0.91,2.49,1.5,3.81,1.91,12.26
4815,0.91,2.49,1.5,3.81,1.91,12.26
4820,0.91,2.49,1.5,3.81,1.91,12.26
4825,0.91,2.49,1.5,3.81,1.91,12.26
4830,0.91,2.49,1.5,3.81,1.91,12.26
4835,0.91,2.49,1.5,3.81,1.91,12.26
4840,0.91,2.49,1.5,3.81,1.91,12.26
4845,0.91,2.49,1.5,3.81,1.91,12.26
4850,0.91,2.49,1.5,3.81,1.91,12.26
4855,0.91,2.49,1.5,3.81,1.91,12.26
4860,0.91,2.49,1.5,3.81,1.91,12.26
4865,0.91,2.49,1.5,3.81,1.91,12.26
4870,0.91,2.49,1.5,3.81,1.91,12.26
4875,0.91,2.49,1.5,3.81,1.91,12.26
4880,0.91,2.49,1.5,3.81,1.91,12.26
4885,0.91,2.49,1.5,3.81,1.91,12.26
4890,0.91,2.49,1.5,3.81,1.91,12.26
4895,0.91,2.49,1.5,3.81,1.91,12.26
4900,0.91,2.49,1.49,3.81,1.91,12.26
4905,0.91,2.49,1.49,3.81,1.91,12.26
4910,0.91,2.49,1.49,3.81,1.91,12.26
4915,0.91,2.49,1.49,3.81,1.91,12.26
4920,0.91,2.49,1.49,3.81,1.91,12.26
4925,0.91,2.49,1.49,3.81,1.89,12.11
4930,0.91,2.49,1.49,3.81,1.89,12.11
4935,0.91,2.49,1.49,3.81,1.89,12.11
4940,0.91,2.49,1.49,3.81,1.89,12.11
4945,0.91,2.49,1.49,3.81,1.89,12.11
4950,0.81,2.49,1.49,3.81,1.89,12.11
4955,0.75,2.49,1.49,3.81,1.89,12.11
4960,0.75,2.49,1.49,3.81,1.89,12.11
4965,0.75,2.49,0.82,3.81,1.89,12.11
4970,0.75,2.49,0.38,3.81,1.89,12.11
4975,0.75,2.49,0.38,3.81,1.89,12.11
4980,0.75,2.49,0.38,3.81,1.89,12.11
4985,0.75,2.49,0.38,3.81,1.89,12.11
4990,0.75,2.49,0.38,3.81,1.89,12.11
4995,0.75,2.49,0.38,3.81,1.89,12.11
5000,0.75,2.49,0.38,3.81,1.89,12.11
5005,0.75,2.49,0.38,3.81,1.89,12.11
5010,0.75,2.49,0.38,3.81,1.89,12.11
5015,0.75,2.49,0.38,3.81,1.89,12.11
5020,0.75,2.49,0.38,3.81,1.89,12.11
5025,0.75,2.49,0.38,3.81,1.89,12.11
5030,0.75,2.49,0.38,3.81,1.89,12.11
5035,0.75,2.49,0.38,3.81,1.89,12.11
5040,0.75,2.49,0.38,3.81,1.89,12.11
5045,0.75,2.49,0.38,3.81,1.89,12.11
5050,0.75,2.49,0.38,3.81,1.89,12.11
5055,0.75,2.49,0.38,3.81,1.89,12.11
5060,0.75,2.49,0.38,3.81,1.89,12.11
5065,0.75,2.49,0.38,3.81,1.89,12.11
5070,0.75,2.49,0.38,3.81,1.89,12.11
5075,0.75,2.49,0.38,3.81,1.89,12.11
5080,0.75,2.49,0.38,3.81,1.89,12.11
5085,0.75,2.49,0.38,3.81,1.89,12.11
5090,0.75,2.49,0.38,3.81,1.89,12.11
5095,0.75,2.49,0.38,3.81,1.89,12.11
5100,0.75,2.49,0.38,3.81,1.89,12.11
5105,0.75,2.49,0.38,3.81,1.89,12.11
5110,0.75,2.49,0.38,3.81,1.89,12.11
5115,0.75,2.49,0.38,3.81,1.89,12.11
5120,0.75,2.49,0.38,3.81,1.89,12.11
5125,0.75,2.49,0.38,3.81,1.89,12.11
5130,0.75,2.49,0.38,3.81,1.89,12.11
5135,0.75,2.49,0.38,3.81,1.89,12.11
5140,0.75,2.49,0.38,3.81,1.89,12.11
5145,0.75,2.49,0.38,3.81,1.89,12.11
5150,0.75,2.49,0.38,3.81,1.89,12.11
5155,0.75,2.49,0.38,3.81,1.89,12.11
5160,0.75,2.49,0.38,3.81,1.89,12.11
5165,0.75,2.49,0.44,3.57,1.82,12.11
5170,0.75,2.49,0.44,3.57,1.82,12.11
5175,0.75,2.49,0.44,3.57,1.82,12.11
5180,0.75,2.49,0.44,3.57,1.82,12.11
5185,0.7,2.49,0.44,3.57,1.82,12.11
5190,0.69,2.49,0.44,3.57,1.82,12.11
5195,0.69,2.49,0.44,3.57,1.82,12.11
5200,0.69,2.49,0.44,3.57,1.82,12.11
5205,0.69,2.49,0.44,3.57,1.82,12.11
5210,0.69,2.49,0.44,3.57,1.82,12.11
5215,0.69,2.49,0.44,3.57,1.82,12.11
5220,0.69,2.49,0.44,3.57,1.82,12.11
5225,0.6,2.43,0.44,3.57,1.82,12.11
5230,0.6,2.43,0.44,3.57,1.82,12.11
5235,0.6,2.43,0.44,3.57,1.82,12.11
5240,0.6,2.43,0.44,3.57,1.82,12.11
5245,0.6,2.43,0.44,3.57,1.82,12.11
5250,0.6,2.43,0.44,3.57,1.82,12.11
5255,0.6,2.43,0.44,3.57,1.82,12.11
5260,0.6,2.43,0.44,3.57,1.82,12.11
5265,0.6,2.43,0.44,3.57,1.82,12.11
5270,0.6,2.43,0.44,3.57,1.82,12.11
5275,0.6,2.43,0.44,3.57,1.82,12.11
5280,0.6,2.43,0.44,3.57,1.82,12.11
5285,0.09,2.43,0.17,3.57,1.82,12.11
5290,0.09,2.43,0.17,3.57,1.82,12.11
5295,0.09,2.43,0.17,3.57,1.82,12.11
5300,0.09,2.43,0.17,3.57,1.82,12.11
5305,0.09,2.43,0.17,3.57,1.82,12.11
5310,0.09,2.43,0.17,3.57,1.82,12.11
5315,0.09,2.43,0.17,3.57,1.82,12.11
5320,0.09,2.43,0.17,3.57,1.82,12.11
5325,0.09,2.43,0.17,3.57,1.82,12.11
5330,0.09,2.43,0.17,3.57,1.82,12.11
5335,0.09,2.43,0.17,3.57,1.8,12.11
5340,0.09,2.43,0.17,3.57,1.67,12.11
5345,0.09,2.43,0.09,3.57,1.67,12.11
5350,0.09,2.43,0.09,3.57,1.67,12.11
5355,0.09,2.43,0.09,3.57,1.67,12.11
5360,0.09,2.43,0.09,3.57,1.67,12.11
5365,0.09,2.43,0.09,3.57,1.67,12.11
5370,0.09,2.43,0.09,3.57,1.67,12.11
5375,0.09,2.43,0.09,3.57,1.67,12.11
5380,0.09,2.43,0.09,3.57,1.67,12.11
5385,0.09,2.43,0.09,3.57,1.67,12.11
5390,0.09,2.43,0.09,3.57,1.67,12.11
5395,0.09,2.43,0.09,3.57,1.67,12.11
5400,0.09,2.31,0.08,3.56,1.63,11.93
5405,0.09,2.31,0.08,3.56,1.63,11.93
5410,0.09,2.31,0.08,3.56,1.63,11.93
5415,0.09,2.31,0.08,3.56,1.63,11.93
5420,0.09,2.31,0.08,3.56,1.63,11.93
5425,0.09,2.31,0.08,3.56,1.63,11.93
5430,0.09,2.31,0.08,3.56,1.63,11.93
5435,0.09,2.31,0.08,3.56,1.63,11.93
5440,0.09,2.31,0.08,3.56,1.63,11.93
5445,0.09,2.31,0.08,3.56,1.63,11.93
5450,0.09,2.31,0.08,3.56,1.63,11.93
5455,0.09,2.31,0.08,3.56,1.63,11.93
5460,0.09,2.31,0.08,3.56,1.63,11.93
5465,0.09,2.31,0.08,3.56,1.63,11.93
5470,0.09,2.31,0.08,3.56,1.63,11.93
5475,0.09,2.31,0.08,3.56,1.63,11.93
5480,0.09,2.31,0.08,3.56,1.63,11.93
5485,0.09,2.31,0.08,3.56,1.63,11.93
5490,0.09,2.31,0.08,3.56,1.63,11.93
5495,0.09,2.31,0.08,3.56,1.63,11.93
5500,0.09,2.31,0.08,3.56,1.63,11.93
5505,0.09,2.31,0.08,3.56,1.63,11.93
5510,0.09,2.31,0.08,3.56,1.63,11.93
5515,0.09,2.31,0.08,3.56,1.63,11.93
5520,0.09,2.31,0.08,3.56,1.63,11.93
5525,0.09,2.31,0.08,3.56,1.63,11.93
5530,0.09,2.31,0.08,3.56,1.63,11.93
5535,0.09,2.31,0.08,3.56,1.63,11.93
5540,0.09,2.31,0.08,3.56,1.63,11.93
5545,0.09,2.31,0.08,3.56,1.63,11.93
5550,0.09,2.31,0.08,3.56,1.63,11.93
5555,0.09,2.31,0.08,3.56,1.63,11.93
5560,0.09,2.31,0.08,3.56,1.63,11.93
5565,0.09,2.31,0.08,3.56,1.63,11.93
5570,0.09,2.31,0.08,3.56,1.63,11.93
5575,0.09,2.31,0.08,3.56,1.63,11.93
5580,0.09,2.31,0.08,3.56,1.63,11.93
5585,0.09,2.31,0.08,3.56,1.63,11.93
5590,0.09,2.31,0.08,3.56,1.63,11.93
5595,0.09,2.31,0.08,3.56,1.63,11.93
5600,0.09,2.31,0.08,3.56,1.63,11.93
5605,0.09,2.31,0.08,3.56,1.63,11.93
5610,0.09,2.31,0.08,3.56,1.63,11.93
5615,0.09,2.31,0.08,3.56,1.63,11.93
5620,0.09,2.31,0.08,3.56,1.63,11.93
5625,0.09,2.31,0.08,3.56,1.63,11.93
5630,0.09,2.31,0.08,3.56,1.63,11.93
5635,0.09,2.31,0.08,3.56,1.63,11.93
5640,0.09,2.31,0.08,3.56,1.63,11.93
5645,0.09,2.31,0.08,3.56,1.63,11.93
5650,0.09,2.31,0.08,3.56,1.63,11.93
5655,0.09,2.31,0.08,3.56,1.63,11.93
5660,0.09,2.31,0.08,3.56,1.63,11.93
5665,0.09,2.31,0.08,3.56,1.63,11.93
5670,0.09,2.31,0.08,3.56,1.63,11.93
5675,0.09,2.31,0.08,3.56,1.63,11.93
5680,0.09,2.31,0.08,3.56,1.63,11.93
5685,0.09,2.31,0.08,3.56,1.63,11.93
5690,0.09,2.31,0.08,3.56,1.63,11.93
5695,0.09,2.31,0.08,3.56,1.63,11.93
5700,0.09,2.31,0.08,3.56,1.63,11.93
5705,0.09,2.31,0.08,3.56,1.63,11.93
5710,0.09,2.31,0.08,3.56,1.63,11.93
5715,0.09,2.31,0.08,3.56,1.63,11.93
5720,0.09,2.31,0.08,3.56,1.63,11.93
5725,0.09,2.31,0.08,3.56,1.63,11.93
5730,0.09,2.31,0.08,3.56,1.63,11.93
5735,0.09,2.31,0.08,3.56,1.63,11.93
5740,0.09,2.31,0.08,3.56,1.63,11.93
5745,0.09,2.31,0.08,3.56,1.63,11.93
5750,0.09,2.31,0.08,3.56,1.63,11.93
5755,0.09,2.31,0.08,3.56,1.63,11.93
5760,0.09,2.31,0.08,3.56,1.63,11.93
5765,0.09,2.31,0.08,3.56,1.63,11.93
5770,0.09,2.31,0.08,3.56,1.63,11.93
5775,0.09,2.31,0.08,3.56,1.63,11.93
5780,0.09,2.31,0.08,3.56,1.63,11.93
5785,0.09,2.31,0.08,3.56,1.63,11.93
5790,0.09,2.31,0.08,3.56,1.63,11.93
5795,0.09,2.31,0.08,3.56,1.63,11.93
5800,0.09,2.31,0.08,3.56,1.63,11.93
5805,0.09,2.31,0.08,3.56,1.63,11.93
5810,0.09,2.31,0.08,3.56,1.63,11.93
5815,0.09,2.31,0.08,3.56,1.63,11.93
5820,0.09,2.31,0.08,3.56,1.63,11.93
5825,0.09,2.31,0.08,3.56,1.63,11.93
5830,0.09,2.31,0.08,3.56,1.63,11.93
5835,0.09,2.31,0.08,3.56,1.63,11.93
5840,0.09,2.31,0.08,3.56,1.63,11.93
5845,0.09,2.31,0.08,3.56,1.63,11.93
5850,0.09,2.31,0.08,3.56,1.63,11.93
5855,0.09,2.31,0.08,3.56,1.63,11.93
5860,0.09,2.31,0.08,3.56,1.63,11.93
5865,0.09,2.31,0.08,3.56,1.63,11.93
5870,0.09,2.31,0.08,3.56,1.63,11.93
5875,0.09,2.31,0.08,3.56,1.63,11.93
5880,0.09,2.31,0.08,3.56,1.63,11.93
5885,0.09,2.31,0.08,3.56,1.63,11.93
5890,0.09,2.31,0.08,3.56,1.63,11.93
5895,0.09,2.31,0.08,3.56,1.63,11.93
5900,0.09,2.31,0.08,3.56,1.63,11.93
5905,0.09,2.31,0.08,3.56,1.63,11.93
5910,0.09,2.31,0.08,3.56,1.63,11.93
5915,0.09,2.31,0.08,3.56,1.63,11.93
5920,0.09,2.31,0.08,3.56,1.63,11.93
5925,0.09,2.31,0.08,3.56,1.63,11.93
5930,0.09,2.31,0.08,3.56,1.63,11.93
5935,0.09,2.31,0.08,3.56,1.63,11.93
5940,0.09,2.31,0.08,3.56,1.63,11.93
5945,0.09,2.31,0.08,3.56,1.63,11.93
5950,0.09,2.31,0.08,3.56,1.63,11.93
5955,0.09,2.31,0.08,3.56,1.63,11.93
5960,0.09,2.31,0.08,3.56,1.63,11.93
5965,0.09,2.31,0.08,3.56,1.63,11.93
5970,0.09,2.31,0.08,3.56,1.63,11.93
5975,0.09,2.31,0.08,3.56,1.63,11.93
5980,0.09,2.31,0.08,3.56,1.63,11.93
5985,0.09,2.31,0.08,3.56,1.63,11.93
5990,0.09,2.31,0.08,3.56,1.63,11.93
5995,0.09,2.31,0.08,3.56,1.63,11.93
6000,0.09,2.28,0.07,3.63,1.49,11.69
6005,0.09,2.28,0.07,3.63,1.49,11.69
6010,0.09,2.28,0.07,3.63,1.49,11.69
6015,0.09,2.28,0.07,3.63,1.49,11.69
6020,0.09,2.28,0.07,3.63,1.49,11.69
6025,0.09,2.28,0.07,3.63,1.49,11.69
6030,0.09,2.28,0.07,3.63,1.49,11.69
6035,0.09,2.28,0.07,3.63,1.49,11.69
6040,0.09,2.28,0.07,3.63,1.49,11.69
6045,0.09,2.28,0.07,3.63,1.49,11.69
6050,0.09,2.28,0.07,3.63,1.49,11.69
6055,0.09,2.28,0.07,3.63,1.49,11.69
6060,0.09,2.28,0.07,3.63,1.49,11.69
6065,0.09,2.28,0.07,3.63,1.49,11.69
6070,0.09,2.28,0.07,3.63,1.49,11.69
6075,0.09,2.28,0.07,3.63,1.49,11.69
6080,0.09,2.28,0.07,3.63,1.49,11.69
6085,0.09,2.28,0.07,3.63,1.49,11.69
6090,0.09,2.28,0.07,3.63,1.49,11.69
6095,0.09,2.28,0.07,3.63,1.49,11.69
6100,0.09,2.28,0.07,3.63,1.49,11.69
6105,0.09,2.28,0.07,3.63,1.49,11.69
6110,0.09,2.28,0.07,3.63,1.49,11.69
6115,0.09,2.28,0.07,3.63,1.49,11.69
6120,0.09,2.28,0.07,3.63,1.49,11.69
6125,0.09,2.28,0.07,3.63,1.49,11.69
6130,0.09,2.28,0.07,3.63,1.49,11.69
6135,0.09,2.28,0.07,3.63,1.49,11.69
6140,0.09,2.28,0.07,3.63,1.49,11.69
6145,0.09,2.28,0.07,3.63,1.49,11.69
6150,0.09,2.28,0.07,3.63,1.49,11.69
6155,0.09,2.28,0.07,3.63,1.49,11.69
6160,0.09,2.28,0.07,3.63,1.49,11.69
6165,0.09,2.28,0.07,3.63,1.49,11.69
6170,0.09,2.28,0.07,3.63,1.49,11.69
6175,0.09,2.28,0.07,3.63,1.49,11.69
6180,0.09,2.28,0.07,3.63,1.49,11.69
6185,0.09,2.28,0.07,3.63,1.49,11.69
6190,0.09,2.28,0.07,3.63,1.49,11.69
6195,0.09,2.28,0.07,3.63,1.49,11.69
6200,0.09,2.28,0.07,3.63,1.49,11.69
6205,0.09,2.28,0.07,3.63,1.49,11.69
6210,0.09,2.28,0.07,3.63,1.49,11.69
6215,0.09,2.28,0.07,3.63,1.49,11.69
6220,0.09,2.28,0.07,3.63,1.49,11.69
6225,0.09,2.28,0.07,3.63,1.49,11.69
6230,0.09,2.28,0.07,3.63,1.49,11.69
6235,0.09,2.28,0.07,3.63,1.49,11.69
6240,0.09,2.28,0.07,3.63,1.49,11.69
6245,0.09,2.28,0.07,3.63,1.49,11.69
6250,0.09,2.28,0.07,3.63,1.49,11.69
6255,0.09,2.28,0.07,3.63,1.49,11.69
6260,0.09,2.28,0.07,3.63,1.49,11.69
6265,0.09,2.28,0.07,3.63,1.49,11.69
6270,0.09,2.28,0.07,3.63,1.49,11.69
6275,0.09,2.28,0.07,3.63,1.49,11.69
6280,0.09,2.28,0.07,3.63,1.49,11.69
6285,0.09,2.28,0.07,3.63,1.49,11.69
6290,0.09,2.28,0.07,3.63,1.49,11.69
6295,0.09,2.28,0.07,3.63,1.49,11.69
6300,0.09,2.28,0.07,3.63,1.49,11.69
6305,0.09,2.28,0.07,3.63,1.49,11.69
6310,0.09,2.28,0.07,3.63,1.49,11.69
6315,0.09,2.28,0.07,3.63,1.49,11.69
6320,0.09,2.28,0.07,3.63,1.49,11.69
6325,0.09,2.28,0.07,3.63,1.49,11.69
6330,0.09,2.28,0.07,3.63,1.49,11.69
6335,0.09,2.28,0.07,3.63,1.49,11.69
6340,0.09,2.28,0.07,3.63,1.49,11.69
6345,0.09,2.28,0.07,3.63,1.49,11.69
6350,0.09,2.28,0.07,3.63,1.49,11.69
6355,0.09,2.28,0.07,3.63,1.49,11.69
6360,0.09,2.28,0.07,3.63,1.49,11.69
6365,0.09,2.28,0.07,3.63,1.49,11.69
6370,0.09,2.28,0.07,3.63,1.49,11.69
6375,0.09,2.28,0.07,3.63,1.49,11.69
6380,0.09,2.28,0.07,3.63,1.49,11.69
6385,0.09,2.28,0.07,3.63,1.49,11.69
6390,0.09,2.28,0.07,3.63,1.49,11.69
6395,0.09,2.28,0.07,3.63,1.49,11.69
6400,0.09,2.28,0.07,3.63,1.49,11.69
6405,0.09,2.28,0.07,3.63,1.49,11.69
6410,0.09,2.28,0.07,3.63,1.49,11.69
6415,0.09,2.28,0.07,3.63,1.49,11.69
6420,0.09,2.28,0.07,3.63,1.49,11.69
6425,0.09,2.28,0.07,3.63,1.49,11.69
6430,0.09,2.28,0.07,3.63,1.49,11.69
6435,0.09,2.28,0.07,3.63,1.49,11.69
6440,0.09,2.28,0.07,3.63,1.49,11.69
6445,0.09,2.28,0.07,3.63,1.49,11.69
6450,0.09,2.28,0.07,3.63,1.49,11.69
6455,0.09,2.28,0.07,3.63,1.49,11.69
6460,0.09,2.28,0.07,3.63,1.49,11.69
6465,0.09,2.28,0.07,3.63,1.49,11.69
6470,0.09,2.28,0.07,3.63,1.49,11.69
6475,0.09,2.28,0.07,3.63,1.49,11.69
6480,0.09,2.28,0.07,3.63,1.49,11.69
6485,0.09,2.28,0.07,3.63,1.49,11.69
6490,0.09,2.28,0.07,3.63,1.49,11.69
6495,0.09,2.28,0.07,3.63,1.49,11.69
6500,0.09,2.28,0.07,3.63,1.49,11.69
6505,0.09,2.28,0.07,3.63,1.49,11.69
6510,0.09,2.28,0.07,3.63,1.49,11.69
6515,0.09,2.28,0.07,3.63,1.49,11.69
6520,0.09,2.28,0.07,3.63,1.49,11.69
6525,0.09,2.28,0.07,3.63,1.49,11.69
6530,0.09,2.28,0.07,3.63,1.49,11.69
6535,0.09,2.28,0.07,3.63,1.49,11.69
6540,0.09,2.28,0.07,3.63,1.49,11.69
6545,0.09,2.28,0.07,3.63,1.49,11.69
6550,0.09,2.28,0.07,3.63,1.49,11.69
6555,0.09,2.28,0.07,3.63,1.49,11.69
6560,0.09,2.28,0.07,3.63,1.49,11.69
6565,0.09,2.28,0.07,3.63,1.49,11.69
6570,0.09,2.28,0.07,3.63,1.49,11.69
6575,0.09,2.28,0.07,3.63,1.49,11.69
6580,0.09,2.28,0.07,3.63,1.49,11.69
6585,0.09,2.28,0.07,3.63,1.49,11.69
6590,0.09,2.28,0.07,3.63,1.49,11.69
6595,0.09,2.28,0.07,3.63,1.49,11.69
6600,0.09,2.34,0.06,3.64,1.38,11.91
6605,0.09,2.34,0.06,3.64,1.38,11.91
6610,0.09,2.34,0.06,3.64,1.38,11.91
6615,0.09,2.34,0.06,3.64,1.38,11.91
6620,0.09,2.34,0.06,3.64,1.38,11.91
6625,0.09,2.34,0.06,3.64,1.38,11.91
6630,0.09,2.34,0.06,3.64,1.38,11.91
6635,0.09,2.34,0.06,3.64,1.38,11.91
6640,0.09,2.34,0.06,3.64,1.38,11.91
6645,0.09,2.34,0.06,3.64,1.38,11.91
6650,0.09,2.34,0.06,3.64,1.38,11.91
6655,0.09,2.34,0.06,3.64,1.38,11.91
6660,0.09,2.34,0.06,3.64,1.38,11.91
6665,0.09,2.34,0.06,3.64,1.38,11.91
6670,0.09,2.34,0.06,3.64,1.38,11.91
6675,0.09,2.34,0.06,3.64,1.38,11.91
6680,0.09,2.34,0.06,3.64,1.38,11.91
6685,0.09,2.34,0.06,3.64,1.38,11.91
6690,0.09,2.34,0.06,3.64,1.38,11.91
6695,0.09,2.34,0.06,3.64,1.38,11.91
6700,0.09,2.34,0.06,3.64,1.38,11.91
6705,0.09,2.34,0.06,3.64,1.38,11.91
6710,0.09,2.34,0.06,3.64,1.38,11.91
6715,0.09,2.34,0.06,3.64,1.38,11.91
6720,0.09,2.34,0.06,3.64,1.38,11.91
6725,0.09,2.34,0.06,3.64,1.38,11.91
6730,0.09,2.34,0.06,3.64,1.38,11.91
6735,0.09,2.34,0.06,3.64,1.38,11.91
6740,0.09,2.34,0.06,3.64,1.38,11.91
6745,0.09,2.34,0.06,3.64,1.38,11.91
6750,0.09,2.34,0.06,3.64,1.38,11.91
6755,0.09,2.34,0.06,3.64,1.38,11.91
6760,0.09,2.34,0.06,3.64,1.38,11.91
6765,0.09,2.34,0.06,3.64,1.38,11.91
6770,0.09,2.34,0.06,3.64,1.38,11.91
6775,0.09,2.34,0.06,3.64,1.38,11.91
6780,0.09,2.34,0.06,3.64,1.38,11.91
6785,0.09,2.34,0.06,3.64,1.38,11.91
6790,0.09,2.34,0.06,3.64,1.38,11.91
6795,0.09,2.34,0.06,3.64,1.38,11.91
6800,0.09,2.34,0.06,3.64,1.38,11.91
6805,0.09,2.34,0.06,3.64,1.38,11.91
6810,0.09,2.34,0.06,3.64,1.38,11.91
6815,0.09,2.34,0.06,3.64,1.38,11.91
6820,0.09,2.34,0.06,3.64,1.38,11.91
6825,0.09,2.34,0.06,3.64,1.38,11.91
6830,0.09,2.34,0.06,3.64,1.38,11.91
6835,0.09,2.34,0.06,3.64,1.38,11.91
6840,0.09,2.34,0.06,3.64,1.38,11.91
6845,0.09,2.34,0.06,3.64,1.38,11.91
6850,0.09,2.34,0.06,3.64,1.38,11.91
6855,0.09,2.34,0.06,3.64,1.38,11.91
6860,0.09,2.34,0.06,3.64,1.38,11.91
6865,0.09,2.34,0.06,3.64,1.38,11.91
6870,0.09,2.34,0.06,3.64,1.38,11.91
6875,0.09,2.34,0.06,3.64,1.38,11.91
6880,0.09,2.34,0.06,3.64,1.38,11.91
6885,0.09,2.34,0.06,3.64,1.38,11.91
6890,0.09,2.34,0.06,3.64,1.38,11.91
6895,0.09,2.34,0.06,3.64,1.38,11.91
6900,0.09,2.34,0.06,3.64,1.38,11.91
6905,0.09,2.34,0.06,3.64,1.38,11.91
6910,0.09,2.34,0.06,3.64,1.38,11.91
6915,0.09,2.34,0.06,3.64,1.38,11.91
6920,0.09,2.34,0.06,3.64,1.38,11.91
6925,0.09,2.34,0.06,3.64,1.38,11.91
6930,0.09,2.34,0.06,3.64,1.38,11.91
6935,0.09,2.34,0.06,3.64,1.38,11.91
6940,0.09,2.34,0.06,3.64,1.38,11.91
6945,0.09,2.34,0.06,3.64,1.38,11.91
6950,0.09,2.34,0.06,3.64,1.38,11.91
6955,0.09,2.34,0.06,3.64,1.38,11.91
6960,0.09,2.34,0.06,3.64,1.38,11.91
6965,0.09,2.34,0.06,3.64,1.38,11.91
6970,0.09,2.34,0.06,3.64,1.38,11.91
6975,0.09,2.34,0.06,3.64,1.38,11.91
6980,0.09,2.34,0.06,3.64,1.38,11.91
6985,0.09,2.34,0.06,3.64,1.38,11.91
6990,0.09,2.34,0.06,3.64,1.38,11.91
6995,0.09,2.34,0.06,3.64,1.38,11.91
7000,0.09,2.34,0.06,3.64,1.38,11.91
7005,0.09,2.34,0.06,3.64,1.38,11.91
7010,0.09,2.34,0.06,3.64,1.38,11.91
7015,0.09,2.34,0.06,3.64,1.38,11.91
7020,0.09,2.34,0.06,3.64,1.38,11.91
7025,0.09,2.34,0.06,3.64,1.38,11.91
7030,0.09,2.34,0.06,3.64,1.38,11.91
7035,0.09,2.34,0.06,3.64,1.38,11.91
7040,0.09,2.34,0.06,3.64,1.38,11.91
7045,0.09,2.34,0.06,3.64,1.38,11.91
7050,0.09,2.34,0.06,3.64,1.38,11.91
7055,0.09,2.34,0.06,3.64,1.38,11.91
7060,0.09,2.34,0.06,3.64,1.38,11.91
7065,0.09,2.34,0.06,3.64,1.38,11.91
7070,0.09,2.34,0.06,3.64,1.38,11.91
7075,0.09,2.34,0.06,3.64,1.38,11.91
7080,0.09,2.34,0.06,3.64,1.38,11.91
7085,0.09,2.34,0.06,3.64,1.38,11.91
7090,0.09,2.34,0.06,3.64,1.38,11.91
7095,0.09,2.34,0.06,3.64,1.38,11.91
7100,0.09,2.34,0.06,3.64,1.38,11.91
7105,0.09,2.34,0.06,3.64,1.38,11.91
7110,0.09,2.34,0.06,3.64,1.38,11.91
7115,0.09,2.34,0.06,3.64,1.38,11.91
7120,0.09,2.34,0.06,3.64,1.38,11.91
7125,0.09,2.34,0.06,3.64,1.38,11.91
7130,0.09,2.34,0.06,3.64,1.38,11.91
7135,0.09,2.34,0.06,3.64,1.38,11.91
7140,0.09,2.34,0.06,3.64,1.38,11.91
7145,0.09,2.34,0.06,3.64,1.38,11.91
7150,0.09,2.34,0.06,3.64,1.38,11.91
7155,0.09,2.34,0.06,3.64,1.38,11.91
7160,0.09,2.34,0.06,3.64,1.38,11.91
7165,0.09,2.34,0.06,3.64,1.38,11.91
7170,0.09,2.34,0.06,3.64,1.38,11.91
7175,0.09,2.34,0.06,3.64,1.38,11.91
7180,0.09,2.34,0.06,3.64,1.38,11.91
7185,0.09,2.34,0.06,3.64,1.38,11.91
7190,0.09,2.34,0.06,3.64,1.38,11.91
7195,0.09,2.34,0.06,3.64,1.38,11.91
7200,0.08,2.48,0.06,3.36,1.21,11.73
7205,0.08,2.48,0.06,3.36,1.21,11.73
7210,0.08,2.48,0.06,3.36,1.21,11.73
7215,0.08,2.48,0.06,3.36,1.21,11.73
7220,0.08,2.48,0.06,3.36,1.21,11.73
7225,0.08,2.48,0.06,3.36,1.21,11.73
7230,0.08,2.48,0.06,3.36,1.21,11.73
7235,0.08,2.48,0.06,3.36,1.21,11.73
7240,0.08,2.48,0.06,3.36,1.21,11.73
7245,0.08,2.48,0.06,3.36,1.21,11.73
7250,0.08,2.48,0.06,3.36,1.21,11.73
7255,0.08,2.48,0.06,3.36,1.21,11.73
7260,0.08,2.48,0.06,3.36,1.21,11.73
7265,0.08,2.48,0.06,3.36,1.21,11.73
7270,0.08,2.48,0.06,3.36,1.21,11.73
7275,0.08,2.48,0.06,3.36,1.21,11.73
7280,0.08,2.48,0.06,3.36,1.21,11.73
7285,0.08,2.48,0.06,3.36,1.21,11.73
7290,0.08,2.48,0.06,3.36,1.21,11.73
7295,0.08,2.48,0.06,3.36,1.21,11.73
7300,0.08,2.48,0.06,3.36,1.21,11.73
7305,0.08,2.48,0.06,3.36,1.21,11.73
7310,0.08,2.48,0.06,3.36,1.21,11.73
7315,0.08,2.48,0.06,3.36,1.21,11.73
7320,0.08,2.48,0.06,3.36,1.21,11.73
7325,0.08,2.48,0.06,3.36,1.21,11.73
7330,0.08,2.48,0.06,3.36,1.21,11.73
7335,0.08,2.48,0.06,3.36,1.21,11.73
7340,0.08,2.48,0.06,3.36,1.21,11.73
7345,0.08,2.48,0.06,3.36,1.21,11.73
7350,0.08,2.48,0.06,3.36,1.21,11.73
7355,0.08,2.48,0.06,3.36,1.21,11.73
7360,0.08,2.48,0.06,3.36,1.21,11.73
7365,0.08,2.48,0.06,3.36,1.21,11.73
7370,0.08,2.48,0.06,3.36,1.21,11.73
7375,0.08,2.48,0.06,3.36,1.21,11.73
7380,0.08,2.48,0.06,3.36,1.21,11.73
7385,0.08,2.48,0.06,3.36,1.21,11.73
7390,0.08,2.48,0.06,3.36,1.21,11.73
7395,0.08,2.48,0.06,3.36,1.21,11.73
7400,0.08,2.48,0.06,3.36,1.21,11.73
7405,0.08,2.48,0.06,3.36,1.21,11.73
7410,0.08,2.48,0.06,3.36,1.21,11.73
7415,0.08,2.48,0.06,3.36,1.21,11.73
7420,0.08,2.48,0.06,3.36,1.21,11.73
7425,0.08,2.48,0.06,3.36,1.21,11.73
7430,0.08,2.48,0.06,3.36,1.21,11.73
7435,0.08,2.48,0.06,3.36,1.21,11.73
7440,0.08,2.48,0.06,3.36,1.21,11.73
7445,0.08,2.48,0.06,3.36,1.21,11.73
7450,0.08,2.48,0.06,3.36,1.21,11.73
7455,0.08,2.48,0.06,3.36,1.21,11.73
7460,0.08,2.48,0.06,3.36,1.21,11.73
7465,0.08,2.48,0.06,3.36,1.21,11.73
7470,0.08,2.48,0.06,3.36,1.21,11.73
7475,0.08,2.48,0.06,3.36,1.21,11.73
7480,0.08,2.48,0.06,3.36,1.21,11.73
7485,0.08,2.48,0.06,3.36,1.21,11.73
7490,0.08,2.48,0.06,3.36,1.21,11.73
7495,0.08,2.48,0.06,3.36,1.21,11.73
7500,0.08,2.48,0.06,3.36,1.21,11.73
7505,0.08,2.48,0.06,3.36,1.21,11.73
7510,0.08,2.48,0.06,3.36,1.21,11.73
7515,0.08,2.48,0.06,3.36,1.21,11.73
7520,0.08,2.48,0.06,3.36,1.21,11.73
7525,0.08,2.48,0.06,3.36,1.21,11.73
7530,0.08,2.48,0.06,3.36,1.21,11.73
7535,0.08,2.48,0.06,3.36,1.21,11.73
7540,0.08,2.48,0.06,3.36,1.21,11.73
7545,0.08,2.48,0.06,3.36,1.21,11.73
7550,0.08,2.48,0.06,3.36,1.21,11.73
7555,0.08,2.48,0.06,3.36,1.21,11.73
7560,0.08,2.48,0.06,3.36,1.21,11.73
7565,0.08,2.48,0.06,3.36,1.21,11.73
7570,0.08,2.48,0.06,3.36,1.21,11.73
7575,0.08,2.48,0.06,3.36,1.21,11.73
7580,0.08,2.48,0.06,3.36,1.21,11.73
7585,0.08,2.48,0.06,3.36,1.21,11.73
7590,0.08,2.48,0.06,3.36,1.21,11.73
7595,0.08,2.48,0.06,3.36,1.21,11.73
7600,0.08,2.48,0.06,3.36,1.21,11.73
7605,0.08,2.48,0.06,3.36,1.21,11.73
7610,0.08,2.48,0.06,3.36,1.21,11.73
7615,0.08,2.48,0.06,3.36,1.21,11.73
7620,0.08,2.48,0.06,3.36,1.21,11.73
7625,0.08,2.48,0.06,3.36,1.21,11.73
7630,0.08,2.48,0.06,3.36,1.21,11.73
7635,0.08,2.48,0.06,3.36,1.21,11.73
7640,0.08,2.48,0.06,3.36,1.21,11.73
7645,0.08,2.48,0.06,3.36,1.21,11.73
7650,0.08,2.48,0.06,3.36,1.21,11.73
7655,0.08,2.48,0.06,3.36,1.21,11.73
7660,0.08,2.48,0.06,3.36,1.21,11.73
7665,0.08,2.48,0.06,3.36,1.21,11.73
7670,0.08,2.48,0.06,3.36,1.21,11.73
7675,0.08,2.48,0.06,3.36,1.21,11.73
7680,0.08,2.48,0.06,3.36,1.21,11.73
7685,0.08,2.48,0.06,3.36,1.21,11.73
7690,0.08,2.48,0.06,3.36,1.21,11.73
7695,0.08,2.48,0.06,3.36,1.21,11.73
7700,0.08,2.48,0.06,3.36,1.21,11.73
7705,0.08,2.48,0.06,3.36,1.21,11.73
7710,0.08,2.48,0.06,3.36,1.21,11.73
7715,0.08,2.48,0.06,3.36,1.21,11.73
7720,0.08,2.48,0.06,3.36,1.21,11.73
7725,0.08,2.48,0.06,3.36,1.21,11.73
7730,0.08,2.48,0.06,3.36,1.21,11.73
7735,0.08,2.48,0.06,3.36,1.21,11.73
7740,0.08,2.48,0.06,3.36,1.21,11.73
7745,0.08,2.48,0.06,3.36,1.21,11.73
7750,0.08,2.48,0.06,3.36,1.21,11.73
7755,0.08,2.48,0.06,3.36,1.21,11.73
7760,0.08,2.48,0.06,3.36,1.21,11.73
7765,0.08,2.48,0.06,3.36,1.21,11.73
7770,0.08,2.48,0.06,3.36,1.21,11.73
7775,0.08,2.48,0.06,3.36,1.21,11.73
7780,0.08,2.48,0.06,3.36,1.21,11.73
7785,0.08,2.48,0.06,3.36,1.21,11.73
7790,0.08,2.48,0.06,3.36,1.21,11.73
7795,0.08,2.48,0.06,3.36,1.21,11.73
7800,0.08,2.44,0.06,3.01,0.85,11.69
7805,0.08,2.44,0.06,3.01,0.85,11.69
7810,0.08,2.44,0.06,3.01,0.85,11.69
7815,0.08,2.44,0.06,3.01,0.85,11.69
7820,0.08,2.44,0.06,3.01,0.85,11.69
7825,0.08,2.44,0.06,3.01,0.85,11.69
7830,0.08,2.44,0.06,3.01,0.85,11.69
7835,0.08,2.44,0.06,3.01,0.85,11.69
7840,0.08,2.44,0.06,3.01,0.85,11.69
7845,0.08,2.44,0.06,3.01,0.85,11.69
7850,0.08,2.44,0.06,3.01,0.85,11.69
7855,0.08,2.44,0.06,3.01,0.85,11.69
7860,0.08,2.44,0.06,3.01,0.85,11.69
7865,0.08,2.44,0.06,3.01,0.85,11.69
7870,0.08,2.44,0.06,3.01,0.85,11.69
7875,0.08,2.44,0.06,3.01,0.85,11.69
7880,0.08,2.44,0.06,3.01,0.85,11.69
7885,0.08,2.44,0.06,3.01,0.85,11.69
7890,0.08,2.44,0.06,3.01,0.85,11.69
7895,0.08,2.44,0.06,3.01,0.85,11.69
7900,0.08,2.44,0.06,3.01,0.85,11.69
7905,0.08,2.44,0.06,3.01,0.85,11.69
7910,0.08,2.44,0.06,3.01,0.85,11.69
7915,0.08,2.44,0.06,3.01,0.85,11.69
7920,0.08,2.44,0.06,3.01,0.85,11.69
7925,0.08,2.44,0.06,3.01,0.85,11.69
7930,0.08,2.44,0.06,3.01,0.85,11.69
7935,0.08,2.44,0.06,3.01,0.85,11.69
7940,0.08,2.44,0.06,3.01,0.85,11.69
7945,0.08,2.44,0.06,3.01,0.85,11.69
7950,0.08,2.44,0.06,3.01,0.85,11.69
7955,0.08,2.44,0.06,3.01,0.85,11.69
7960,0.08,2.44,0.06,3.01,0.85,11.69
7965,0.08,2.44,0.06,3.01,0.85,11.69
7970,0.08,2.44,0.06,3.01,0.85,11.69
7975,0.08,2.44,0.06,3.01,0.85,11.69
7980,0.08,2.44,0.06,3.01,0.85,11.69
7985,0.08,2.44,0.06,3.01,0.85,11.69
7990,0.08,2.44,0.06,3.01,0.85,11.69
7995,0.08,2.44,0.06,3.01,0.85,11.69
8000,0.08,2.44,0.06,3.01,0.85,11.69
8005,0.08,2.44,0.06,3.01,0.85,11.69
8010,0.08,2.44,0.06,3.01,0.85,11.69
8015,0.08,2.44,0.06,3.01,0.85,11.69
8020,0.08,2.44,0.06,3.01,0.85,11.69
8025,0.08,2.44,0.06,3.01,0.85,11.69
8030,0.08,2.44,0.06,3.01,0.85,11.69
8035,0.08,2.44,0.06,3.01,0.85,11.69
8040,0.08,2.44,0.06,3.01,0.85,11.69
8045,0.08,2.44,0.06,3.01,0.85,11.69
8050,0.08,2.44,0.06,3.01,0.85,11.69
8055,0.08,2.44,0.06,3.01,0.85,11.69
8060,0.08,2.44,0.06,3.01,0.85,11.69
8065,0.08,2.44,0.06,3.01,0.85,11.69
8070,0.08,2.44,0.06,3.01,0.85,11.69
8075,0.08,2.44,0.06,3.01,0.85,11.69
8080,0.08,2.44,0.06,3.01,0.85,11.69
8085,0.08,2.44,0.06,3.01,0.85,11.69
8090,0.08,2.44,0.06,3.01,0.85,11.69
8095,0.08,2.44,0.06,3.01,0.85,11.69
8100,0.08,2.44,0.06,3.01,0.85,11.69
8105,0.08,2.44,0.06,3.01,0.85,11.69
8110,0.08,2.44,0.06,3.01,0.85,11.69
8115,0.08,2.44,0.06,3.01,0.85,11.69
8120,0.08,2.44,0.06,3.01,0.85,11.69
8125,0.08,2.44,0.06,3.01,0.85,11.69
8130,0.08,2.44,0.06,3.01,0.85,11.69
8135,0.08,2.44,0.06,3.01,0.85,11.69
8140,0.08,2.44,0.06,3.01,0.85,11.69
8145,0.08,2.44,0.06,3.01,0.85,11.69
8150,0.08,2.44,0.06,3.01,0.85,11.69
8155,0.08,2.44,0.06,3.01,0.85,11.69
8160,0.08,2.44,0.06,3.01,0.85,11.69
8165,0.08,2.44,0.06,3.01,0.85,11.69
8170,0.08,2.44,0.06,3.01,0.85,11.69
8175,0.08,2.44,0.06,3.01,0.85,11.69
8180,0.08,2.44,0.06,3.01,0.85,11.69
8185,0.08,2.44,0.06,3.01,0.85,11.69
8190,0.08,2.44,0.06,3.01,0.85,11.69
8195,0.08,2.44,0.06,3.01,0.85,11.69
8200,0.08,2.44,0.06,3.01,0.85,11.69
8205,0.08,2.44,0.06,3.01,0.85,11.69
8210,0.08,2.44,0.06,3.01,0.85,11.69
8215,0.08,2.44,0.06,3.01,0.85,11.69
8220,0.08,2.44,0.06,3.01,0.85,11.69
8225,0.08,2.44,0.06,3.01,0.85,11.69
8230,0.08,2.44,0.06,3.01,0.85,11.69
8235,0.08,2.44,0.06,3.01,0.85,11.69
8240,0.08,2.44,0.06,3.01,0.85,11.69
8245,0.08,2.44,0.06,3.01,0.85,11.69
8250,0.08,2.44,0.06,3.01,0.85,11.69
8255,0.08,2.44,0.06,3.01,0.85,11.69
8260,0.08,2.44,0.06,3.01,0.85,11.69
8265,0.08,2.44,0.06,3.01,0.85,11.69
8270,0.08,2.44,0.06,3.01,0.85,11.69
8275,0.08,2.44,0.06,3.01,0.85,11.69
8280,0.08,2.44,0.06,3.01,0.85,11.69
8285,0.08,2.44,0.06,3.01,0.85,11.69
8290,0.08,2.44,0.06,3.01,0.85,11.69
8295,0.08,2.44,0.06,3.01,0.85,11.69
8300,0.08,2.44,0.06,3.01,0.85,11.69
8305,0.08,2.44,0.06,3.01,0.85,11.69
8310,0.08,2.44,0.06,3.01,0.85,11.69
8315,0.08,2.44,0.06,3.01,0.85,11.69
8320,0.08,2.44,0.06,3.01,0.85,11.69
8325,0.08,2.44,0.06,3.01,0.85,11.69
8330,0.08,2.44,0.06,3.01,0.85,11.69
8335,0.08,2.44,0.06,3.01,0.85,11.69
8340,0.08,2.44,0.06,3.01,0.85,11.69
8345,0.08,2.44,0.06,3.01,0.85,11.69
8350,0.08,2.44,0.06,3.01,0.85,11.69
8355,0.08,2.44,0.06,3.01,0.85,11.69
8360,0.08,2.44,0.06,3.01,0.85,11.69
8365,0.08,2.44,0.06,3.01,0.85,11.69
8370,0.08,2.44,0.06,3.01,0.85,11.69
8375,0.08,2.44,0.06,3.01,0.85,11.69
8380,0.08,2.44,0.06,3.01,0.85,11.69
8385,0.08,2.44,0.06,3.01,0.85,11.69
8390,0.08,2.44,0.06,3.01,0.85,11.69
8395,0.08,2.44,0.06,3.01,0.85,11.69
8400,0.08,2.43,0.05,2.94,0.77,11.71
8405,0.08,2.43,0.05,2.94,0.77,11.71
8410,0.08,2.43,0.05,2.94,0.77,11.71
8415,0.08,2.43,0.05,2.94,0.77,11.71
8420,0.08,2.43,0.05,2.94,0.77,11.71
8425,0.08,2.43,0.05,2.94,0.77,11.71
8430,0.08,2.43,0.05,2.94,0.77,11.71
8435,0.08,2.43,0.05,2.94,0.77,11.71
8440,0.08,2.43,0.05,2.94,0.77,11.71
8445,0.08,2.43,0.05,2.94,0.77,11.71
8450,0.08,2.43,0.05,2.94,0.77,11.71
8455,0.08,2.43,0.05,2.94,0.77,11.71
8460,0.08,2.43,0.05,2.94,0.77,11.71
8465,0.08,2.43,0.05,2.94,0.77,11.71
8470,0.08,2.43,0.05,2.94,0.77,11.71
8475,0.08,2.43,0.05,2.94,0.77,11.71
8480,0.08,2.43,0.05,2.94,0.77,11.71
8485,0.08,2.43,0.05,2.94,0.77,11.71
8490,0.08,2.43,0.05,2.94,0.77,11.71
8495,0.08,2.43,0.05,2.94,0.77,11.71
8500,0.08,2.43,0.05,2.94,0.77,11.71
8505,0.08,2.43,0.05,2.94,0.77,11.71
8510,0.08,2.43,0.05,2.94,0.77,11.71
8515,0.08,2.43,0.05,2.94,0.77,11.71
8520,0.08,2.43,0.05,2.94,0.77,11.71
8525,0.08,2.43,0.05,2.94,0.77,11.71
8530,0.08,2.43,0.05,2.94,0.77,11.71
8535,0.08,2.43,0.05,2.94,0.77,11.71
8540,0.08,2.43,0.05,2.94,0.77,11.71
8545,0.08,2.43,0.05,2.94,0.77,11.71
8550,0.08,2.43,0.05,2.94,0.77,11.71
8555,0.08,2.43,0.05,2.94,0.77,11.71
8560,0.08,2.43,0.05,2.94,0.77,11.71
8565,0.08,2.43,0.05,2.94,0.77,11.71
8570,0.08,2.43,0.05,2.94,0.77,11.71
8575,0.08,2.43,0.05,2.94,0.77,11.71
8580,0.08,2.43,0.05,2.94,0.77,11.71
8585,0.08,2.43,0.05,2.94,0.77,11.71
8590,0.08,2.43,0.05,2.94,0.77,11.71
8595,0.08,2.43,0.05,2.94,0.77,11.71
8600,0.08,2.43,0.05,2.94,0.77,11.71
8605,0.08,2.43,0.05,2.94,0.77,11.71
8610,0.08,2.43,0.05,2.94,0.77,11.71
8615,0.08,2.43,0.05,2.94,0.77,11.71
8620,0.08,2.43,0.05,2.94,0.77,11.71
8625,0.08,2.43,0.05,2.94,0.77,11.71
8630,0.08,2.43,0.05,2.94,0.77,11.71
8635,0.08,2.43,0.05,2.94,0.77,11.71
8640,0.08,2.43,0.05,2.94,0.77,11.71
8645,0.08,2.43,0.05,2.94,0.77,11.71
8650,0.08,2.43,0.05,2.94,0.77,11.71
8655,0.08,2.43,0.05,2.94,0.77,11.71
8660,0.08,2.43,0.05,2.94,0.77,11.71
8665,0.08,2.43,0.05,2.94,0.77,11.71
8670,0.08,2.43,0.05,2.94,0.77,11.71
8675,0.08,2.43,0.05,2.94,0.77,11.71
8680,0.08,2.43,0.05,2.94,0.77,11.71
8685,0.08,2.43,0.05,2.94,0.77,11.71
8690,0.08,2.43,0.05,2.94,0.77,11.71
8695,0.08,2.43,0.05,2.94,0.77,11.71
8700,0.08,2.43,0.05,2.94,0.77,11.71
8705,0.08,2.43,0.05,2.94,0.77,11.71
8710,0.08,2.43,0.05,2.94,0.77,11.71
8715,0.08,2.43,0.05,2.94,0.77,11.71
8720,0.08,2.43,0.05,2.94,0.77,11.71
8725,0.08,2.43,0.05,2.94,0.77,11.71
8730,0.08,2.43,0.05,2.94,0.77,11.71
8735,0.08,2.43,0.05,2.94,0.77,11.71
8740,0.08,2.43,0.05,2.94,0.77,11.71
8745,0.08,2.43,0.05,2.94,0.77,11.71
8750,0.08,2.43,0.05,2.94,0.77,11.71
8755,0.08,2.43,0.05,2.94,0.77,11.71
8760,0.08,2.43,0.05,2.94,0.77,11.71
8765,0.08,2.43,0.05,2.94,0.77,11.71
8770,0.08,2.43,0.05,2.94,0.77,11.71
8775,0.08,2.43,0.05,2.94,0.77,11.71
8780,0.08,2.43,0.05,2.94,0.77,11.71
8785,0.08,2.43,0.05,2.94,0.77,11.71
8790,0.08,2.43,0.05,2.94,0.77,11.71
8795,0.08,2.43,0.05,2.94,0.77,11.71
8800,0.08,2.43,0.05,2.94,0.77,11.71
8805,0.08,2.43,0.05,2.94,0.77,11.71
8810,0.08,2.43,0.05,2.94,0.77,11.71
8815,0.08,2.43,0.05,2.94,0.77,11.71
8820,0.08,2.43,0.05,2.94,0.77,11.71
8825,0.08,2.43,0.05,2.94,0.77,11.71
8830,0.08,2.43,0.05,2.94,0.77,11.71
8835,0.08,2.43,0.05,2.94,0.77,11.71
8840,0.08,2.43,0.05,2.94,0.77,11.71
8845,0.08,2.43,0.05,2.94,0.77,11.71
8850,0.08,2.43,0.05,2.94,0.77,11.71
8855,0.08,2.43,0.05,2.94,0.77,11.71
8860,0.08,2.43,0.05,2.94,0.77,11.71
8865,0.08,2.43,0.05,2.94,0.77,11.71
8870,0.08,2.43,0.05,2.94,0.77,11.71
8875,0.08,2.43,0.05,2.94,0.77,11.71
8880,0.08,2.43,0.05,2.94,0.77,11.71
8885,0.08,2.43,0.05,2.94,0.77,11.71
8890,0.08,2.43,0.05,2.94,0.77,11.71
8895,0.08,2.43,0.05,2.94,0.77,11.71
8900,0.08,2.43,0.05,2.94,0.77,11.71
8905,0.08,2.43,0.05,2.94,0.77,11.71
8910,0.08,2.43,0.05,2.94,0.77,11.71
8915,0.08,2.43,0.05,2.94,0.77,11.71
8920,0.08,2.43,0.05,2.94,0.77,11.71
8925,0.08,2.43,0.05,2.94,0.77,11.71
8930,0.08,2.43,0.05,2.94,0.77,11.71
8935,0.08,2.43,0.05,2.94,0.77,11.71
8940,0.08,2.43,0.05,2.94,0.77,11.71
8945,0.08,2.43,0.05,2.94,0.77,11.71
8950,0.08,2.43,0.05,2.94,0.77,11.71
8955,0.08,2.43,0.05,2.94,0.77,11.71
8960,0.08,2.43,0.05,2.94,0.77,11.71
8965,0.08,2.43,0.05,2.94,0.77,11.71
8970,0.08,2.43,0.05,2.94,0.77,11.71
8975,0.08,2.43,0.05,2.94,0.77,11.71
8980,0.08,2.43,0.05,2.94,0.77,11.71
8985,0.08,2.43,0.05,2.94,0.77,11.71
8990,0.08,2.43,0.05,2.94,0.77,11.71
8995,0.08,2.43,0.05,2.94,0.77,11.71
9000,0.08,2.18,0.05,2.79,0.73,11.32
9005,0.08,2.18,0.05,2.79,0.73,11.32
9010,0.08,2.18,0.05,2.79,0.73,11.32
9015,0.08,2.18,0.05,2.79,0.73,11.32
9020,0.08,2.18,0.05,2.79,0.73,11.32
9025,0.08,2.18,0.05,2.79,0.73,11.32
9030,0.08,2.18,0.05,2.79,0.73,11.32
9035,0.08,2.18,0.05,2.79,0.73,11.32
9040,0.08,2.18,0.05,2.79,0.73,11.32
9045,0.08,2.18,0.05,2.79,0.73,11.32
9050,0.08,2.18,0.05,2.79,0.73,11.32
9055,0.08,2.18,0.05,2.79,0.73,11.32
9060,0.08,2.18,0.05,2.79,0.73,11.32
9065,0.08,2.18,0.05,2.79,0.73,11.32
9070,0.08,2.18,0.05,2.79,0.73,11.32
9075,0.08,2.18,0.05,2.79,0.73,11.32
9080,0.08,2.18,0.05,2.79,0.73,11.32
9085,0.08,2.18,0.05,2.79,0.73,11.32
